"function evaluation" "best-so-far f(x)"
1 -3.50000e+01
43 -3.30000e+01
91 -3.20000e+01
152 -3.10000e+01
161 -3.00000e+01
168 -2.90000e+01
240 -2.80000e+01
250 -2.70000e+01
269 -2.60000e+01
347 -2.50000e+01
373 -2.40000e+01
384 -2.30000e+01
391 -2.20000e+01
423 -2.10000e+01
434 -2.00000e+01
454 -1.90000e+01
510 -1.80000e+01
517 -1.70000e+01
588 -1.60000e+01
609 -1.50000e+01
814 -1.40000e+01
837 -1.30000e+01
883 -1.20000e+01
973 -1.10000e+01
1019 -1.00000e+01
1047 -9.00000e+00
1131 -8.00000e+00
1164 -7.00000e+00
1220 -6.00000e+00
1253 -5.00000e+00
1307 -4.00000e+00
1315 -3.00000e+00
1460 -2.00000e+00
1530 -1.00000e+00
1706 +3.25000e+02
1865 +3.26000e+02
1878 +3.57000e+02
2253 +3.59000e+02
2443 +3.63000e+02
2478 +3.71000e+02
2507 +3.78000e+02
2783 +3.89000e+02
3041 +3.94000e+02
3225 +4.01000e+02
3967 +4.05000e+02
5016 +4.09000e+02
5309 +4.14000e+02
6965 +4.16000e+02
7392 +4.18000e+02
9913 +4.20000e+02
16499 +4.23000e+02
30412 +4.24000e+02
31821 +4.25000e+02
33380 +4.27000e+02
36697 +4.28000e+02
41490 +4.30000e+02
50710 +4.31000e+02
63077 +4.32000e+02
86737 +4.33000e+02
99991 +4.33000e+02
"function evaluation" "best-so-far f(x)"
1 -3.50000e+01
4 -3.40000e+01
20 -3.30000e+01
42 -3.20000e+01
67 -3.10000e+01
92 -3.00000e+01
114 -2.90000e+01
134 -2.80000e+01
189 -2.70000e+01
210 -2.60000e+01
235 -2.50000e+01
245 -2.40000e+01
295 -2.30000e+01
300 -2.20000e+01
315 -2.10000e+01
328 -2.00000e+01
377 -1.90000e+01
415 -1.80000e+01
550 -1.70000e+01
689 -1.60000e+01
697 -1.50000e+01
769 -1.40000e+01
839 -1.30000e+01
874 -1.20000e+01
950 -1.10000e+01
1025 -1.00000e+01
1091 -9.00000e+00
1094 -8.00000e+00
1313 -7.00000e+00
1363 -6.00000e+00
1431 -5.00000e+00
1831 -4.00000e+00
2210 -3.00000e+00
2298 -2.00000e+00
2482 -1.00000e+00
2533 +3.33000e+02
2587 +3.35000e+02
2649 +3.48000e+02
2680 +3.58000e+02
2746 +3.66000e+02
2814 +3.79000e+02
3405 +3.83000e+02
3896 +3.84000e+02
4098 +3.93000e+02
4768 +3.97000e+02
4793 +4.03000e+02
5322 +4.06000e+02
6424 +4.11000e+02
6644 +4.12000e+02
8283 +4.14000e+02
9271 +4.25000e+02
10555 +4.26000e+02
16772 +4.32000e+02
27804 +4.34000e+02
75862 +4.35000e+02
99991 +4.35000e+02
"function evaluation" "best-so-far f(x)"
1 -3.50000e+01
38 -3.40000e+01
90 -3.30000e+01
135 -3.20000e+01
175 -3.10000e+01
203 -2.90000e+01
245 -2.80000e+01
259 -2.70000e+01
273 -2.60000e+01
366 -2.50000e+01
381 -2.40000e+01
433 -2.30000e+01
536 -2.20000e+01
624 -2.10000e+01
650 -1.90000e+01
740 -1.70000e+01
775 -1.60000e+01
954 -1.50000e+01
1001 -1.40000e+01
1083 -1.30000e+01
1085 -1.20000e+01
1114 -1.10000e+01
1128 -1.00000e+01
1151 -9.00000e+00
1199 -8.00000e+00
1312 -7.00000e+00
1325 -6.00000e+00
1525 -5.00000e+00
1591 -4.00000e+00
1614 -3.00000e+00
1690 -2.00000e+00
1739 -1.00000e+00
1754 +3.51000e+02
1765 +3.75000e+02
2840 +3.96000e+02
3788 +4.07000e+02
4379 +4.10000e+02
5673 +4.11000e+02
6361 +4.12000e+02
6926 +4.17000e+02
9050 +4.20000e+02
12725 +4.21000e+02
15867 +4.23000e+02
17618 +4.24000e+02
21907 +4.26000e+02
21929 +4.30000e+02
39134 +4.31000e+02
57331 +4.32000e+02
82856 +4.33000e+02
90156 +4.34000e+02
99991 +4.34000e+02
"function evaluation" "best-so-far f(x)"
1 -3.50000e+01
51 -3.40000e+01
195 -3.30000e+01
227 -3.20000e+01
281 -3.10000e+01
299 -3.00000e+01
328 -2.90000e+01
392 -2.80000e+01
467 -2.70000e+01
492 -2.60000e+01
515 -2.50000e+01
530 -2.40000e+01
537 -2.30000e+01
556 -2.20000e+01
567 -2.10000e+01
596 -2.00000e+01
725 -1.90000e+01
772 -1.80000e+01
826 -1.70000e+01
870 -1.60000e+01
911 -1.50000e+01
936 -1.40000e+01
974 -1.30000e+01
1017 -1.20000e+01
1116 -1.10000e+01
1152 -1.00000e+01
1171 -9.00000e+00
1214 -8.00000e+00
1681 -6.00000e+00
1996 -5.00000e+00
2025 -4.00000e+00
2041 -3.00000e+00
2354 -2.00000e+00
2761 -1.00000e+00
2986 +3.57000e+02
3243 +3.70000e+02
3342 +3.84000e+02
3820 +3.94000e+02
3883 +3.96000e+02
3893 +4.00000e+02
4202 +4.01000e+02
5545 +4.03000e+02
5741 +4.10000e+02
7769 +4.14000e+02
8084 +4.15000e+02
8204 +4.18000e+02
11094 +4.20000e+02
11256 +4.23000e+02
11881 +4.25000e+02
32837 +4.27000e+02
37098 +4.29000e+02
50010 +4.30000e+02
66973 +4.31000e+02
68634 +4.33000e+02
99991 +4.33000e+02
"function evaluation" "best-so-far f(x)"
1 -3.50000e+01
25 -3.40000e+01
30 -3.20000e+01
40 -3.10000e+01
96 -3.00000e+01
107 -2.90000e+01
113 -2.70000e+01
143 -2.60000e+01
161 -2.50000e+01
200 -2.40000e+01
266 -2.30000e+01
276 -2.20000e+01
329 -2.10000e+01
407 -2.00000e+01
430 -1.90000e+01
468 -1.80000e+01
503 -1.70000e+01
553 -1.60000e+01
677 -1.50000e+01
761 -1.40000e+01
819 -1.30000e+01
858 -1.20000e+01
912 -1.10000e+01
980 -1.00000e+01
1032 -8.00000e+00
1057 -7.00000e+00
1079 -6.00000e+00
1111 -5.00000e+00
1127 -4.00000e+00
1145 -2.00000e+00
1312 -1.00000e+00
1542 +3.43000e+02
1552 +3.46000e+02
1596 +3.66000e+02
1661 +3.70000e+02
1840 +3.76000e+02
2030 +3.87000e+02
2447 +4.02000e+02
2625 +4.03000e+02
3432 +4.09000e+02
4146 +4.12000e+02
4222 +4.13000e+02
6615 +4.15000e+02
7512 +4.17000e+02
7527 +4.20000e+02
7874 +4.21000e+02
8524 +4.23000e+02
9152 +4.26000e+02
14195 +4.27000e+02
19380 +4.28000e+02
19692 +4.30000e+02
90925 +4.32000e+02
99991 +4.32000e+02
"function evaluation" "best-so-far f(x)"
1 -3.50000e+01
42 -3.40000e+01
79 -3.30000e+01
102 -3.20000e+01
121 -3.10000e+01
167 -3.00000e+01
174 -2.90000e+01
260 -2.80000e+01
346 -2.70000e+01
402 -2.60000e+01
409 -2.50000e+01
436 -2.40000e+01
443 -2.30000e+01
452 -2.20000e+01
476 -2.00000e+01
523 -1.90000e+01
614 -1.80000e+01
642 -1.70000e+01
760 -1.60000e+01
780 -1.50000e+01
810 -1.40000e+01
842 -1.30000e+01
858 -1.20000e+01
886 -1.10000e+01
908 -1.00000e+01
916 -9.00000e+00
934 -8.00000e+00
954 -7.00000e+00
1022 -6.00000e+00
1144 -5.00000e+00
1167 -4.00000e+00
1172 -3.00000e+00
1520 -2.00000e+00
1564 -1.00000e+00
1578 +3.39000e+02
1694 +3.68000e+02
1696 +3.72000e+02
1709 +3.79000e+02
1877 +3.82000e+02
2031 +3.86000e+02
2103 +3.87000e+02
2179 +3.89000e+02
2199 +3.96000e+02
2900 +4.03000e+02
3805 +4.05000e+02
3840 +4.10000e+02
4304 +4.14000e+02
5022 +4.16000e+02
5314 +4.20000e+02
6308 +4.21000e+02
6939 +4.23000e+02
12615 +4.25000e+02
13846 +4.26000e+02
19625 +4.27000e+02
22261 +4.29000e+02
60547 +4.31000e+02
99991 +4.31000e+02
"function evaluation" "best-so-far f(x)"
1 -3.50000e+01
5 -3.40000e+01
15 -3.30000e+01
49 -3.20000e+01
164 -3.10000e+01
171 -3.00000e+01
178 -2.90000e+01
216 -2.80000e+01
269 -2.70000e+01
281 -2.60000e+01
285 -2.50000e+01
327 -2.40000e+01
433 -2.30000e+01
550 -2.00000e+01
559 -1.90000e+01
590 -1.80000e+01
627 -1.70000e+01
690 -1.60000e+01
756 -1.50000e+01
785 -1.40000e+01
813 -1.30000e+01
869 -1.20000e+01
882 -1.10000e+01
929 -1.00000e+01
993 -9.00000e+00
1104 -8.00000e+00
1148 -7.00000e+00
1302 -6.00000e+00
1354 -5.00000e+00
1389 -4.00000e+00
1399 -3.00000e+00
1528 -2.00000e+00
1618 -1.00000e+00
1678 +3.36000e+02
1884 +3.64000e+02
2020 +3.70000e+02
2117 +3.84000e+02
2122 +3.90000e+02
2600 +3.95000e+02
3155 +3.99000e+02
3684 +4.00000e+02
3803 +4.01000e+02
5793 +4.05000e+02
6375 +4.07000e+02
6458 +4.08000e+02
10171 +4.23000e+02
16743 +4.25000e+02
18205 +4.28000e+02
55874 +4.29000e+02
88862 +4.30000e+02
99991 +4.30000e+02
"function evaluation" "best-so-far f(x)"
1 -3.50000e+01
13 -3.40000e+01
42 -3.30000e+01
64 -3.20000e+01
92 -3.10000e+01
142 -3.00000e+01
227 -2.90000e+01
269 -2.80000e+01
288 -2.70000e+01
360 -2.60000e+01
380 -2.50000e+01
397 -2.40000e+01
448 -2.30000e+01
472 -2.20000e+01
491 -2.10000e+01
532 -2.00000e+01
570 -1.90000e+01
624 -1.80000e+01
630 -1.70000e+01
673 -1.60000e+01
705 -1.50000e+01
737 -1.40000e+01
829 -1.30000e+01
894 -1.20000e+01
908 -1.10000e+01
936 -1.00000e+01
1035 -9.00000e+00
1203 -8.00000e+00
1231 -7.00000e+00
1289 -6.00000e+00
1354 -5.00000e+00
1394 -4.00000e+00
1417 -3.00000e+00
1609 -2.00000e+00
1830 -1.00000e+00
1953 +3.22000e+02
2116 +3.24000e+02
2187 +3.27000e+02
2442 +3.53000e+02
2770 +3.62000e+02
2785 +3.65000e+02
3602 +3.67000e+02
3877 +3.73000e+02
4415 +3.87000e+02
4605 +3.90000e+02
4705 +3.92000e+02
5263 +3.93000e+02
6449 +4.04000e+02
7751 +4.05000e+02
8817 +4.12000e+02
13561 +4.13000e+02
13804 +4.15000e+02
14049 +4.18000e+02
14746 +4.22000e+02
17392 +4.23000e+02
19784 +4.24000e+02
25508 +4.26000e+02
48103 +4.28000e+02
79396 +4.29000e+02
85710 +4.31000e+02
99991 +4.31000e+02
"function evaluation" "best-so-far f(x)"
1 -3.50000e+01
26 -3.40000e+01
64 -3.30000e+01
73 -3.20000e+01
88 -3.10000e+01
149 -3.00000e+01
181 -2.90000e+01
216 -2.80000e+01
227 -2.70000e+01
244 -2.60000e+01
250 -2.50000e+01
281 -2.40000e+01
301 -2.30000e+01
317 -2.20000e+01
326 -2.00000e+01
377 -1.90000e+01
438 -1.80000e+01
441 -1.70000e+01
463 -1.60000e+01
566 -1.50000e+01
613 -1.40000e+01
709 -1.30000e+01
728 -1.20000e+01
799 -1.10000e+01
847 -1.00000e+01
885 -9.00000e+00
984 -8.00000e+00
991 -7.00000e+00
1047 -6.00000e+00
1140 -5.00000e+00
1176 -4.00000e+00
1233 -3.00000e+00
1299 -2.00000e+00
1313 -1.00000e+00
1352 +3.24000e+02
1817 +3.28000e+02
2042 +3.32000e+02
2100 +3.46000e+02
2103 +3.47000e+02
2205 +3.59000e+02
2455 +3.72000e+02
3157 +3.89000e+02
3169 +3.96000e+02
3332 +4.05000e+02
3407 +4.07000e+02
4082 +4.11000e+02
6010 +4.13000e+02
6714 +4.14000e+02
7304 +4.16000e+02
7583 +4.21000e+02
8985 +4.22000e+02
13753 +4.23000e+02
15806 +4.25000e+02
17576 +4.27000e+02
17844 +4.28000e+02
21936 +4.29000e+02
34916 +4.30000e+02
37222 +4.31000e+02
37662 +4.32000e+02
57452 +4.33000e+02
63517 +4.35000e+02
94760 +4.36000e+02
99991 +4.36000e+02
"function evaluation" "best-so-far f(x)"
1 -3.50000e+01
49 -3.40000e+01
56 -3.30000e+01
161 -3.20000e+01
203 -3.10000e+01
225 -3.00000e+01
242 -2.90000e+01
286 -2.80000e+01
320 -2.70000e+01
339 -2.60000e+01
347 -2.50000e+01
498 -2.40000e+01
531 -2.30000e+01
659 -2.20000e+01
718 -2.10000e+01
733 -2.00000e+01
857 -1.90000e+01
912 -1.80000e+01
967 -1.70000e+01
976 -1.60000e+01
1005 -1.50000e+01
1024 -1.40000e+01
1182 -1.30000e+01
1425 -1.20000e+01
1562 -1.10000e+01
1620 -1.00000e+01
1674 -9.00000e+00
1727 -8.00000e+00
1762 -7.00000e+00
1914 -6.00000e+00
1949 -5.00000e+00
2148 -4.00000e+00
2187 -3.00000e+00
2277 -2.00000e+00
2557 -1.00000e+00
2688 +3.38000e+02
2759 +3.60000e+02
2881 +3.68000e+02
3036 +3.70000e+02
3449 +3.72000e+02
3937 +3.77000e+02
4257 +3.79000e+02
4313 +3.94000e+02
4633 +3.96000e+02
4771 +4.02000e+02
6607 +4.09000e+02
7334 +4.12000e+02
11221 +4.13000e+02
15627 +4.18000e+02
28740 +4.20000e+02
31522 +4.21000e+02
43927 +4.22000e+02
68405 +4.23000e+02
70601 +4.26000e+02
91392 +4.27000e+02
92841 +4.32000e+02
99991 +4.32000e+02
"function evaluation" "best-so-far f(x)"
1 -3.50000e+01
18 -3.40000e+01
95 -3.20000e+01
107 -3.10000e+01
144 -3.00000e+01
171 -2.90000e+01
234 -2.80000e+01
295 -2.70000e+01
313 -2.60000e+01
342 -2.50000e+01
353 -2.40000e+01
395 -2.20000e+01
399 -2.10000e+01
440 -2.00000e+01
451 -1.90000e+01
505 -1.80000e+01
518 -1.70000e+01
574 -1.60000e+01
610 -1.50000e+01
628 -1.40000e+01
669 -1.30000e+01
697 -1.20000e+01
827 -1.10000e+01
882 -1.00000e+01
957 -9.00000e+00
977 -8.00000e+00
982 -7.00000e+00
1059 -6.00000e+00
1061 -5.00000e+00
1082 -4.00000e+00
1226 -3.00000e+00
1330 -2.00000e+00
1604 -1.00000e+00
1614 +3.36000e+02
1650 +3.51000e+02
1698 +3.65000e+02
1815 +3.70000e+02
2399 +3.71000e+02
2984 +3.79000e+02
3080 +3.85000e+02
3229 +3.86000e+02
3419 +3.97000e+02
3454 +3.98000e+02
3550 +3.99000e+02
4030 +4.03000e+02
4060 +4.11000e+02
4870 +4.13000e+02
5075 +4.15000e+02
7713 +4.18000e+02
7979 +4.19000e+02
10416 +4.20000e+02
12795 +4.21000e+02
24140 +4.22000e+02
24948 +4.23000e+02
26807 +4.25000e+02
29137 +4.26000e+02
31157 +4.27000e+02
37802 +4.30000e+02
44168 +4.31000e+02
57820 +4.34000e+02
93014 +4.36000e+02
99991 +4.36000e+02
"function evaluation" "best-so-far f(x)"
1 -3.50000e+01
8 -3.40000e+01
99 -3.30000e+01
126 -3.10000e+01
128 -3.00000e+01
182 -2.90000e+01
222 -2.80000e+01
252 -2.70000e+01
268 -2.60000e+01
297 -2.50000e+01
302 -2.40000e+01
321 -2.30000e+01
334 -2.20000e+01
409 -2.10000e+01
483 -2.00000e+01
524 -1.90000e+01
541 -1.80000e+01
624 -1.70000e+01
656 -1.60000e+01
785 -1.50000e+01
836 -1.40000e+01
887 -1.30000e+01
908 -1.20000e+01
931 -1.10000e+01
1002 -1.00000e+01
1132 -9.00000e+00
1213 -8.00000e+00
1313 -7.00000e+00
1328 -6.00000e+00
1398 -5.00000e+00
1521 -4.00000e+00
1638 -3.00000e+00
1684 -2.00000e+00
1718 -1.00000e+00
1765 +3.33000e+02
1904 +3.36000e+02
2035 +3.54000e+02
2297 +3.66000e+02
2768 +3.68000e+02
3085 +3.77000e+02
3732 +3.78000e+02
3827 +3.95000e+02
3850 +3.99000e+02
3928 +4.02000e+02
4427 +4.05000e+02
4482 +4.08000e+02
5024 +4.11000e+02
7363 +4.13000e+02
7971 +4.18000e+02
12290 +4.19000e+02
12596 +4.20000e+02
13012 +4.21000e+02
14379 +4.22000e+02
15052 +4.27000e+02
15950 +4.28000e+02
16758 +4.29000e+02
44856 +4.30000e+02
56005 +4.33000e+02
93868 +4.35000e+02
99991 +4.35000e+02
"function evaluation" "best-so-far f(x)"
1 -3.50000e+01
13 -3.40000e+01
88 -3.30000e+01
92 -3.20000e+01
111 -3.10000e+01
128 -3.00000e+01
155 -2.90000e+01
167 -2.80000e+01
204 -2.70000e+01
208 -2.60000e+01
219 -2.50000e+01
322 -2.40000e+01
465 -2.30000e+01
533 -2.20000e+01
577 -2.10000e+01
666 -2.00000e+01
700 -1.90000e+01
716 -1.80000e+01
762 -1.70000e+01
861 -1.60000e+01
887 -1.50000e+01
922 -1.40000e+01
931 -1.30000e+01
977 -1.20000e+01
1008 -1.10000e+01
1013 -1.00000e+01
1019 -9.00000e+00
1031 -8.00000e+00
1068 -7.00000e+00
1088 -6.00000e+00
1184 -5.00000e+00
1263 -4.00000e+00
1352 -3.00000e+00
1455 -2.00000e+00
1519 -1.00000e+00
1690 +3.56000e+02
1794 +3.58000e+02
1868 +3.60000e+02
1949 +3.81000e+02
2567 +3.84000e+02
2762 +3.86000e+02
3040 +3.88000e+02
3060 +3.98000e+02
3200 +3.99000e+02
3261 +4.02000e+02
4116 +4.06000e+02
6212 +4.13000e+02
6806 +4.22000e+02
7447 +4.27000e+02
8314 +4.28000e+02
13277 +4.30000e+02
15089 +4.33000e+02
27178 +4.34000e+02
38159 +4.37000e+02
99991 +4.37000e+02
"function evaluation" "best-so-far f(x)"
1 -3.50000e+01
16 -3.40000e+01
53 -3.30000e+01
67 -3.20000e+01
77 -3.10000e+01
100 -2.90000e+01
127 -2.80000e+01
153 -2.70000e+01
212 -2.60000e+01
223 -2.50000e+01
258 -2.40000e+01
298 -2.30000e+01
358 -2.20000e+01
411 -2.10000e+01
451 -2.00000e+01
550 -1.90000e+01
556 -1.80000e+01
609 -1.70000e+01
630 -1.60000e+01
672 -1.50000e+01
695 -1.40000e+01
788 -1.30000e+01
815 -1.20000e+01
852 -1.10000e+01
866 -1.00000e+01
967 -9.00000e+00
1015 -8.00000e+00
1079 -7.00000e+00
1222 -6.00000e+00
1241 -5.00000e+00
1333 -4.00000e+00
1400 -3.00000e+00
1496 -2.00000e+00
1574 -1.00000e+00
1635 +3.24000e+02
1751 +3.31000e+02
2055 +3.58000e+02
2090 +3.59000e+02
2094 +3.73000e+02
2142 +3.92000e+02
2262 +4.03000e+02
2604 +4.05000e+02
2629 +4.12000e+02
2873 +4.13000e+02
4057 +4.17000e+02
8182 +4.19000e+02
8395 +4.23000e+02
15716 +4.24000e+02
22284 +4.27000e+02
28059 +4.28000e+02
30243 +4.29000e+02
39333 +4.31000e+02
81163 +4.33000e+02
82589 +4.36000e+02
99991 +4.36000e+02
"function evaluation" "best-so-far f(x)"
1 -3.50000e+01
69 -3.40000e+01
86 -3.30000e+01
118 -3.20000e+01
144 -3.10000e+01
170 -3.00000e+01
271 -2.90000e+01
327 -2.80000e+01
378 -2.70000e+01
385 -2.60000e+01
407 -2.50000e+01
435 -2.40000e+01
462 -2.30000e+01
527 -2.20000e+01
529 -2.10000e+01
559 -2.00000e+01
574 -1.90000e+01
641 -1.80000e+01
672 -1.70000e+01
699 -1.60000e+01
747 -1.50000e+01
768 -1.40000e+01
889 -1.30000e+01
898 -1.20000e+01
1026 -1.10000e+01
1081 -1.00000e+01
1177 -9.00000e+00
1239 -8.00000e+00
1252 -7.00000e+00
1338 -6.00000e+00
1445 -5.00000e+00
1496 -4.00000e+00
1528 -3.00000e+00
1596 -2.00000e+00
1614 -1.00000e+00
1768 +3.52000e+02
1809 +3.62000e+02
1920 +3.63000e+02
2190 +3.64000e+02
2434 +3.80000e+02
2567 +3.87000e+02
2658 +3.90000e+02
3386 +3.95000e+02
4284 +3.99000e+02
5107 +4.03000e+02
5325 +4.07000e+02
6670 +4.10000e+02
7410 +4.12000e+02
8111 +4.13000e+02
8239 +4.16000e+02
9881 +4.20000e+02
10631 +4.24000e+02
12627 +4.25000e+02
12646 +4.28000e+02
12787 +4.29000e+02
14236 +4.30000e+02
40413 +4.32000e+02
61716 +4.33000e+02
99991 +4.33000e+02
"function evaluation" "best-so-far f(x)"
1 -3.50000e+01
7 -3.40000e+01
74 -3.30000e+01
88 -3.20000e+01
107 -3.10000e+01
108 -3.00000e+01
123 -2.90000e+01
138 -2.80000e+01
176 -2.70000e+01
207 -2.60000e+01
287 -2.50000e+01
379 -2.40000e+01
442 -2.30000e+01
470 -2.20000e+01
482 -2.10000e+01
497 -2.00000e+01
521 -1.90000e+01
553 -1.80000e+01
658 -1.70000e+01
755 -1.60000e+01
768 -1.50000e+01
857 -1.40000e+01
892 -1.20000e+01
916 -1.10000e+01
1161 -1.00000e+01
1191 -9.00000e+00
1206 -8.00000e+00
1271 -7.00000e+00
1356 -6.00000e+00
1490 -5.00000e+00
1633 -4.00000e+00
1775 -3.00000e+00
1832 -2.00000e+00
1940 -1.00000e+00
2007 +3.33000e+02
2285 +3.37000e+02
2294 +3.68000e+02
2442 +3.72000e+02
2570 +3.80000e+02
2739 +3.90000e+02
2800 +3.98000e+02
3457 +4.01000e+02
3615 +4.03000e+02
3623 +4.07000e+02
5455 +4.08000e+02
5551 +4.10000e+02
6021 +4.17000e+02
7428 +4.19000e+02
13636 +4.21000e+02
16288 +4.22000e+02
21704 +4.25000e+02
33665 +4.26000e+02
38777 +4.28000e+02
66684 +4.30000e+02
67229 +4.31000e+02
99991 +4.31000e+02
"function evaluation" "best-so-far f(x)"
1 -3.50000e+01
33 -3.40000e+01
60 -3.30000e+01
107 -3.20000e+01
117 -3.10000e+01
149 -3.00000e+01
187 -2.90000e+01
276 -2.80000e+01
324 -2.70000e+01
340 -2.60000e+01
364 -2.50000e+01
429 -2.40000e+01
439 -2.30000e+01
445 -2.20000e+01
474 -2.10000e+01
525 -2.00000e+01
548 -1.90000e+01
558 -1.80000e+01
623 -1.70000e+01
673 -1.60000e+01
687 -1.50000e+01
846 -1.40000e+01
921 -1.30000e+01
923 -1.20000e+01
945 -1.10000e+01
1013 -1.00000e+01
1081 -9.00000e+00
1157 -8.00000e+00
1178 -7.00000e+00
1204 -6.00000e+00
1610 -5.00000e+00
1748 -4.00000e+00
1839 -3.00000e+00
1853 -2.00000e+00
1996 -1.00000e+00
2193 +3.43000e+02
2318 +3.65000e+02
2433 +3.66000e+02
2462 +3.68000e+02
3459 +3.85000e+02
3573 +3.92000e+02
3650 +3.96000e+02
3728 +3.97000e+02
4993 +3.98000e+02
5952 +4.01000e+02
6846 +4.02000e+02
7938 +4.05000e+02
8946 +4.08000e+02
9120 +4.12000e+02
10043 +4.15000e+02
12424 +4.19000e+02
14616 +4.20000e+02
14915 +4.25000e+02
17337 +4.26000e+02
20353 +4.27000e+02
31758 +4.28000e+02
53844 +4.29000e+02
64445 +4.30000e+02
65847 +4.32000e+02
91461 +4.34000e+02
99991 +4.34000e+02
"function evaluation" "best-so-far f(x)"
1 -3.50000e+01
47 -3.40000e+01
64 -3.30000e+01
80 -3.20000e+01
108 -3.10000e+01
121 -3.00000e+01
177 -2.90000e+01
186 -2.80000e+01
258 -2.70000e+01
296 -2.60000e+01
310 -2.50000e+01
386 -2.40000e+01
489 -2.30000e+01
527 -2.20000e+01
539 -2.10000e+01
585 -2.00000e+01
608 -1.90000e+01
640 -1.80000e+01
673 -1.70000e+01
686 -1.60000e+01
688 -1.50000e+01
707 -1.40000e+01
781 -1.30000e+01
867 -1.20000e+01
922 -1.10000e+01
960 -1.00000e+01
1001 -9.00000e+00
1196 -8.00000e+00
1245 -7.00000e+00
1327 -6.00000e+00
1366 -5.00000e+00
1421 -4.00000e+00
1524 -3.00000e+00
1558 -2.00000e+00
1660 -1.00000e+00
1939 +3.71000e+02
1978 +3.85000e+02
2147 +3.95000e+02
2334 +4.00000e+02
2609 +4.02000e+02
3749 +4.10000e+02
4051 +4.14000e+02
4747 +4.16000e+02
5650 +4.17000e+02
7074 +4.19000e+02
7590 +4.22000e+02
15051 +4.28000e+02
30461 +4.32000e+02
52122 +4.34000e+02
63828 +4.35000e+02
99991 +4.35000e+02
"function evaluation" "best-so-far f(x)"
1 -3.50000e+01
42 -3.40000e+01
55 -3.30000e+01
71 -3.20000e+01
128 -3.10000e+01
178 -3.00000e+01
214 -2.90000e+01
240 -2.80000e+01
255 -2.70000e+01
286 -2.60000e+01
310 -2.50000e+01
316 -2.40000e+01
347 -2.20000e+01
377 -2.10000e+01
469 -2.00000e+01
515 -1.90000e+01
535 -1.80000e+01
542 -1.70000e+01
612 -1.60000e+01
618 -1.50000e+01
700 -1.40000e+01
730 -1.30000e+01
795 -1.20000e+01
825 -1.10000e+01
843 -1.00000e+01
858 -9.00000e+00
883 -8.00000e+00
884 -7.00000e+00
903 -6.00000e+00
925 -5.00000e+00
991 -4.00000e+00
1006 -3.00000e+00
1056 -2.00000e+00
1203 -1.00000e+00
1420 +3.73000e+02
1639 +3.80000e+02
1737 +3.86000e+02
1910 +3.98000e+02
3189 +4.02000e+02
3601 +4.06000e+02
4438 +4.07000e+02
6031 +4.11000e+02
6158 +4.12000e+02
6361 +4.15000e+02
7269 +4.16000e+02
8295 +4.18000e+02
10228 +4.19000e+02
10580 +4.21000e+02
16468 +4.24000e+02
24174 +4.25000e+02
25997 +4.27000e+02
42847 +4.28000e+02
48223 +4.32000e+02
99991 +4.32000e+02
"function evaluation" "best-so-far f(x)"
1 -3.50000e+01
3 -3.40000e+01
18 -3.30000e+01
42 -3.20000e+01
76 -3.10000e+01
195 -3.00000e+01
218 -2.90000e+01
242 -2.80000e+01
301 -2.70000e+01
308 -2.60000e+01
373 -2.50000e+01
396 -2.40000e+01
524 -2.30000e+01
541 -2.20000e+01
599 -2.10000e+01
617 -2.00000e+01
671 -1.90000e+01
715 -1.80000e+01
755 -1.70000e+01
757 -1.50000e+01
807 -1.40000e+01
924 -1.30000e+01
1031 -1.20000e+01
1044 -1.10000e+01
1230 -1.00000e+01
1277 -9.00000e+00
1444 -8.00000e+00
1512 -7.00000e+00
1605 -6.00000e+00
1613 -5.00000e+00
1627 -4.00000e+00
1702 -3.00000e+00
1712 -2.00000e+00
1799 -1.00000e+00
1937 +3.52000e+02
2142 +3.63000e+02
2183 +3.73000e+02
2304 +3.91000e+02
2446 +4.02000e+02
2460 +4.07000e+02
2811 +4.10000e+02
4380 +4.13000e+02
7234 +4.16000e+02
7925 +4.17000e+02
9863 +4.21000e+02
10047 +4.23000e+02
19699 +4.26000e+02
27577 +4.27000e+02
29983 +4.28000e+02
40455 +4.29000e+02
42558 +4.32000e+02
61750 +4.33000e+02
70746 +4.34000e+02
86286 +4.35000e+02
93546 +4.36000e+02
99991 +4.36000e+02
"function evaluation" "best-so-far f(x)"
1 -3.50000e+01
15 -3.40000e+01
72 -3.30000e+01
168 -3.20000e+01
178 -3.10000e+01
186 -3.00000e+01
262 -2.90000e+01
282 -2.80000e+01
415 -2.70000e+01
425 -2.60000e+01
440 -2.50000e+01
455 -2.40000e+01
465 -2.30000e+01
532 -2.20000e+01
573 -2.10000e+01
614 -2.00000e+01
671 -1.90000e+01
701 -1.80000e+01
763 -1.70000e+01
780 -1.60000e+01
838 -1.50000e+01
855 -1.40000e+01
946 -1.30000e+01
970 -1.20000e+01
1187 -1.10000e+01
1357 -1.00000e+01
1509 -9.00000e+00
1521 -8.00000e+00
1522 -7.00000e+00
1601 -6.00000e+00
1637 -5.00000e+00
1746 -4.00000e+00
1790 -3.00000e+00
1988 -2.00000e+00
2131 -1.00000e+00
2223 +3.40000e+02
2278 +3.55000e+02
2314 +3.60000e+02
2487 +3.80000e+02
2967 +3.87000e+02
3048 +3.91000e+02
3217 +4.07000e+02
3588 +4.13000e+02
3753 +4.20000e+02
4301 +4.21000e+02
5236 +4.23000e+02
6962 +4.24000e+02
7236 +4.25000e+02
7343 +4.27000e+02
13455 +4.29000e+02
21548 +4.30000e+02
38780 +4.31000e+02
44444 +4.33000e+02
99991 +4.33000e+02
"function evaluation" "best-so-far f(x)"
1 -3.50000e+01
14 -3.40000e+01
69 -3.30000e+01
81 -3.20000e+01
101 -3.10000e+01
156 -3.00000e+01
170 -2.90000e+01
180 -2.80000e+01
214 -2.70000e+01
229 -2.60000e+01
292 -2.50000e+01
308 -2.40000e+01
347 -2.30000e+01
361 -2.20000e+01
392 -2.10000e+01
443 -2.00000e+01
476 -1.90000e+01
517 -1.80000e+01
523 -1.70000e+01
542 -1.60000e+01
610 -1.50000e+01
865 -1.40000e+01
949 -1.30000e+01
1007 -1.20000e+01
1072 -1.10000e+01
1147 -1.00000e+01
1153 -9.00000e+00
1187 -8.00000e+00
1347 -7.00000e+00
1353 -6.00000e+00
1439 -5.00000e+00
1532 -4.00000e+00
1577 -3.00000e+00
1793 -2.00000e+00
1985 -1.00000e+00
2077 +3.31000e+02
2228 +3.43000e+02
2401 +3.54000e+02
2527 +3.61000e+02
2576 +3.69000e+02
2617 +3.79000e+02
4707 +3.87000e+02
5175 +4.01000e+02
5639 +4.08000e+02
6447 +4.10000e+02
7268 +4.11000e+02
8066 +4.15000e+02
9240 +4.16000e+02
9964 +4.23000e+02
12489 +4.25000e+02
13225 +4.26000e+02
15021 +4.30000e+02
28704 +4.31000e+02
33439 +4.32000e+02
37004 +4.33000e+02
37394 +4.34000e+02
48702 +4.35000e+02
52296 +4.36000e+02
55922 +4.38000e+02
99991 +4.38000e+02
"function evaluation" "best-so-far f(x)"
1 -3.50000e+01
22 -3.40000e+01
58 -3.30000e+01
64 -3.20000e+01
98 -3.10000e+01
158 -3.00000e+01
169 -2.90000e+01
223 -2.80000e+01
232 -2.70000e+01
242 -2.60000e+01
285 -2.50000e+01
333 -2.40000e+01
463 -2.30000e+01
486 -2.20000e+01
530 -2.10000e+01
591 -2.00000e+01
694 -1.90000e+01
751 -1.80000e+01
768 -1.70000e+01
797 -1.60000e+01
815 -1.50000e+01
849 -1.40000e+01
914 -1.20000e+01
995 -1.10000e+01
1017 -1.00000e+01
1092 -9.00000e+00
1197 -8.00000e+00
1411 -7.00000e+00
1483 -6.00000e+00
1555 -5.00000e+00
1675 -4.00000e+00
1751 -3.00000e+00
1940 -2.00000e+00
2120 -1.00000e+00
2185 +3.50000e+02
2237 +3.72000e+02
2591 +3.84000e+02
2647 +3.87000e+02
2779 +3.91000e+02
3644 +3.97000e+02
3947 +4.00000e+02
4127 +4.03000e+02
4239 +4.10000e+02
6914 +4.15000e+02
8104 +4.20000e+02
9020 +4.21000e+02
9718 +4.22000e+02
10743 +4.23000e+02
15869 +4.25000e+02
17108 +4.29000e+02
37189 +4.32000e+02
46078 +4.33000e+02
99991 +4.33000e+02
"function evaluation" "best-so-far f(x)"
1 -3.50000e+01
46 -3.40000e+01
68 -3.30000e+01
96 -3.20000e+01
154 -3.10000e+01
164 -3.00000e+01
180 -2.90000e+01
252 -2.80000e+01
291 -2.70000e+01
388 -2.60000e+01
437 -2.50000e+01
507 -2.40000e+01
518 -2.30000e+01
544 -2.20000e+01
689 -2.10000e+01
798 -2.00000e+01
821 -1.90000e+01
885 -1.80000e+01
978 -1.70000e+01
1089 -1.60000e+01
1096 -1.50000e+01
1132 -1.40000e+01
1143 -1.30000e+01
1169 -1.20000e+01
1195 -1.10000e+01
1239 -1.00000e+01
1274 -9.00000e+00
1302 -7.00000e+00
1319 -6.00000e+00
1400 -5.00000e+00
1601 -4.00000e+00
1696 -3.00000e+00
1787 -2.00000e+00
1836 -1.00000e+00
1876 +3.66000e+02
2050 +3.79000e+02
2551 +3.86000e+02
2913 +3.97000e+02
3811 +4.01000e+02
4896 +4.03000e+02
7145 +4.05000e+02
7446 +4.07000e+02
9106 +4.08000e+02
9139 +4.12000e+02
10532 +4.13000e+02
11805 +4.18000e+02
12532 +4.21000e+02
14618 +4.22000e+02
16102 +4.27000e+02
19856 +4.32000e+02
95210 +4.33000e+02
99991 +4.33000e+02
"function evaluation" "best-so-far f(x)"
1 -3.50000e+01
42 -3.40000e+01
82 -3.30000e+01
98 -3.20000e+01
211 -3.10000e+01
241 -3.00000e+01
344 -2.90000e+01
422 -2.80000e+01
423 -2.70000e+01
436 -2.60000e+01
442 -2.50000e+01
558 -2.40000e+01
590 -2.30000e+01
616 -2.20000e+01
705 -2.10000e+01
781 -2.00000e+01
790 -1.90000e+01
873 -1.80000e+01
912 -1.70000e+01
934 -1.60000e+01
982 -1.50000e+01
1051 -1.40000e+01
1121 -1.30000e+01
1166 -1.20000e+01
1283 -1.10000e+01
1295 -1.00000e+01
1417 -9.00000e+00
1535 -8.00000e+00
1557 -7.00000e+00
1592 -6.00000e+00
1722 -5.00000e+00
1733 -4.00000e+00
1792 -3.00000e+00
1845 -2.00000e+00
1890 -1.00000e+00
1995 +3.31000e+02
2010 +3.54000e+02
2148 +3.63000e+02
2611 +3.67000e+02
5203 +3.73000e+02
5238 +3.86000e+02
5435 +3.95000e+02
5557 +3.98000e+02
5577 +3.99000e+02
6346 +4.00000e+02
6979 +4.06000e+02
8374 +4.07000e+02
9036 +4.10000e+02
9212 +4.12000e+02
13070 +4.15000e+02
15565 +4.16000e+02
16723 +4.18000e+02
17554 +4.24000e+02
18555 +4.25000e+02
21457 +4.29000e+02
75696 +4.30000e+02
99991 +4.30000e+02
"function evaluation" "best-so-far f(x)"
1 -3.50000e+01
76 -3.40000e+01
117 -3.30000e+01
169 -3.20000e+01
223 -3.10000e+01
278 -3.00000e+01
344 -2.90000e+01
370 -2.80000e+01
393 -2.70000e+01
473 -2.60000e+01
504 -2.50000e+01
574 -2.40000e+01
606 -2.30000e+01
624 -2.20000e+01
659 -2.10000e+01
728 -2.00000e+01
737 -1.90000e+01
791 -1.80000e+01
874 -1.70000e+01
910 -1.60000e+01
940 -1.50000e+01
949 -1.40000e+01
1003 -1.30000e+01
1069 -1.20000e+01
1217 -1.10000e+01
1264 -1.00000e+01
1316 -9.00000e+00
1351 -8.00000e+00
1552 -7.00000e+00
1637 -6.00000e+00
1738 -5.00000e+00
1763 -4.00000e+00
1783 -3.00000e+00
1913 -2.00000e+00
1929 -1.00000e+00
1957 +3.46000e+02
1981 +3.63000e+02
2017 +3.64000e+02
2151 +3.71000e+02
2270 +3.82000e+02
2325 +3.91000e+02
2441 +3.94000e+02
3057 +4.04000e+02
3589 +4.07000e+02
3699 +4.08000e+02
3994 +4.09000e+02
4385 +4.10000e+02
5011 +4.14000e+02
5814 +4.16000e+02
8308 +4.19000e+02
8990 +4.21000e+02
11404 +4.22000e+02
11689 +4.23000e+02
18162 +4.24000e+02
21976 +4.26000e+02
22246 +4.28000e+02
26654 +4.29000e+02
44745 +4.30000e+02
51499 +4.33000e+02
52928 +4.34000e+02
72090 +4.35000e+02
99991 +4.35000e+02
"function evaluation" "best-so-far f(x)"
1 -3.50000e+01
47 -3.40000e+01
66 -3.30000e+01
77 -3.20000e+01
98 -3.10000e+01
122 -3.00000e+01
150 -2.90000e+01
189 -2.80000e+01
206 -2.70000e+01
222 -2.60000e+01
276 -2.50000e+01
348 -2.40000e+01
412 -2.30000e+01
414 -2.20000e+01
418 -2.10000e+01
463 -1.90000e+01
520 -1.80000e+01
551 -1.70000e+01
589 -1.60000e+01
630 -1.50000e+01
648 -1.40000e+01
714 -1.30000e+01
766 -1.20000e+01
820 -1.10000e+01
850 -1.00000e+01
859 -9.00000e+00
948 -8.00000e+00
956 -7.00000e+00
1035 -6.00000e+00
1057 -5.00000e+00
1425 -4.00000e+00
1570 -3.00000e+00
1602 -2.00000e+00
1803 -1.00000e+00
1877 +3.42000e+02
1967 +3.58000e+02
2107 +3.59000e+02
2238 +3.62000e+02
2269 +3.69000e+02
2452 +3.84000e+02
2615 +3.93000e+02
2924 +3.98000e+02
3706 +4.04000e+02
4236 +4.13000e+02
6998 +4.14000e+02
9083 +4.16000e+02
11394 +4.22000e+02
13408 +4.23000e+02
16475 +4.25000e+02
19425 +4.26000e+02
20304 +4.27000e+02
24596 +4.28000e+02
30379 +4.29000e+02
40479 +4.32000e+02
53099 +4.33000e+02
59887 +4.35000e+02
99991 +4.35000e+02
"function evaluation" "best-so-far f(x)"
1 -3.50000e+01
50 -3.40000e+01
73 -3.30000e+01
133 -3.20000e+01
239 -3.10000e+01
295 -3.00000e+01
308 -2.90000e+01
352 -2.80000e+01
392 -2.70000e+01
410 -2.60000e+01
419 -2.50000e+01
433 -2.40000e+01
439 -2.30000e+01
487 -2.20000e+01
570 -2.10000e+01
587 -2.00000e+01
658 -1.90000e+01
683 -1.80000e+01
718 -1.70000e+01
753 -1.60000e+01
781 -1.40000e+01
822 -1.30000e+01
875 -1.20000e+01
991 -1.10000e+01
1015 -1.00000e+01
1069 -9.00000e+00
1096 -8.00000e+00
1111 -7.00000e+00
1121 -6.00000e+00
1136 -5.00000e+00
1241 -4.00000e+00
1269 -3.00000e+00
1358 -2.00000e+00
1380 -1.00000e+00
1480 +3.70000e+02
1507 +3.78000e+02
1605 +3.93000e+02
2052 +3.96000e+02
2184 +4.06000e+02
3096 +4.07000e+02
3224 +4.10000e+02
3452 +4.15000e+02
4198 +4.17000e+02
7218 +4.18000e+02
7825 +4.20000e+02
10107 +4.21000e+02
14093 +4.22000e+02
22541 +4.26000e+02
33534 +4.27000e+02
37801 +4.29000e+02
43198 +4.30000e+02
99991 +4.30000e+02
"function evaluation" "best-so-far f(x)"
1 -3.50000e+01
11 -3.40000e+01
62 -3.30000e+01
73 -3.20000e+01
111 -3.10000e+01
121 -3.00000e+01
141 -2.90000e+01
142 -2.80000e+01
202 -2.70000e+01
265 -2.60000e+01
296 -2.50000e+01
329 -2.30000e+01
361 -2.10000e+01
408 -2.00000e+01
469 -1.90000e+01
481 -1.70000e+01
541 -1.60000e+01
581 -1.50000e+01
657 -1.40000e+01
695 -1.30000e+01
710 -1.20000e+01
713 -1.10000e+01
744 -1.00000e+01
766 -9.00000e+00
958 -8.00000e+00
1102 -7.00000e+00
1165 -6.00000e+00
1222 -5.00000e+00
1246 -4.00000e+00
1364 -3.00000e+00
1432 -2.00000e+00
1557 -1.00000e+00
1727 +3.47000e+02
1839 +3.57000e+02
1861 +3.76000e+02
2273 +3.84000e+02
2296 +3.90000e+02
2425 +3.97000e+02
2612 +4.00000e+02
3052 +4.01000e+02
3198 +4.07000e+02
3265 +4.12000e+02
3876 +4.16000e+02
4963 +4.17000e+02
5884 +4.18000e+02
8849 +4.20000e+02
17700 +4.21000e+02
22328 +4.24000e+02
27833 +4.26000e+02
28935 +4.27000e+02
30907 +4.29000e+02
60966 +4.30000e+02
67955 +4.32000e+02
99991 +4.32000e+02
"function evaluation" "best-so-far f(x)"
1 -3.50000e+01
2 -3.40000e+01
4 -3.30000e+01
47 -3.20000e+01
98 -3.00000e+01
148 -2.90000e+01
223 -2.80000e+01
236 -2.50000e+01
306 -2.40000e+01
316 -2.20000e+01
386 -2.10000e+01
398 -1.90000e+01
526 -1.80000e+01
552 -1.70000e+01
567 -1.60000e+01
590 -1.50000e+01
658 -1.40000e+01
723 -1.30000e+01
868 -1.20000e+01
949 -1.10000e+01
973 -1.00000e+01
987 -9.00000e+00
1092 -8.00000e+00
1120 -7.00000e+00
1141 -6.00000e+00
1155 -5.00000e+00
1266 -4.00000e+00
1356 -3.00000e+00
1358 -2.00000e+00
1444 -1.00000e+00
1649 +3.47000e+02
1695 +3.49000e+02
1756 +3.59000e+02
1823 +3.69000e+02
2022 +3.80000e+02
2078 +3.87000e+02
2384 +3.93000e+02
2849 +4.10000e+02
3649 +4.13000e+02
4289 +4.15000e+02
5295 +4.17000e+02
5383 +4.18000e+02
9152 +4.21000e+02
10698 +4.23000e+02
10943 +4.24000e+02
13238 +4.25000e+02
41009 +4.27000e+02
42093 +4.33000e+02
99991 +4.33000e+02
