"function evaluation" "best-so-far f(x)"
1 -4.90000e+01
29 -4.80000e+01
40 -4.70000e+01
42 -4.60000e+01
92 -4.50000e+01
140 -4.40000e+01
163 -4.30000e+01
240 -4.20000e+01
355 -4.10000e+01
397 -4.00000e+01
425 -3.90000e+01
443 -3.80000e+01
479 -3.70000e+01
481 -3.60000e+01
494 -3.50000e+01
558 -3.40000e+01
637 -3.30000e+01
658 -3.20000e+01
707 -3.10000e+01
762 -3.00000e+01
880 -2.90000e+01
894 -2.80000e+01
908 -2.70000e+01
1048 -2.60000e+01
1112 -2.50000e+01
1137 -2.40000e+01
1152 -2.30000e+01
1293 -2.20000e+01
1412 -2.10000e+01
1428 -2.00000e+01
1552 -1.90000e+01
1642 -1.80000e+01
1692 -1.70000e+01
1700 -1.60000e+01
1791 -1.50000e+01
1949 -1.40000e+01
2095 -1.30000e+01
2444 -1.20000e+01
2462 -1.10000e+01
2495 -1.00000e+01
2612 -9.00000e+00
2734 -8.00000e+00
2737 -7.00000e+00
2777 -6.00000e+00
2958 -5.00000e+00
3421 -4.00000e+00
3423 -3.00000e+00
3507 -2.00000e+00
3544 -1.00000e+00
3768 +4.44000e+02
4007 +4.61000e+02
4175 +4.93000e+02
4183 +5.00000e+02
4212 +5.13000e+02
7209 +5.20000e+02
7468 +5.23000e+02
8504 +5.30000e+02
11435 +5.35000e+02
13048 +5.37000e+02
13995 +5.38000e+02
14401 +5.44000e+02
43416 +5.45000e+02
80588 +5.47000e+02
99991 +5.47000e+02
"function evaluation" "best-so-far f(x)"
1 -4.90000e+01
44 -4.80000e+01
70 -4.70000e+01
91 -4.60000e+01
169 -4.50000e+01
203 -4.40000e+01
215 -4.30000e+01
264 -4.20000e+01
285 -4.10000e+01
340 -4.00000e+01
350 -3.90000e+01
423 -3.80000e+01
553 -3.70000e+01
577 -3.60000e+01
623 -3.50000e+01
635 -3.40000e+01
712 -3.30000e+01
728 -3.20000e+01
742 -3.10000e+01
809 -3.00000e+01
833 -2.90000e+01
880 -2.80000e+01
936 -2.70000e+01
996 -2.60000e+01
1000 -2.50000e+01
1001 -2.40000e+01
1197 -2.30000e+01
1217 -2.20000e+01
1228 -2.10000e+01
1287 -2.00000e+01
1321 -1.90000e+01
1387 -1.80000e+01
1433 -1.70000e+01
1482 -1.60000e+01
1503 -1.50000e+01
1542 -1.40000e+01
1599 -1.30000e+01
1684 -1.20000e+01
1769 -1.10000e+01
1786 -1.00000e+01
1821 -9.00000e+00
1853 -8.00000e+00
2164 -7.00000e+00
2219 -6.00000e+00
2321 -5.00000e+00
2336 -4.00000e+00
2337 -3.00000e+00
2348 -2.00000e+00
2410 -1.00000e+00
2456 +4.99000e+02
4357 +5.01000e+02
5518 +5.03000e+02
5808 +5.10000e+02
7096 +5.12000e+02
7104 +5.21000e+02
7921 +5.23000e+02
8926 +5.35000e+02
17856 +5.36000e+02
21188 +5.39000e+02
21409 +5.40000e+02
40167 +5.41000e+02
42345 +5.47000e+02
68932 +5.49000e+02
99991 +5.49000e+02
"function evaluation" "best-so-far f(x)"
1 -4.90000e+01
39 -4.80000e+01
82 -4.70000e+01
110 -4.60000e+01
159 -4.50000e+01
180 -4.40000e+01
213 -4.30000e+01
233 -4.20000e+01
322 -4.10000e+01
362 -4.00000e+01
377 -3.90000e+01
403 -3.80000e+01
454 -3.70000e+01
500 -3.60000e+01
604 -3.40000e+01
624 -3.30000e+01
682 -3.20000e+01
717 -3.10000e+01
719 -3.00000e+01
754 -2.90000e+01
756 -2.80000e+01
843 -2.70000e+01
989 -2.60000e+01
995 -2.50000e+01
1099 -2.40000e+01
1154 -2.20000e+01
1199 -2.10000e+01
1232 -2.00000e+01
1280 -1.90000e+01
1317 -1.80000e+01
1352 -1.70000e+01
1360 -1.50000e+01
1378 -1.40000e+01
1518 -1.20000e+01
1533 -1.10000e+01
1589 -1.00000e+01
1840 -9.00000e+00
1956 -8.00000e+00
2087 -7.00000e+00
2418 -6.00000e+00
2529 -5.00000e+00
2622 -4.00000e+00
2706 -3.00000e+00
2843 -2.00000e+00
2856 -1.00000e+00
3031 +4.86000e+02
3186 +4.89000e+02
3286 +4.96000e+02
3486 +5.07000e+02
3546 +5.13000e+02
3638 +5.18000e+02
3788 +5.22000e+02
5075 +5.23000e+02
5274 +5.25000e+02
5540 +5.28000e+02
5620 +5.31000e+02
9312 +5.32000e+02
12663 +5.36000e+02
12940 +5.37000e+02
13601 +5.39000e+02
14786 +5.41000e+02
14886 +5.45000e+02
15228 +5.46000e+02
30569 +5.47000e+02
40229 +5.51000e+02
87629 +5.52000e+02
99991 +5.52000e+02
"function evaluation" "best-so-far f(x)"
1 -4.90000e+01
16 -4.80000e+01
21 -4.70000e+01
97 -4.60000e+01
123 -4.50000e+01
134 -4.40000e+01
148 -4.30000e+01
174 -4.20000e+01
188 -4.10000e+01
260 -4.00000e+01
273 -3.90000e+01
300 -3.80000e+01
305 -3.70000e+01
332 -3.60000e+01
383 -3.50000e+01
399 -3.40000e+01
434 -3.30000e+01
438 -3.20000e+01
477 -3.10000e+01
503 -3.00000e+01
520 -2.90000e+01
532 -2.80000e+01
631 -2.70000e+01
778 -2.60000e+01
884 -2.50000e+01
905 -2.40000e+01
926 -2.30000e+01
982 -2.20000e+01
1113 -2.10000e+01
1193 -2.00000e+01
1224 -1.90000e+01
1315 -1.80000e+01
1327 -1.70000e+01
1416 -1.60000e+01
1553 -1.50000e+01
1570 -1.40000e+01
1722 -1.30000e+01
1822 -1.20000e+01
1915 -1.10000e+01
1939 -1.00000e+01
1969 -9.00000e+00
1979 -8.00000e+00
2046 -7.00000e+00
2170 -6.00000e+00
2466 -5.00000e+00
2494 -4.00000e+00
2664 -3.00000e+00
2776 -2.00000e+00
2855 -1.00000e+00
3052 +4.49000e+02
3182 +4.77000e+02
3332 +4.79000e+02
3405 +4.83000e+02
3902 +4.99000e+02
3958 +5.15000e+02
4439 +5.18000e+02
6997 +5.20000e+02
7749 +5.22000e+02
11177 +5.24000e+02
11691 +5.28000e+02
20903 +5.30000e+02
41480 +5.33000e+02
44279 +5.34000e+02
65331 +5.35000e+02
80166 +5.38000e+02
99871 +5.41000e+02
99991 +5.41000e+02
"function evaluation" "best-so-far f(x)"
1 -4.90000e+01
22 -4.80000e+01
51 -4.70000e+01
65 -4.60000e+01
109 -4.50000e+01
203 -4.40000e+01
213 -4.30000e+01
256 -4.20000e+01
296 -4.10000e+01
322 -4.00000e+01
422 -3.90000e+01
442 -3.80000e+01
484 -3.60000e+01
528 -3.50000e+01
629 -3.40000e+01
642 -3.30000e+01
717 -3.20000e+01
723 -3.10000e+01
745 -3.00000e+01
790 -2.90000e+01
882 -2.80000e+01
889 -2.70000e+01
914 -2.60000e+01
947 -2.50000e+01
1006 -2.40000e+01
1042 -2.30000e+01
1099 -2.20000e+01
1134 -2.10000e+01
1147 -2.00000e+01
1374 -1.90000e+01
1401 -1.80000e+01
1460 -1.70000e+01
1499 -1.60000e+01
1537 -1.50000e+01
1547 -1.40000e+01
1635 -1.30000e+01
1677 -1.20000e+01
1752 -1.10000e+01
1772 -1.00000e+01
1815 -9.00000e+00
2031 -8.00000e+00
2105 -7.00000e+00
2466 -6.00000e+00
2532 -5.00000e+00
2548 -4.00000e+00
2584 -3.00000e+00
2788 -2.00000e+00
2792 -1.00000e+00
2801 +4.52000e+02
2953 +4.60000e+02
2992 +4.71000e+02
3202 +4.78000e+02
3568 +5.01000e+02
3892 +5.03000e+02
4872 +5.09000e+02
4888 +5.20000e+02
4966 +5.24000e+02
9298 +5.28000e+02
13687 +5.29000e+02
21284 +5.30000e+02
30842 +5.32000e+02
31975 +5.34000e+02
38374 +5.37000e+02
39094 +5.40000e+02
49366 +5.41000e+02
54877 +5.42000e+02
64502 +5.45000e+02
68914 +5.47000e+02
71456 +5.48000e+02
85671 +5.49000e+02
86621 +5.50000e+02
99991 +5.50000e+02
"function evaluation" "best-so-far f(x)"
1 -4.90000e+01
6 -4.80000e+01
33 -4.70000e+01
61 -4.60000e+01
133 -4.50000e+01
185 -4.40000e+01
230 -4.30000e+01
260 -4.20000e+01
288 -4.10000e+01
368 -4.00000e+01
444 -3.90000e+01
466 -3.80000e+01
523 -3.70000e+01
692 -3.60000e+01
750 -3.50000e+01
810 -3.40000e+01
865 -3.30000e+01
883 -3.20000e+01
912 -3.10000e+01
922 -3.00000e+01
986 -2.90000e+01
996 -2.80000e+01
1024 -2.60000e+01
1033 -2.50000e+01
1051 -2.40000e+01
1080 -2.30000e+01
1083 -2.20000e+01
1113 -2.10000e+01
1167 -2.00000e+01
1221 -1.90000e+01
1234 -1.80000e+01
1237 -1.70000e+01
1297 -1.60000e+01
1354 -1.50000e+01
1378 -1.40000e+01
1442 -1.30000e+01
1725 -1.20000e+01
1777 -1.10000e+01
1876 -1.00000e+01
1916 -9.00000e+00
1991 -8.00000e+00
2007 -7.00000e+00
2074 -6.00000e+00
2129 -5.00000e+00
2190 -4.00000e+00
2234 -3.00000e+00
2346 -2.00000e+00
2546 -1.00000e+00
2674 +4.72000e+02
3303 +4.88000e+02
4281 +4.95000e+02
4781 +4.97000e+02
6011 +4.99000e+02
6270 +5.15000e+02
6365 +5.24000e+02
7492 +5.27000e+02
8457 +5.32000e+02
10381 +5.37000e+02
11498 +5.44000e+02
14359 +5.47000e+02
17416 +5.50000e+02
18233 +5.54000e+02
45933 +5.55000e+02
79420 +5.56000e+02
95335 +5.57000e+02
99991 +5.57000e+02
"function evaluation" "best-so-far f(x)"
1 -4.90000e+01
17 -4.80000e+01
18 -4.70000e+01
55 -4.60000e+01
77 -4.50000e+01
142 -4.40000e+01
149 -4.30000e+01
204 -4.20000e+01
229 -4.10000e+01
241 -3.90000e+01
291 -3.80000e+01
308 -3.70000e+01
412 -3.60000e+01
431 -3.50000e+01
476 -3.40000e+01
504 -3.30000e+01
518 -3.20000e+01
617 -3.10000e+01
628 -3.00000e+01
727 -2.90000e+01
764 -2.80000e+01
838 -2.70000e+01
907 -2.60000e+01
953 -2.50000e+01
1077 -2.40000e+01
1181 -2.30000e+01
1297 -2.20000e+01
1425 -2.10000e+01
1447 -2.00000e+01
1476 -1.90000e+01
1611 -1.80000e+01
1669 -1.70000e+01
1717 -1.60000e+01
1752 -1.50000e+01
1802 -1.40000e+01
1873 -1.30000e+01
2100 -1.20000e+01
2143 -1.10000e+01
2323 -1.00000e+01
2371 -9.00000e+00
2497 -8.00000e+00
2609 -7.00000e+00
2710 -6.00000e+00
2911 -5.00000e+00
2924 -4.00000e+00
2928 -3.00000e+00
3086 -2.00000e+00
3275 -1.00000e+00
3311 +4.78000e+02
3726 +4.87000e+02
3915 +5.10000e+02
4415 +5.16000e+02
4458 +5.17000e+02
6129 +5.25000e+02
8119 +5.26000e+02
8231 +5.28000e+02
9044 +5.35000e+02
10313 +5.40000e+02
29847 +5.43000e+02
30185 +5.45000e+02
37999 +5.48000e+02
65221 +5.51000e+02
78321 +5.53000e+02
99991 +5.53000e+02
"function evaluation" "best-so-far f(x)"
1 -4.90000e+01
39 -4.80000e+01
45 -4.70000e+01
85 -4.60000e+01
98 -4.50000e+01
176 -4.40000e+01
190 -4.20000e+01
214 -4.10000e+01
288 -4.00000e+01
301 -3.90000e+01
355 -3.80000e+01
360 -3.70000e+01
397 -3.60000e+01
435 -3.50000e+01
487 -3.40000e+01
494 -3.30000e+01
594 -3.20000e+01
621 -3.10000e+01
769 -2.90000e+01
829 -2.80000e+01
901 -2.70000e+01
1016 -2.60000e+01
1065 -2.50000e+01
1100 -2.40000e+01
1121 -2.30000e+01
1172 -2.20000e+01
1310 -2.10000e+01
1453 -2.00000e+01
1543 -1.90000e+01
1650 -1.80000e+01
1686 -1.70000e+01
1770 -1.60000e+01
1887 -1.50000e+01
1958 -1.40000e+01
2020 -1.30000e+01
2090 -1.20000e+01
2184 -1.10000e+01
2488 -1.00000e+01
2673 -9.00000e+00
2693 -8.00000e+00
2708 -7.00000e+00
2747 -6.00000e+00
2812 -5.00000e+00
2890 -4.00000e+00
2953 -3.00000e+00
2967 -2.00000e+00
2989 -1.00000e+00
3337 +4.02000e+02
3351 +4.29000e+02
3377 +4.50000e+02
3696 +4.76000e+02
4266 +4.92000e+02
4500 +5.02000e+02
4963 +5.05000e+02
5254 +5.12000e+02
5914 +5.17000e+02
9376 +5.21000e+02
13424 +5.23000e+02
13563 +5.29000e+02
13798 +5.30000e+02
13930 +5.32000e+02
14431 +5.35000e+02
18882 +5.42000e+02
20782 +5.43000e+02
25585 +5.47000e+02
40659 +5.48000e+02
44349 +5.49000e+02
60672 +5.54000e+02
65444 +5.56000e+02
99991 +5.56000e+02
"function evaluation" "best-so-far f(x)"
1 -4.90000e+01
24 -4.80000e+01
31 -4.70000e+01
65 -4.60000e+01
86 -4.50000e+01
127 -4.40000e+01
192 -4.30000e+01
202 -4.20000e+01
263 -4.00000e+01
265 -3.90000e+01
338 -3.80000e+01
359 -3.70000e+01
465 -3.60000e+01
494 -3.50000e+01
511 -3.40000e+01
543 -3.30000e+01
556 -3.20000e+01
599 -3.10000e+01
632 -3.00000e+01
652 -2.80000e+01
758 -2.70000e+01
802 -2.60000e+01
804 -2.50000e+01
821 -2.40000e+01
897 -2.30000e+01
906 -2.20000e+01
930 -2.10000e+01
969 -2.00000e+01
991 -1.90000e+01
1048 -1.80000e+01
1087 -1.70000e+01
1131 -1.60000e+01
1183 -1.50000e+01
1223 -1.40000e+01
1236 -1.30000e+01
1294 -1.20000e+01
1331 -1.10000e+01
1424 -1.00000e+01
1504 -9.00000e+00
1530 -8.00000e+00
1596 -7.00000e+00
1650 -6.00000e+00
1755 -5.00000e+00
1922 -4.00000e+00
2183 -3.00000e+00
2278 -2.00000e+00
2357 -1.00000e+00
2392 +4.58000e+02
2936 +4.64000e+02
3062 +4.65000e+02
3562 +4.81000e+02
4013 +4.98000e+02
4238 +5.09000e+02
4369 +5.15000e+02
4642 +5.17000e+02
6532 +5.22000e+02
7585 +5.23000e+02
12540 +5.30000e+02
12945 +5.31000e+02
13278 +5.32000e+02
14425 +5.33000e+02
15728 +5.34000e+02
16193 +5.36000e+02
17841 +5.37000e+02
18931 +5.45000e+02
19393 +5.48000e+02
19731 +5.52000e+02
22078 +5.54000e+02
49405 +5.55000e+02
55313 +5.58000e+02
86121 +5.59000e+02
99991 +5.59000e+02
"function evaluation" "best-so-far f(x)"
1 -4.90000e+01
35 -4.80000e+01
99 -4.70000e+01
126 -4.60000e+01
148 -4.40000e+01
150 -4.30000e+01
198 -4.20000e+01
253 -4.10000e+01
284 -4.00000e+01
370 -3.90000e+01
414 -3.70000e+01
445 -3.60000e+01
465 -3.50000e+01
479 -3.40000e+01
559 -3.30000e+01
572 -3.20000e+01
621 -3.10000e+01
653 -3.00000e+01
730 -2.90000e+01
770 -2.80000e+01
811 -2.70000e+01
826 -2.60000e+01
888 -2.50000e+01
995 -2.40000e+01
1065 -2.30000e+01
1181 -2.20000e+01
1243 -2.10000e+01
1281 -2.00000e+01
1323 -1.90000e+01
1398 -1.80000e+01
1411 -1.70000e+01
1517 -1.60000e+01
1535 -1.50000e+01
1644 -1.40000e+01
1677 -1.30000e+01
1821 -1.20000e+01
1845 -1.10000e+01
1859 -1.00000e+01
1883 -9.00000e+00
2024 -8.00000e+00
2051 -7.00000e+00
2075 -6.00000e+00
2267 -5.00000e+00
2307 -4.00000e+00
2538 -3.00000e+00
2635 -2.00000e+00
2685 -1.00000e+00
2784 +4.57000e+02
3306 +4.61000e+02
3358 +4.62000e+02
3499 +4.87000e+02
3637 +5.04000e+02
4190 +5.15000e+02
4743 +5.16000e+02
5772 +5.24000e+02
7473 +5.25000e+02
9511 +5.26000e+02
10977 +5.33000e+02
14659 +5.37000e+02
34219 +5.38000e+02
35802 +5.43000e+02
45963 +5.46000e+02
99991 +5.46000e+02
"function evaluation" "best-so-far f(x)"
1 -4.90000e+01
20 -4.80000e+01
45 -4.70000e+01
98 -4.60000e+01
190 -4.50000e+01
204 -4.40000e+01
217 -4.30000e+01
266 -4.20000e+01
295 -4.10000e+01
353 -4.00000e+01
412 -3.90000e+01
474 -3.80000e+01
484 -3.70000e+01
525 -3.60000e+01
530 -3.50000e+01
578 -3.40000e+01
598 -3.30000e+01
602 -3.20000e+01
643 -3.00000e+01
653 -2.90000e+01
680 -2.80000e+01
743 -2.70000e+01
749 -2.60000e+01
759 -2.50000e+01
788 -2.40000e+01
819 -2.30000e+01
873 -2.20000e+01
894 -2.10000e+01
900 -2.00000e+01
1119 -1.90000e+01
1148 -1.80000e+01
1163 -1.70000e+01
1248 -1.60000e+01
1416 -1.50000e+01
1425 -1.40000e+01
1470 -1.30000e+01
1496 -1.20000e+01
1534 -1.10000e+01
1598 -1.00000e+01
1747 -9.00000e+00
1777 -8.00000e+00
1973 -7.00000e+00
2047 -6.00000e+00
2061 -5.00000e+00
2176 -4.00000e+00
2322 -3.00000e+00
2541 -2.00000e+00
2545 -1.00000e+00
2829 +4.72000e+02
2864 +4.76000e+02
3798 +4.78000e+02
4048 +4.92000e+02
4203 +4.98000e+02
4227 +5.06000e+02
4636 +5.28000e+02
4658 +5.29000e+02
5723 +5.31000e+02
7477 +5.36000e+02
24671 +5.37000e+02
26952 +5.41000e+02
28003 +5.43000e+02
39519 +5.44000e+02
40833 +5.45000e+02
55710 +5.48000e+02
99991 +5.48000e+02
"function evaluation" "best-so-far f(x)"
1 -4.90000e+01
24 -4.70000e+01
56 -4.60000e+01
211 -4.50000e+01
222 -4.40000e+01
236 -4.30000e+01
270 -4.20000e+01
287 -4.10000e+01
332 -4.00000e+01
365 -3.90000e+01
424 -3.80000e+01
458 -3.60000e+01
468 -3.50000e+01
539 -3.40000e+01
576 -3.30000e+01
613 -3.20000e+01
627 -3.10000e+01
650 -3.00000e+01
681 -2.80000e+01
722 -2.70000e+01
800 -2.60000e+01
821 -2.50000e+01
855 -2.40000e+01
872 -2.30000e+01
892 -2.20000e+01
925 -2.10000e+01
994 -2.00000e+01
1020 -1.90000e+01
1032 -1.80000e+01
1053 -1.60000e+01
1171 -1.50000e+01
1306 -1.40000e+01
1376 -1.30000e+01
1413 -1.20000e+01
1485 -1.10000e+01
1513 -1.00000e+01
1609 -9.00000e+00
1643 -8.00000e+00
1709 -7.00000e+00
1842 -6.00000e+00
1926 -5.00000e+00
1929 -4.00000e+00
1952 -3.00000e+00
1980 -2.00000e+00
2085 -1.00000e+00
2161 +4.35000e+02
2344 +4.55000e+02
2378 +4.71000e+02
2680 +4.78000e+02
4520 +4.89000e+02
4787 +5.00000e+02
5032 +5.04000e+02
7153 +5.06000e+02
7412 +5.12000e+02
10103 +5.15000e+02
11120 +5.18000e+02
11960 +5.26000e+02
12737 +5.29000e+02
13747 +5.30000e+02
13987 +5.33000e+02
14339 +5.35000e+02
17915 +5.40000e+02
18495 +5.42000e+02
19705 +5.43000e+02
23393 +5.51000e+02
99991 +5.51000e+02
"function evaluation" "best-so-far f(x)"
1 -4.90000e+01
26 -4.80000e+01
49 -4.70000e+01
88 -4.60000e+01
191 -4.50000e+01
221 -4.40000e+01
304 -4.30000e+01
357 -4.20000e+01
401 -4.10000e+01
409 -4.00000e+01
438 -3.90000e+01
451 -3.70000e+01
480 -3.60000e+01
514 -3.50000e+01
602 -3.40000e+01
608 -3.30000e+01
645 -3.20000e+01
705 -3.10000e+01
830 -3.00000e+01
847 -2.90000e+01
869 -2.80000e+01
879 -2.70000e+01
934 -2.60000e+01
1010 -2.50000e+01
1118 -2.40000e+01
1163 -2.30000e+01
1218 -2.20000e+01
1274 -2.10000e+01
1298 -2.00000e+01
1306 -1.90000e+01
1419 -1.80000e+01
1548 -1.70000e+01
1552 -1.60000e+01
1568 -1.50000e+01
1632 -1.40000e+01
1745 -1.30000e+01
1826 -1.20000e+01
1883 -1.10000e+01
1918 -1.00000e+01
1940 -9.00000e+00
2010 -8.00000e+00
2230 -7.00000e+00
2289 -6.00000e+00
2413 -5.00000e+00
2506 -4.00000e+00
2566 -3.00000e+00
2578 -2.00000e+00
2602 -1.00000e+00
2638 +4.85000e+02
2682 +4.99000e+02
2772 +5.10000e+02
3185 +5.12000e+02
3448 +5.20000e+02
8212 +5.21000e+02
8785 +5.30000e+02
12101 +5.31000e+02
12242 +5.35000e+02
22865 +5.37000e+02
24502 +5.38000e+02
37143 +5.40000e+02
51081 +5.44000e+02
76545 +5.45000e+02
99991 +5.45000e+02
"function evaluation" "best-so-far f(x)"
1 -4.90000e+01
5 -4.80000e+01
47 -4.70000e+01
53 -4.60000e+01
61 -4.50000e+01
77 -4.40000e+01
90 -4.30000e+01
125 -4.20000e+01
148 -4.10000e+01
191 -4.00000e+01
242 -3.90000e+01
257 -3.80000e+01
283 -3.60000e+01
357 -3.50000e+01
372 -3.40000e+01
407 -3.30000e+01
411 -3.20000e+01
438 -3.10000e+01
509 -3.00000e+01
571 -2.90000e+01
588 -2.80000e+01
628 -2.70000e+01
676 -2.60000e+01
794 -2.50000e+01
827 -2.40000e+01
840 -2.30000e+01
880 -2.20000e+01
1042 -2.10000e+01
1059 -2.00000e+01
1091 -1.80000e+01
1173 -1.70000e+01
1204 -1.60000e+01
1233 -1.50000e+01
1240 -1.40000e+01
1286 -1.30000e+01
1586 -1.20000e+01
1643 -1.10000e+01
1700 -1.00000e+01
1742 -9.00000e+00
1785 -8.00000e+00
1866 -7.00000e+00
1895 -6.00000e+00
2001 -5.00000e+00
2070 -4.00000e+00
2283 -3.00000e+00
2296 -2.00000e+00
2373 -1.00000e+00
2664 +4.38000e+02
3009 +4.72000e+02
3073 +4.85000e+02
3195 +4.94000e+02
3366 +4.98000e+02
4031 +5.04000e+02
4801 +5.21000e+02
5945 +5.31000e+02
9107 +5.32000e+02
9190 +5.34000e+02
9483 +5.39000e+02
14321 +5.41000e+02
17040 +5.44000e+02
26462 +5.47000e+02
32417 +5.48000e+02
88203 +5.50000e+02
93801 +5.56000e+02
99991 +5.56000e+02
"function evaluation" "best-so-far f(x)"
1 -4.90000e+01
12 -4.80000e+01
88 -4.70000e+01
134 -4.60000e+01
173 -4.50000e+01
196 -4.40000e+01
201 -4.30000e+01
227 -4.20000e+01
301 -4.10000e+01
335 -4.00000e+01
369 -3.90000e+01
380 -3.80000e+01
411 -3.70000e+01
467 -3.60000e+01
517 -3.50000e+01
583 -3.40000e+01
614 -3.30000e+01
617 -3.20000e+01
624 -3.10000e+01
635 -3.00000e+01
653 -2.90000e+01
734 -2.80000e+01
794 -2.70000e+01
844 -2.60000e+01
959 -2.50000e+01
1086 -2.40000e+01
1120 -2.30000e+01
1139 -2.20000e+01
1217 -2.10000e+01
1295 -2.00000e+01
1387 -1.90000e+01
1435 -1.80000e+01
1481 -1.70000e+01
1531 -1.60000e+01
1643 -1.50000e+01
1679 -1.40000e+01
1747 -1.30000e+01
1837 -1.20000e+01
1886 -1.10000e+01
1947 -1.00000e+01
2034 -9.00000e+00
2297 -8.00000e+00
2379 -7.00000e+00
2540 -6.00000e+00
2546 -5.00000e+00
2568 -4.00000e+00
2693 -3.00000e+00
2852 -2.00000e+00
2870 -1.00000e+00
3332 +4.73000e+02
3477 +4.74000e+02
3629 +4.95000e+02
3800 +5.16000e+02
4363 +5.20000e+02
7281 +5.25000e+02
8024 +5.26000e+02
9179 +5.34000e+02
9384 +5.36000e+02
10329 +5.37000e+02
12975 +5.38000e+02
16048 +5.39000e+02
20774 +5.41000e+02
22236 +5.44000e+02
23034 +5.47000e+02
83259 +5.51000e+02
99991 +5.51000e+02
"function evaluation" "best-so-far f(x)"
1 -4.90000e+01
16 -4.80000e+01
62 -4.70000e+01
77 -4.60000e+01
94 -4.50000e+01
100 -4.40000e+01
154 -4.30000e+01
188 -4.20000e+01
190 -4.10000e+01
225 -4.00000e+01
236 -3.90000e+01
276 -3.80000e+01
296 -3.70000e+01
320 -3.60000e+01
371 -3.50000e+01
385 -3.30000e+01
437 -3.20000e+01
493 -3.10000e+01
503 -3.00000e+01
618 -2.90000e+01
672 -2.80000e+01
739 -2.70000e+01
821 -2.60000e+01
949 -2.50000e+01
1003 -2.40000e+01
1030 -2.30000e+01
1070 -2.20000e+01
1101 -2.10000e+01
1116 -2.00000e+01
1159 -1.90000e+01
1174 -1.80000e+01
1196 -1.70000e+01
1265 -1.60000e+01
1378 -1.50000e+01
1441 -1.40000e+01
1448 -1.30000e+01
1533 -1.20000e+01
1625 -1.10000e+01
1638 -1.00000e+01
1839 -9.00000e+00
1900 -8.00000e+00
1913 -7.00000e+00
2384 -6.00000e+00
2449 -5.00000e+00
2474 -4.00000e+00
2687 -3.00000e+00
2930 -2.00000e+00
2964 -1.00000e+00
3148 +4.65000e+02
3489 +4.82000e+02
3557 +4.93000e+02
4197 +4.98000e+02
4557 +5.01000e+02
4695 +5.13000e+02
5416 +5.16000e+02
7072 +5.18000e+02
7474 +5.21000e+02
8328 +5.29000e+02
8723 +5.38000e+02
15675 +5.40000e+02
34249 +5.43000e+02
35767 +5.44000e+02
40615 +5.46000e+02
43474 +5.48000e+02
43971 +5.49000e+02
68001 +5.50000e+02
68998 +5.52000e+02
72719 +5.57000e+02
99991 +5.57000e+02
"function evaluation" "best-so-far f(x)"
1 -4.90000e+01
29 -4.80000e+01
56 -4.70000e+01
67 -4.60000e+01
91 -4.50000e+01
111 -4.40000e+01
154 -4.30000e+01
167 -4.20000e+01
197 -4.10000e+01
243 -4.00000e+01
273 -3.90000e+01
355 -3.80000e+01
362 -3.70000e+01
375 -3.60000e+01
422 -3.50000e+01
479 -3.40000e+01
539 -3.30000e+01
604 -3.20000e+01
631 -3.10000e+01
642 -3.00000e+01
707 -2.90000e+01
746 -2.80000e+01
799 -2.70000e+01
881 -2.60000e+01
939 -2.50000e+01
976 -2.40000e+01
984 -2.30000e+01
987 -2.20000e+01
1037 -2.10000e+01
1127 -2.00000e+01
1204 -1.90000e+01
1270 -1.80000e+01
1338 -1.70000e+01
1350 -1.60000e+01
1394 -1.50000e+01
1414 -1.40000e+01
1444 -1.30000e+01
1500 -1.20000e+01
1527 -1.10000e+01
1833 -1.00000e+01
1944 -9.00000e+00
2058 -8.00000e+00
2113 -7.00000e+00
2126 -6.00000e+00
2135 -5.00000e+00
2142 -4.00000e+00
2342 -3.00000e+00
2585 -2.00000e+00
2912 -1.00000e+00
3041 +4.81000e+02
3052 +4.86000e+02
3175 +4.93000e+02
3423 +4.98000e+02
5795 +5.05000e+02
5860 +5.11000e+02
7314 +5.14000e+02
14001 +5.18000e+02
14055 +5.21000e+02
16828 +5.23000e+02
18809 +5.24000e+02
19467 +5.25000e+02
19997 +5.26000e+02
25752 +5.31000e+02
27143 +5.39000e+02
31836 +5.40000e+02
40151 +5.43000e+02
41343 +5.44000e+02
43232 +5.49000e+02
96382 +5.55000e+02
99991 +5.55000e+02
"function evaluation" "best-so-far f(x)"
1 -4.90000e+01
27 -4.80000e+01
47 -4.70000e+01
80 -4.60000e+01
82 -4.50000e+01
239 -4.40000e+01
305 -4.20000e+01
367 -4.10000e+01
391 -4.00000e+01
421 -3.90000e+01
432 -3.80000e+01
456 -3.70000e+01
523 -3.60000e+01
526 -3.50000e+01
534 -3.40000e+01
584 -3.30000e+01
605 -3.20000e+01
624 -3.10000e+01
664 -2.90000e+01
678 -2.80000e+01
682 -2.70000e+01
780 -2.60000e+01
793 -2.50000e+01
796 -2.40000e+01
829 -2.30000e+01
973 -2.20000e+01
1014 -2.10000e+01
1061 -2.00000e+01
1369 -1.90000e+01
1397 -1.80000e+01
1423 -1.70000e+01
1622 -1.60000e+01
1625 -1.50000e+01
1638 -1.40000e+01
1651 -1.30000e+01
1731 -1.20000e+01
1765 -1.10000e+01
1838 -1.00000e+01
1876 -9.00000e+00
2012 -8.00000e+00
2050 -7.00000e+00
2088 -6.00000e+00
2218 -5.00000e+00
2378 -4.00000e+00
2542 -3.00000e+00
2580 -2.00000e+00
2620 -1.00000e+00
2818 +5.05000e+02
3463 +5.07000e+02
4117 +5.09000e+02
4576 +5.16000e+02
5426 +5.19000e+02
6377 +5.22000e+02
7645 +5.24000e+02
7858 +5.26000e+02
8211 +5.31000e+02
9009 +5.34000e+02
11610 +5.40000e+02
21408 +5.41000e+02
21591 +5.42000e+02
27576 +5.43000e+02
66842 +5.46000e+02
73289 +5.53000e+02
99991 +5.53000e+02
"function evaluation" "best-so-far f(x)"
1 -4.90000e+01
58 -4.70000e+01
66 -4.60000e+01
159 -4.50000e+01
165 -4.40000e+01
288 -4.30000e+01
358 -4.20000e+01
372 -4.10000e+01
388 -4.00000e+01
397 -3.90000e+01
422 -3.80000e+01
430 -3.70000e+01
432 -3.60000e+01
483 -3.50000e+01
522 -3.40000e+01
552 -3.30000e+01
596 -3.20000e+01
645 -3.10000e+01
667 -3.00000e+01
694 -2.90000e+01
710 -2.80000e+01
725 -2.70000e+01
819 -2.60000e+01
836 -2.50000e+01
860 -2.40000e+01
1037 -2.30000e+01
1073 -2.20000e+01
1116 -2.10000e+01
1180 -2.00000e+01
1182 -1.90000e+01
1294 -1.80000e+01
1379 -1.70000e+01
1456 -1.60000e+01
1545 -1.50000e+01
1556 -1.40000e+01
1578 -1.30000e+01
1667 -1.20000e+01
1700 -1.10000e+01
1745 -1.00000e+01
1858 -9.00000e+00
1988 -8.00000e+00
1994 -7.00000e+00
2102 -6.00000e+00
2135 -5.00000e+00
2155 -4.00000e+00
2318 -3.00000e+00
3043 -2.00000e+00
3149 -1.00000e+00
3206 +4.41000e+02
3342 +4.59000e+02
3525 +4.67000e+02
3550 +4.75000e+02
4079 +4.83000e+02
4292 +4.84000e+02
4344 +4.88000e+02
4849 +5.04000e+02
5175 +5.08000e+02
5243 +5.14000e+02
5532 +5.25000e+02
6203 +5.27000e+02
7486 +5.29000e+02
9269 +5.30000e+02
9553 +5.31000e+02
10268 +5.32000e+02
10373 +5.33000e+02
19508 +5.35000e+02
19754 +5.38000e+02
29374 +5.39000e+02
39818 +5.40000e+02
43373 +5.45000e+02
78060 +5.48000e+02
88491 +5.50000e+02
99991 +5.50000e+02
"function evaluation" "best-so-far f(x)"
1 -4.90000e+01
11 -4.80000e+01
36 -4.50000e+01
90 -4.40000e+01
102 -4.30000e+01
118 -4.20000e+01
136 -4.10000e+01
184 -4.00000e+01
208 -3.90000e+01
232 -3.80000e+01
250 -3.70000e+01
303 -3.60000e+01
428 -3.50000e+01
460 -3.40000e+01
491 -3.30000e+01
540 -3.20000e+01
566 -3.10000e+01
588 -3.00000e+01
619 -2.90000e+01
666 -2.80000e+01
725 -2.70000e+01
731 -2.60000e+01
763 -2.50000e+01
833 -2.40000e+01
860 -2.30000e+01
903 -2.20000e+01
949 -2.10000e+01
952 -2.00000e+01
976 -1.90000e+01
1063 -1.80000e+01
1126 -1.70000e+01
1153 -1.60000e+01
1345 -1.50000e+01
1390 -1.40000e+01
1395 -1.30000e+01
1519 -1.20000e+01
1543 -1.10000e+01
1605 -1.00000e+01
1737 -9.00000e+00
1769 -8.00000e+00
1951 -7.00000e+00
2130 -5.00000e+00
2257 -4.00000e+00
2321 -3.00000e+00
2393 -2.00000e+00
2501 +4.92000e+02
2528 +5.00000e+02
3297 +5.02000e+02
4405 +5.05000e+02
4678 +5.16000e+02
4781 +5.21000e+02
5744 +5.24000e+02
6444 +5.28000e+02
7378 +5.31000e+02
16126 +5.32000e+02
16983 +5.34000e+02
24120 +5.42000e+02
25085 +5.51000e+02
26378 +5.53000e+02
39626 +5.55000e+02
39984 +5.56000e+02
99991 +5.56000e+02
"function evaluation" "best-so-far f(x)"
1 -4.90000e+01
41 -4.80000e+01
52 -4.70000e+01
75 -4.60000e+01
146 -4.50000e+01
188 -4.40000e+01
217 -4.30000e+01
245 -4.20000e+01
266 -4.10000e+01
290 -4.00000e+01
338 -3.90000e+01
342 -3.80000e+01
452 -3.70000e+01
465 -3.60000e+01
525 -3.50000e+01
555 -3.40000e+01
624 -3.30000e+01
687 -3.20000e+01
724 -3.10000e+01
744 -3.00000e+01
772 -2.90000e+01
820 -2.80000e+01
838 -2.70000e+01
897 -2.60000e+01
986 -2.50000e+01
1059 -2.40000e+01
1104 -2.30000e+01
1171 -2.20000e+01
1274 -2.10000e+01
1301 -2.00000e+01
1330 -1.90000e+01
1464 -1.80000e+01
1508 -1.70000e+01
1547 -1.60000e+01
1572 -1.50000e+01
1599 -1.40000e+01
1836 -1.30000e+01
1883 -1.20000e+01
2097 -1.10000e+01
2103 -1.00000e+01
2159 -9.00000e+00
2208 -8.00000e+00
2257 -7.00000e+00
2457 -6.00000e+00
2494 -5.00000e+00
2506 -4.00000e+00
2565 -3.00000e+00
2725 -2.00000e+00
2862 -1.00000e+00
3077 +5.02000e+02
3237 +5.07000e+02
3262 +5.17000e+02
3413 +5.27000e+02
3622 +5.33000e+02
3792 +5.37000e+02
5621 +5.43000e+02
19025 +5.45000e+02
25919 +5.47000e+02
33006 +5.49000e+02
38355 +5.51000e+02
99991 +5.51000e+02
"function evaluation" "best-so-far f(x)"
1 -4.90000e+01
37 -4.80000e+01
55 -4.70000e+01
60 -4.60000e+01
81 -4.50000e+01
102 -4.40000e+01
168 -4.30000e+01
188 -4.10000e+01
235 -4.00000e+01
279 -3.90000e+01
287 -3.80000e+01
289 -3.70000e+01
309 -3.60000e+01
325 -3.50000e+01
349 -3.40000e+01
358 -3.30000e+01
374 -3.20000e+01
468 -3.10000e+01
487 -3.00000e+01
507 -2.90000e+01
516 -2.80000e+01
561 -2.70000e+01
603 -2.60000e+01
668 -2.50000e+01
905 -2.40000e+01
932 -2.30000e+01
992 -2.20000e+01
1141 -2.10000e+01
1206 -2.00000e+01
1234 -1.90000e+01
1262 -1.80000e+01
1356 -1.70000e+01
1388 -1.60000e+01
1400 -1.50000e+01
1476 -1.40000e+01
1520 -1.30000e+01
1701 -1.20000e+01
1725 -1.10000e+01
1766 -1.00000e+01
2078 -9.00000e+00
2143 -7.00000e+00
2156 -6.00000e+00
2233 -5.00000e+00
2304 -4.00000e+00
2529 -3.00000e+00
2592 -2.00000e+00
2652 -1.00000e+00
2876 +4.45000e+02
3418 +4.76000e+02
3476 +5.00000e+02
3928 +5.02000e+02
4229 +5.09000e+02
7122 +5.15000e+02
9560 +5.17000e+02
10253 +5.27000e+02
12837 +5.30000e+02
15970 +5.31000e+02
19133 +5.33000e+02
20973 +5.36000e+02
22381 +5.37000e+02
30335 +5.43000e+02
32689 +5.44000e+02
34307 +5.45000e+02
34549 +5.49000e+02
36362 +5.51000e+02
63237 +5.54000e+02
66965 +5.59000e+02
99991 +5.59000e+02
"function evaluation" "best-so-far f(x)"
1 -4.90000e+01
87 -4.70000e+01
127 -4.60000e+01
181 -4.50000e+01
193 -4.40000e+01
222 -4.30000e+01
257 -4.20000e+01
276 -4.10000e+01
308 -4.00000e+01
385 -3.90000e+01
431 -3.80000e+01
462 -3.70000e+01
496 -3.60000e+01
518 -3.50000e+01
563 -3.40000e+01
691 -3.30000e+01
761 -3.20000e+01
778 -3.10000e+01
875 -2.90000e+01
914 -2.80000e+01
954 -2.70000e+01
958 -2.60000e+01
974 -2.50000e+01
984 -2.40000e+01
1011 -2.30000e+01
1043 -2.20000e+01
1113 -2.10000e+01
1145 -2.00000e+01
1200 -1.90000e+01
1274 -1.80000e+01
1349 -1.70000e+01
1380 -1.60000e+01
1487 -1.50000e+01
1519 -1.40000e+01
1605 -1.30000e+01
1633 -1.20000e+01
1651 -1.10000e+01
1713 -1.00000e+01
1772 -9.00000e+00
1774 -8.00000e+00
1854 -7.00000e+00
2052 -6.00000e+00
2070 -5.00000e+00
2114 -4.00000e+00
2955 -3.00000e+00
3486 -2.00000e+00
3521 -1.00000e+00
3841 +4.94000e+02
4136 +4.96000e+02
4192 +5.14000e+02
4379 +5.15000e+02
5247 +5.18000e+02
5641 +5.21000e+02
6558 +5.25000e+02
7651 +5.27000e+02
8470 +5.29000e+02
10489 +5.32000e+02
10973 +5.37000e+02
11582 +5.38000e+02
12002 +5.41000e+02
12445 +5.43000e+02
16455 +5.46000e+02
22757 +5.47000e+02
56011 +5.48000e+02
57695 +5.49000e+02
69274 +5.51000e+02
75672 +5.54000e+02
99991 +5.54000e+02
"function evaluation" "best-so-far f(x)"
1 -4.90000e+01
17 -4.80000e+01
46 -4.70000e+01
86 -4.60000e+01
99 -4.50000e+01
120 -4.40000e+01
130 -4.30000e+01
173 -4.20000e+01
279 -4.10000e+01
290 -4.00000e+01
292 -3.90000e+01
325 -3.80000e+01
365 -3.70000e+01
431 -3.60000e+01
456 -3.50000e+01
477 -3.40000e+01
608 -3.30000e+01
638 -3.20000e+01
654 -3.10000e+01
743 -3.00000e+01
784 -2.90000e+01
861 -2.80000e+01
884 -2.70000e+01
978 -2.60000e+01
983 -2.50000e+01
992 -2.40000e+01
1006 -2.30000e+01
1007 -2.20000e+01
1034 -2.10000e+01
1053 -2.00000e+01
1067 -1.90000e+01
1107 -1.80000e+01
1128 -1.70000e+01
1238 -1.60000e+01
1272 -1.50000e+01
1304 -1.40000e+01
1405 -1.30000e+01
1481 -1.20000e+01
1511 -1.10000e+01
1549 -1.00000e+01
1692 -9.00000e+00
1882 -8.00000e+00
2006 -7.00000e+00
2217 -6.00000e+00
2290 -5.00000e+00
2331 -4.00000e+00
2512 -3.00000e+00
2574 -2.00000e+00
2805 -1.00000e+00
3132 +4.64000e+02
3385 +4.72000e+02
3529 +4.88000e+02
3752 +4.94000e+02
3755 +5.01000e+02
3879 +5.06000e+02
5527 +5.12000e+02
6042 +5.21000e+02
6147 +5.29000e+02
7767 +5.34000e+02
8656 +5.35000e+02
10587 +5.36000e+02
11690 +5.39000e+02
16525 +5.45000e+02
21230 +5.46000e+02
51183 +5.50000e+02
62853 +5.53000e+02
87717 +5.55000e+02
99991 +5.55000e+02
"function evaluation" "best-so-far f(x)"
1 -4.90000e+01
19 -4.80000e+01
42 -4.70000e+01
62 -4.60000e+01
114 -4.50000e+01
147 -4.40000e+01
196 -4.30000e+01
203 -4.20000e+01
215 -4.10000e+01
239 -4.00000e+01
290 -3.90000e+01
304 -3.80000e+01
317 -3.70000e+01
335 -3.60000e+01
375 -3.50000e+01
422 -3.40000e+01
478 -3.30000e+01
516 -3.20000e+01
533 -3.10000e+01
556 -3.00000e+01
624 -2.90000e+01
636 -2.80000e+01
645 -2.70000e+01
713 -2.60000e+01
736 -2.50000e+01
789 -2.40000e+01
823 -2.30000e+01
864 -2.20000e+01
882 -2.00000e+01
914 -1.90000e+01
1012 -1.80000e+01
1076 -1.70000e+01
1131 -1.60000e+01
1214 -1.50000e+01
1237 -1.40000e+01
1259 -1.30000e+01
1292 -1.20000e+01
1395 -1.10000e+01
1489 -1.00000e+01
1632 -9.00000e+00
1645 -8.00000e+00
1672 -7.00000e+00
1765 -6.00000e+00
1973 -5.00000e+00
1998 -4.00000e+00
2069 -3.00000e+00
2189 -2.00000e+00
2380 -1.00000e+00
2443 +4.93000e+02
2444 +4.94000e+02
2510 +5.09000e+02
2623 +5.21000e+02
3163 +5.22000e+02
4021 +5.24000e+02
4691 +5.27000e+02
4788 +5.32000e+02
10114 +5.37000e+02
15143 +5.44000e+02
28512 +5.47000e+02
43017 +5.48000e+02
69334 +5.49000e+02
72350 +5.50000e+02
99991 +5.50000e+02
"function evaluation" "best-so-far f(x)"
1 -4.90000e+01
26 -4.80000e+01
54 -4.70000e+01
122 -4.60000e+01
132 -4.50000e+01
150 -4.40000e+01
202 -4.30000e+01
213 -4.20000e+01
289 -4.10000e+01
430 -4.00000e+01
445 -3.90000e+01
470 -3.80000e+01
518 -3.70000e+01
542 -3.60000e+01
584 -3.50000e+01
610 -3.40000e+01
642 -3.30000e+01
655 -3.20000e+01
796 -3.10000e+01
881 -3.00000e+01
915 -2.90000e+01
939 -2.80000e+01
999 -2.70000e+01
1057 -2.60000e+01
1086 -2.50000e+01
1175 -2.40000e+01
1192 -2.30000e+01
1199 -2.20000e+01
1219 -2.10000e+01
1314 -2.00000e+01
1471 -1.90000e+01
1503 -1.80000e+01
1534 -1.70000e+01
1714 -1.60000e+01
1733 -1.50000e+01
1819 -1.40000e+01
1832 -1.30000e+01
1893 -1.20000e+01
1915 -1.10000e+01
1937 -1.00000e+01
2111 -9.00000e+00
2133 -8.00000e+00
2445 -7.00000e+00
2486 -6.00000e+00
2538 -5.00000e+00
2570 -4.00000e+00
2813 -3.00000e+00
2819 -2.00000e+00
2891 -1.00000e+00
2906 +4.41000e+02
3056 +4.64000e+02
3735 +4.66000e+02
3957 +4.78000e+02
4194 +4.80000e+02
4360 +4.92000e+02
4533 +4.99000e+02
4815 +5.02000e+02
5148 +5.08000e+02
5176 +5.09000e+02
5500 +5.27000e+02
9105 +5.32000e+02
10861 +5.33000e+02
11514 +5.36000e+02
14565 +5.40000e+02
19688 +5.43000e+02
24527 +5.44000e+02
64766 +5.45000e+02
68415 +5.48000e+02
99991 +5.48000e+02
"function evaluation" "best-so-far f(x)"
1 -4.90000e+01
18 -4.80000e+01
23 -4.70000e+01
74 -4.60000e+01
141 -4.50000e+01
156 -4.40000e+01
287 -4.30000e+01
319 -4.10000e+01
451 -4.00000e+01
462 -3.90000e+01
549 -3.80000e+01
565 -3.70000e+01
652 -3.60000e+01
718 -3.50000e+01
754 -3.40000e+01
762 -3.30000e+01
784 -3.20000e+01
861 -3.10000e+01
864 -3.00000e+01
893 -2.90000e+01
915 -2.70000e+01
942 -2.60000e+01
1056 -2.50000e+01
1079 -2.40000e+01
1098 -2.30000e+01
1137 -2.20000e+01
1149 -2.10000e+01
1167 -2.00000e+01
1171 -1.90000e+01
1212 -1.80000e+01
1395 -1.70000e+01
1428 -1.60000e+01
1544 -1.50000e+01
1581 -1.40000e+01
1609 -1.30000e+01
1709 -1.20000e+01
1758 -1.10000e+01
1848 -1.00000e+01
2018 -9.00000e+00
2209 -8.00000e+00
2240 -7.00000e+00
2275 -6.00000e+00
2289 -5.00000e+00
2335 -4.00000e+00
2680 -3.00000e+00
2833 -1.00000e+00
2883 +4.56000e+02
3013 +4.74000e+02
3503 +4.77000e+02
3678 +4.83000e+02
3824 +4.87000e+02
4178 +4.97000e+02
4257 +5.02000e+02
4521 +5.10000e+02
5270 +5.12000e+02
5693 +5.14000e+02
5802 +5.24000e+02
8925 +5.26000e+02
9824 +5.29000e+02
11122 +5.31000e+02
11290 +5.33000e+02
11854 +5.34000e+02
14800 +5.36000e+02
16564 +5.37000e+02
26151 +5.42000e+02
29619 +5.43000e+02
31397 +5.44000e+02
39513 +5.45000e+02
48175 +5.47000e+02
53484 +5.51000e+02
63088 +5.53000e+02
97715 +5.56000e+02
99991 +5.56000e+02
"function evaluation" "best-so-far f(x)"
1 -4.90000e+01
39 -4.80000e+01
85 -4.70000e+01
100 -4.60000e+01
106 -4.50000e+01
135 -4.40000e+01
166 -4.20000e+01
220 -4.10000e+01
252 -4.00000e+01
274 -3.90000e+01
293 -3.80000e+01
309 -3.70000e+01
339 -3.60000e+01
366 -3.50000e+01
378 -3.30000e+01
433 -3.20000e+01
529 -3.10000e+01
643 -3.00000e+01
765 -2.90000e+01
819 -2.80000e+01
862 -2.70000e+01
886 -2.60000e+01
976 -2.50000e+01
1060 -2.40000e+01
1117 -2.30000e+01
1171 -2.20000e+01
1301 -2.10000e+01
1395 -2.00000e+01
1431 -1.90000e+01
1455 -1.70000e+01
1746 -1.60000e+01
1753 -1.50000e+01
1807 -1.40000e+01
1899 -1.30000e+01
1986 -1.20000e+01
1991 -1.10000e+01
2107 -1.00000e+01
2141 -9.00000e+00
2286 -8.00000e+00
2391 -7.00000e+00
2428 -6.00000e+00
2521 -5.00000e+00
2687 -4.00000e+00
2741 -3.00000e+00
2987 -2.00000e+00
3009 -1.00000e+00
3316 +4.83000e+02
3470 +4.99000e+02
3588 +5.00000e+02
4395 +5.10000e+02
4605 +5.11000e+02
5001 +5.14000e+02
5067 +5.20000e+02
6067 +5.23000e+02
6907 +5.24000e+02
6912 +5.29000e+02
9961 +5.30000e+02
11344 +5.35000e+02
14651 +5.37000e+02
17746 +5.39000e+02
27632 +5.46000e+02
39871 +5.52000e+02
93399 +5.53000e+02
93597 +5.54000e+02
99991 +5.54000e+02
"function evaluation" "best-so-far f(x)"
1 -4.90000e+01
8 -4.80000e+01
46 -4.70000e+01
77 -4.60000e+01
93 -4.50000e+01
106 -4.40000e+01
119 -4.30000e+01
186 -4.20000e+01
220 -4.10000e+01
259 -3.90000e+01
279 -3.80000e+01
298 -3.70000e+01
314 -3.60000e+01
361 -3.50000e+01
379 -3.40000e+01
396 -3.30000e+01
415 -3.20000e+01
423 -3.10000e+01
452 -3.00000e+01
471 -2.90000e+01
496 -2.80000e+01
508 -2.70000e+01
547 -2.60000e+01
563 -2.50000e+01
619 -2.40000e+01
683 -2.30000e+01
733 -2.20000e+01
918 -2.10000e+01
992 -2.00000e+01
1014 -1.90000e+01
1061 -1.80000e+01
1282 -1.70000e+01
1328 -1.60000e+01
1402 -1.50000e+01
1522 -1.40000e+01
1607 -1.30000e+01
1623 -1.20000e+01
1651 -1.10000e+01
1685 -1.00000e+01
1727 -9.00000e+00
1836 -8.00000e+00
2291 -7.00000e+00
2299 -6.00000e+00
2440 -5.00000e+00
2523 -4.00000e+00
2824 -3.00000e+00
3145 -2.00000e+00
3390 -1.00000e+00
3428 +4.38000e+02
3755 +4.71000e+02
4114 +4.80000e+02
4302 +4.83000e+02
4563 +4.90000e+02
5054 +4.93000e+02
5131 +4.94000e+02
5984 +4.99000e+02
6054 +5.11000e+02
6204 +5.14000e+02
6295 +5.22000e+02
10170 +5.25000e+02
11223 +5.26000e+02
13052 +5.30000e+02
13730 +5.34000e+02
13738 +5.35000e+02
18604 +5.39000e+02
25928 +5.40000e+02
45273 +5.43000e+02
52476 +5.46000e+02
99991 +5.46000e+02
"function evaluation" "best-so-far f(x)"
1 -4.90000e+01
3 -4.80000e+01
4 -4.70000e+01
35 -4.60000e+01
205 -4.50000e+01
208 -4.40000e+01
213 -4.30000e+01
249 -4.20000e+01
262 -4.10000e+01
270 -4.00000e+01
274 -3.90000e+01
317 -3.80000e+01
356 -3.70000e+01
405 -3.60000e+01
429 -3.50000e+01
481 -3.40000e+01
624 -3.30000e+01
627 -3.20000e+01
652 -3.10000e+01
695 -3.00000e+01
725 -2.90000e+01
759 -2.80000e+01
783 -2.70000e+01
821 -2.60000e+01
864 -2.50000e+01
902 -2.40000e+01
915 -2.30000e+01
984 -2.20000e+01
1019 -2.10000e+01
1196 -2.00000e+01
1302 -1.90000e+01
1345 -1.80000e+01
1469 -1.70000e+01
1486 -1.60000e+01
1592 -1.50000e+01
1593 -1.40000e+01
1610 -1.30000e+01
1705 -1.20000e+01
1774 -1.10000e+01
1999 -1.00000e+01
2023 -9.00000e+00
2057 -8.00000e+00
2116 -7.00000e+00
2292 -6.00000e+00
2294 -5.00000e+00
2329 -4.00000e+00
2450 -3.00000e+00
2600 -2.00000e+00
2732 -1.00000e+00
2869 +4.87000e+02
3124 +4.92000e+02
4158 +4.95000e+02
4235 +4.96000e+02
5125 +5.01000e+02
5345 +5.05000e+02
5552 +5.06000e+02
7655 +5.08000e+02
8337 +5.17000e+02
9693 +5.21000e+02
11268 +5.27000e+02
11978 +5.29000e+02
17744 +5.32000e+02
18796 +5.37000e+02
36660 +5.39000e+02
38391 +5.40000e+02
41269 +5.42000e+02
57962 +5.47000e+02
66419 +5.50000e+02
99991 +5.50000e+02
