"function evaluation" "best-so-far f(x)"
1 -6.60000e+01
11 -6.50000e+01
176 -6.40000e+01
187 -6.30000e+01
207 -6.20000e+01
405 -6.10000e+01
544 -6.00000e+01
617 -5.90000e+01
706 -5.70000e+01
897 -5.60000e+01
941 -5.50000e+01
1016 -5.40000e+01
1090 -5.30000e+01
1205 -5.20000e+01
1354 -5.10000e+01
1411 -5.00000e+01
1519 -4.90000e+01
1659 -4.80000e+01
1749 -4.70000e+01
1961 -4.60000e+01
2129 -4.50000e+01
2280 -4.30000e+01
2524 -4.20000e+01
2568 -4.10000e+01
2676 -4.00000e+01
2729 -3.90000e+01
2850 -3.80000e+01
2888 -3.70000e+01
2909 -3.60000e+01
2954 -3.50000e+01
3131 -3.40000e+01
3147 -3.30000e+01
3337 -3.20000e+01
3424 -3.10000e+01
3563 -3.00000e+01
3747 -2.90000e+01
3926 -2.80000e+01
4061 -2.70000e+01
4178 -2.60000e+01
4518 -2.50000e+01
4688 -2.40000e+01
5104 -2.30000e+01
5356 -2.20000e+01
5415 -2.10000e+01
5534 -2.00000e+01
5954 -1.90000e+01
6320 -1.80000e+01
6676 -1.70000e+01
6881 -1.60000e+01
7043 -1.50000e+01
7211 -1.40000e+01
7287 -1.30000e+01
7330 -1.20000e+01
7712 -1.10000e+01
7878 -1.00000e+01
8148 -9.00000e+00
8274 -8.00000e+00
8810 -7.00000e+00
8891 -6.00000e+00
9116 -5.00000e+00
9321 -4.00000e+00
9605 -3.00000e+00
9796 -2.00000e+00
9951 -2.00000e+00
"function evaluation" "best-so-far f(x)"
1 -6.60000e+01
9 -6.50000e+01
17 -6.40000e+01
143 -6.30000e+01
221 -6.20000e+01
264 -6.10000e+01
363 -6.00000e+01
450 -5.90000e+01
556 -5.80000e+01
596 -5.70000e+01
669 -5.60000e+01
684 -5.50000e+01
685 -5.40000e+01
797 -5.30000e+01
951 -5.20000e+01
1055 -5.10000e+01
1147 -5.00000e+01
1151 -4.90000e+01
1258 -4.80000e+01
1320 -4.60000e+01
1513 -4.50000e+01
1568 -4.40000e+01
1678 -4.30000e+01
1790 -4.20000e+01
1879 -4.10000e+01
2068 -4.00000e+01
2265 -3.90000e+01
2340 -3.80000e+01
2458 -3.70000e+01
2590 -3.60000e+01
2615 -3.50000e+01
2752 -3.40000e+01
2887 -3.30000e+01
3018 -3.20000e+01
3086 -3.10000e+01
3244 -3.00000e+01
3289 -2.90000e+01
3400 -2.80000e+01
3450 -2.70000e+01
3634 -2.60000e+01
3733 -2.50000e+01
3922 -2.40000e+01
4028 -2.30000e+01
4070 -2.20000e+01
4375 -2.10000e+01
4402 -2.00000e+01
4689 -1.90000e+01
4775 -1.80000e+01
5006 -1.70000e+01
5029 -1.60000e+01
5219 -1.50000e+01
5305 -1.40000e+01
5560 -1.30000e+01
5651 -1.20000e+01
5757 -1.10000e+01
5914 -1.00000e+01
6022 -9.00000e+00
6138 -8.00000e+00
6201 -7.00000e+00
6468 -6.00000e+00
6707 -5.00000e+00
6735 -4.00000e+00
7191 -3.00000e+00
7404 -2.00000e+00
7563 -1.00000e+00
8016 +5.86000e+02
8191 +5.94000e+02
8428 +6.03000e+02
8485 +6.12000e+02
8660 +6.15000e+02
9479 +6.21000e+02
9951 +6.21000e+02
"function evaluation" "best-so-far f(x)"
1 -6.60000e+01
10 -6.50000e+01
84 -6.40000e+01
250 -6.30000e+01
307 -6.20000e+01
412 -6.10000e+01
554 -6.00000e+01
630 -5.90000e+01
697 -5.80000e+01
819 -5.70000e+01
959 -5.60000e+01
1038 -5.50000e+01
1141 -5.40000e+01
1274 -5.30000e+01
1372 -5.20000e+01
1478 -5.10000e+01
1676 -5.00000e+01
1701 -4.90000e+01
1754 -4.80000e+01
1963 -4.70000e+01
2027 -4.60000e+01
2134 -4.50000e+01
2367 -4.40000e+01
2507 -4.30000e+01
2626 -4.20000e+01
2697 -4.10000e+01
2753 -4.00000e+01
2820 -3.90000e+01
2881 -3.80000e+01
3037 -3.60000e+01
3115 -3.50000e+01
3206 -3.40000e+01
3288 -3.30000e+01
3405 -3.20000e+01
3550 -3.10000e+01
3849 -2.90000e+01
3963 -2.80000e+01
4079 -2.70000e+01
4093 -2.60000e+01
4162 -2.50000e+01
4460 -2.30000e+01
4685 -2.20000e+01
4772 -2.10000e+01
4914 -2.00000e+01
5005 -1.90000e+01
5174 -1.80000e+01
5266 -1.70000e+01
5655 -1.60000e+01
6126 -1.50000e+01
6255 -1.40000e+01
6287 -1.30000e+01
6433 -1.20000e+01
6484 -1.10000e+01
6541 -1.00000e+01
6667 -9.00000e+00
6911 -8.00000e+00
6949 -7.00000e+00
7128 -6.00000e+00
7494 -5.00000e+00
7782 -4.00000e+00
8157 -3.00000e+00
8574 -2.00000e+00
8870 -1.00000e+00
9042 +5.93000e+02
9164 +6.02000e+02
9951 +6.02000e+02
"function evaluation" "best-so-far f(x)"
1 -6.60000e+01
24 -6.50000e+01
83 -6.40000e+01
231 -6.30000e+01
232 -6.20000e+01
344 -6.10000e+01
359 -6.00000e+01
436 -5.90000e+01
560 -5.80000e+01
607 -5.70000e+01
709 -5.60000e+01
804 -5.50000e+01
892 -5.40000e+01
950 -5.30000e+01
999 -5.20000e+01
1081 -5.10000e+01
1290 -5.00000e+01
1354 -4.90000e+01
1407 -4.80000e+01
1527 -4.70000e+01
1599 -4.60000e+01
1673 -4.50000e+01
1758 -4.40000e+01
1927 -4.30000e+01
2027 -4.20000e+01
2067 -4.10000e+01
2167 -4.00000e+01
2337 -3.90000e+01
2355 -3.80000e+01
2553 -3.70000e+01
2672 -3.60000e+01
2854 -3.50000e+01
2946 -3.40000e+01
2997 -3.30000e+01
3108 -3.20000e+01
3310 -3.10000e+01
3516 -3.00000e+01
3620 -2.90000e+01
3741 -2.80000e+01
3802 -2.70000e+01
3961 -2.60000e+01
3993 -2.50000e+01
4117 -2.40000e+01
4181 -2.30000e+01
4327 -2.20000e+01
4560 -2.10000e+01
4782 -2.00000e+01
4891 -1.90000e+01
4988 -1.80000e+01
5199 -1.70000e+01
5458 -1.60000e+01
5530 -1.50000e+01
5944 -1.40000e+01
6052 -1.30000e+01
6179 -1.20000e+01
6522 -1.10000e+01
6698 -1.00000e+01
6860 -9.00000e+00
7021 -8.00000e+00
7120 -7.00000e+00
7374 -6.00000e+00
7514 -5.00000e+00
7738 -4.00000e+00
8176 -3.00000e+00
8425 -2.00000e+00
8633 -1.00000e+00
8988 +5.32000e+02
9163 +5.57000e+02
9660 +5.83000e+02
9865 +6.05000e+02
9951 +6.05000e+02
"function evaluation" "best-so-far f(x)"
1 -6.60000e+01
59 -6.50000e+01
89 -6.40000e+01
250 -6.30000e+01
408 -6.20000e+01
465 -6.00000e+01
543 -5.90000e+01
644 -5.80000e+01
682 -5.70000e+01
869 -5.60000e+01
941 -5.50000e+01
963 -5.40000e+01
1024 -5.20000e+01
1220 -5.10000e+01
1350 -5.00000e+01
1471 -4.90000e+01
1501 -4.80000e+01
1592 -4.70000e+01
1630 -4.60000e+01
1826 -4.50000e+01
1872 -4.40000e+01
2014 -4.30000e+01
2163 -4.20000e+01
2247 -4.10000e+01
2331 -4.00000e+01
2431 -3.90000e+01
2746 -3.80000e+01
2829 -3.70000e+01
2871 -3.60000e+01
3019 -3.50000e+01
3225 -3.40000e+01
3272 -3.30000e+01
3401 -3.20000e+01
3607 -3.10000e+01
3864 -3.00000e+01
4046 -2.90000e+01
4189 -2.80000e+01
4295 -2.70000e+01
4457 -2.60000e+01
4842 -2.50000e+01
5041 -2.40000e+01
5165 -2.30000e+01
5170 -2.20000e+01
5388 -2.10000e+01
5514 -2.00000e+01
5759 -1.90000e+01
5881 -1.80000e+01
6089 -1.70000e+01
6362 -1.60000e+01
6444 -1.50000e+01
6770 -1.40000e+01
6821 -1.30000e+01
6931 -1.20000e+01
7196 -1.10000e+01
7422 -1.00000e+01
7491 -9.00000e+00
7607 -8.00000e+00
7703 -7.00000e+00
7822 -6.00000e+00
8077 -5.00000e+00
8395 -4.00000e+00
8587 -3.00000e+00
8966 -2.00000e+00
9951 -2.00000e+00
"function evaluation" "best-so-far f(x)"
1 -6.60000e+01
7 -6.50000e+01
98 -6.40000e+01
222 -6.30000e+01
368 -6.20000e+01
476 -6.10000e+01
581 -6.00000e+01
723 -5.90000e+01
765 -5.80000e+01
906 -5.70000e+01
940 -5.50000e+01
960 -5.40000e+01
1084 -5.30000e+01
1194 -5.20000e+01
1385 -5.10000e+01
1442 -5.00000e+01
1521 -4.90000e+01
1560 -4.80000e+01
1618 -4.70000e+01
1659 -4.60000e+01
1767 -4.50000e+01
1867 -4.40000e+01
1885 -4.30000e+01
1993 -4.20000e+01
2008 -4.10000e+01
2148 -4.00000e+01
2256 -3.90000e+01
2370 -3.80000e+01
2522 -3.70000e+01
2588 -3.60000e+01
2661 -3.50000e+01
2760 -3.40000e+01
2925 -3.30000e+01
3064 -3.20000e+01
3228 -3.10000e+01
3438 -3.00000e+01
3584 -2.80000e+01
3689 -2.70000e+01
3792 -2.60000e+01
3940 -2.50000e+01
4037 -2.40000e+01
4077 -2.30000e+01
4201 -2.20000e+01
4218 -2.10000e+01
4446 -2.00000e+01
4618 -1.90000e+01
4795 -1.80000e+01
4933 -1.70000e+01
5043 -1.60000e+01
5136 -1.50000e+01
5300 -1.40000e+01
5512 -1.30000e+01
5786 -1.20000e+01
5958 -1.10000e+01
6163 -1.00000e+01
6335 -9.00000e+00
6853 -8.00000e+00
6951 -7.00000e+00
7247 -6.00000e+00
7389 -5.00000e+00
7603 -4.00000e+00
7818 -3.00000e+00
8054 -2.00000e+00
8475 -1.00000e+00
9242 +5.75000e+02
9850 +5.82000e+02
9951 +5.82000e+02
"function evaluation" "best-so-far f(x)"
1 -6.60000e+01
5 -6.50000e+01
74 -6.40000e+01
110 -6.30000e+01
148 -6.20000e+01
310 -6.10000e+01
322 -6.00000e+01
427 -5.90000e+01
536 -5.80000e+01
604 -5.70000e+01
698 -5.60000e+01
768 -5.50000e+01
899 -5.40000e+01
935 -5.30000e+01
1071 -5.20000e+01
1151 -5.10000e+01
1305 -5.00000e+01
1315 -4.90000e+01
1371 -4.80000e+01
1424 -4.70000e+01
1501 -4.60000e+01
1608 -4.50000e+01
1786 -4.40000e+01
1895 -4.30000e+01
1968 -4.20000e+01
2148 -4.10000e+01
2399 -4.00000e+01
2502 -3.90000e+01
2687 -3.80000e+01
2805 -3.70000e+01
2877 -3.60000e+01
2941 -3.50000e+01
3143 -3.40000e+01
3279 -3.30000e+01
3320 -3.20000e+01
3513 -3.10000e+01
3592 -3.00000e+01
3629 -2.90000e+01
3734 -2.80000e+01
3786 -2.70000e+01
3815 -2.60000e+01
3846 -2.50000e+01
3979 -2.40000e+01
4252 -2.30000e+01
4278 -2.20000e+01
4390 -2.10000e+01
4541 -2.00000e+01
4649 -1.90000e+01
4811 -1.80000e+01
4983 -1.70000e+01
5052 -1.60000e+01
5232 -1.50000e+01
5304 -1.40000e+01
5479 -1.30000e+01
5722 -1.20000e+01
6029 -1.10000e+01
6209 -1.00000e+01
6432 -9.00000e+00
6580 -8.00000e+00
6840 -7.00000e+00
7003 -6.00000e+00
7161 -5.00000e+00
7518 -4.00000e+00
7913 -3.00000e+00
8177 -2.00000e+00
8382 -1.00000e+00
9191 +5.38000e+02
9449 +5.40000e+02
9484 +5.42000e+02
9730 +5.67000e+02
9923 +5.85000e+02
9951 +5.85000e+02
"function evaluation" "best-so-far f(x)"
1 -6.60000e+01
9 -6.50000e+01
143 -6.40000e+01
167 -6.30000e+01
264 -6.20000e+01
386 -6.10000e+01
398 -6.00000e+01
530 -5.90000e+01
632 -5.80000e+01
688 -5.70000e+01
774 -5.60000e+01
838 -5.50000e+01
898 -5.40000e+01
929 -5.30000e+01
1063 -5.20000e+01
1121 -5.10000e+01
1211 -5.00000e+01
1391 -4.90000e+01
1470 -4.80000e+01
1591 -4.70000e+01
1853 -4.60000e+01
1911 -4.40000e+01
2008 -4.30000e+01
2136 -4.20000e+01
2324 -4.10000e+01
2511 -4.00000e+01
2615 -3.90000e+01
2686 -3.80000e+01
2837 -3.70000e+01
2935 -3.60000e+01
3065 -3.50000e+01
3103 -3.40000e+01
3139 -3.30000e+01
3372 -3.20000e+01
3480 -3.10000e+01
3762 -3.00000e+01
3908 -2.90000e+01
4108 -2.80000e+01
4190 -2.70000e+01
4225 -2.60000e+01
4306 -2.50000e+01
4444 -2.40000e+01
4451 -2.30000e+01
4671 -2.20000e+01
4701 -2.10000e+01
4766 -2.00000e+01
4880 -1.90000e+01
4974 -1.80000e+01
5033 -1.70000e+01
5124 -1.60000e+01
5261 -1.50000e+01
5441 -1.40000e+01
5557 -1.30000e+01
5580 -1.20000e+01
5684 -1.10000e+01
5889 -1.00000e+01
5980 -9.00000e+00
6272 -8.00000e+00
6421 -7.00000e+00
6601 -6.00000e+00
6795 -5.00000e+00
6971 -4.00000e+00
7117 -3.00000e+00
7471 -2.00000e+00
7568 -1.00000e+00
7658 +5.86000e+02
7678 +5.92000e+02
7778 +6.03000e+02
8805 +6.04000e+02
8921 +6.15000e+02
9951 +6.15000e+02
"function evaluation" "best-so-far f(x)"
1 -6.60000e+01
47 -6.50000e+01
134 -6.40000e+01
264 -6.30000e+01
367 -6.20000e+01
368 -6.10000e+01
477 -6.00000e+01
543 -5.90000e+01
639 -5.80000e+01
759 -5.70000e+01
796 -5.60000e+01
955 -5.50000e+01
971 -5.40000e+01
996 -5.30000e+01
1076 -5.20000e+01
1096 -5.10000e+01
1146 -5.00000e+01
1226 -4.90000e+01
1364 -4.80000e+01
1395 -4.70000e+01
1565 -4.60000e+01
1690 -4.50000e+01
1786 -4.40000e+01
1926 -4.30000e+01
2055 -4.20000e+01
2165 -4.10000e+01
2290 -4.00000e+01
2427 -3.90000e+01
2452 -3.80000e+01
2498 -3.70000e+01
2689 -3.60000e+01
2705 -3.50000e+01
2797 -3.40000e+01
2973 -3.30000e+01
3241 -3.20000e+01
3266 -3.10000e+01
3422 -3.00000e+01
3513 -2.90000e+01
3583 -2.80000e+01
3594 -2.70000e+01
3755 -2.60000e+01
3960 -2.50000e+01
4237 -2.40000e+01
4322 -2.30000e+01
4408 -2.20000e+01
4620 -2.10000e+01
4706 -2.00000e+01
4828 -1.90000e+01
5066 -1.80000e+01
5168 -1.70000e+01
5369 -1.60000e+01
5480 -1.50000e+01
5579 -1.40000e+01
5697 -1.30000e+01
5925 -1.20000e+01
6004 -1.10000e+01
6222 -1.00000e+01
6409 -9.00000e+00
6845 -8.00000e+00
7015 -7.00000e+00
7113 -6.00000e+00
7296 -5.00000e+00
7368 -4.00000e+00
7754 -3.00000e+00
7963 -2.00000e+00
8152 -1.00000e+00
9241 +5.84000e+02
9383 +5.90000e+02
9445 +6.06000e+02
9951 +6.06000e+02
"function evaluation" "best-so-far f(x)"
1 -6.60000e+01
61 -6.50000e+01
180 -6.40000e+01
313 -6.30000e+01
319 -6.20000e+01
499 -6.10000e+01
553 -6.00000e+01
670 -5.90000e+01
738 -5.80000e+01
767 -5.70000e+01
918 -5.60000e+01
1012 -5.50000e+01
1108 -5.40000e+01
1144 -5.30000e+01
1285 -5.20000e+01
1399 -5.10000e+01
1429 -5.00000e+01
1609 -4.90000e+01
1675 -4.80000e+01
1777 -4.70000e+01
1834 -4.60000e+01
1974 -4.50000e+01
1988 -4.40000e+01
2102 -4.30000e+01
2189 -4.20000e+01
2457 -4.10000e+01
2496 -4.00000e+01
2726 -3.90000e+01
2881 -3.70000e+01
2980 -3.60000e+01
3141 -3.50000e+01
3219 -3.40000e+01
3357 -3.30000e+01
3536 -3.20000e+01
3762 -3.10000e+01
3933 -3.00000e+01
4109 -2.90000e+01
4369 -2.80000e+01
4413 -2.60000e+01
4454 -2.50000e+01
4589 -2.40000e+01
4653 -2.30000e+01
4824 -2.20000e+01
4883 -2.10000e+01
4956 -2.00000e+01
5218 -1.90000e+01
5317 -1.80000e+01
5515 -1.70000e+01
5783 -1.60000e+01
5948 -1.50000e+01
6160 -1.40000e+01
6358 -1.30000e+01
6414 -1.20000e+01
6657 -1.10000e+01
6827 -1.00000e+01
6851 -9.00000e+00
6979 -8.00000e+00
7267 -7.00000e+00
7535 -6.00000e+00
7801 -5.00000e+00
8008 -4.00000e+00
8321 -3.00000e+00
8953 -2.00000e+00
9069 -1.00000e+00
9168 +5.77000e+02
9184 +5.86000e+02
9299 +5.90000e+02
9301 +5.95000e+02
9951 +5.95000e+02
"function evaluation" "best-so-far f(x)"
1 -6.60000e+01
2 -6.50000e+01
47 -6.40000e+01
175 -6.30000e+01
264 -6.20000e+01
335 -6.10000e+01
400 -6.00000e+01
452 -5.90000e+01
510 -5.80000e+01
584 -5.70000e+01
624 -5.60000e+01
684 -5.50000e+01
804 -5.40000e+01
835 -5.30000e+01
965 -5.20000e+01
1063 -5.10000e+01
1140 -5.00000e+01
1323 -4.90000e+01
1450 -4.80000e+01
1506 -4.70000e+01
1583 -4.60000e+01
1685 -4.50000e+01
1769 -4.40000e+01
1842 -4.30000e+01
1934 -4.20000e+01
2015 -4.00000e+01
2068 -3.90000e+01
2086 -3.80000e+01
2107 -3.70000e+01
2252 -3.60000e+01
2326 -3.50000e+01
2402 -3.40000e+01
2459 -3.30000e+01
2593 -3.20000e+01
2730 -3.10000e+01
2962 -3.00000e+01
3125 -2.90000e+01
3257 -2.80000e+01
3378 -2.70000e+01
3489 -2.60000e+01
3654 -2.50000e+01
3733 -2.40000e+01
3810 -2.30000e+01
3918 -2.20000e+01
4072 -2.10000e+01
4221 -2.00000e+01
4251 -1.90000e+01
4319 -1.80000e+01
4412 -1.70000e+01
4535 -1.60000e+01
4611 -1.50000e+01
4865 -1.40000e+01
4912 -1.30000e+01
5190 -1.20000e+01
5289 -1.10000e+01
5321 -1.00000e+01
5481 -9.00000e+00
5730 -8.00000e+00
5833 -7.00000e+00
6130 -6.00000e+00
6188 -5.00000e+00
6417 -4.00000e+00
6694 -3.00000e+00
7234 -2.00000e+00
7433 -1.00000e+00
7737 +6.17000e+02
8023 +6.22000e+02
8945 +6.27000e+02
9147 +6.34000e+02
9951 +6.34000e+02
"function evaluation" "best-so-far f(x)"
1 -6.60000e+01
4 -6.50000e+01
39 -6.40000e+01
214 -6.30000e+01
312 -6.20000e+01
420 -6.10000e+01
488 -6.00000e+01
575 -5.90000e+01
627 -5.80000e+01
691 -5.70000e+01
817 -5.60000e+01
944 -5.50000e+01
1067 -5.40000e+01
1123 -5.30000e+01
1278 -5.20000e+01
1400 -5.10000e+01
1480 -5.00000e+01
1586 -4.90000e+01
1753 -4.80000e+01
1776 -4.70000e+01
1831 -4.60000e+01
2021 -4.50000e+01
2062 -4.40000e+01
2177 -4.30000e+01
2355 -4.20000e+01
2454 -4.10000e+01
2470 -4.00000e+01
2712 -3.80000e+01
2868 -3.70000e+01
2966 -3.60000e+01
3111 -3.50000e+01
3117 -3.40000e+01
3227 -3.30000e+01
3334 -3.20000e+01
3522 -3.10000e+01
3772 -3.00000e+01
3935 -2.90000e+01
4112 -2.80000e+01
4293 -2.70000e+01
4430 -2.60000e+01
4583 -2.50000e+01
4745 -2.40000e+01
4825 -2.30000e+01
4919 -2.20000e+01
5200 -2.10000e+01
5274 -2.00000e+01
5346 -1.90000e+01
5607 -1.80000e+01
5937 -1.70000e+01
6233 -1.60000e+01
6414 -1.50000e+01
6492 -1.40000e+01
6755 -1.30000e+01
6814 -1.20000e+01
7098 -1.10000e+01
7172 -1.00000e+01
7358 -9.00000e+00
7519 -8.00000e+00
7697 -7.00000e+00
7824 -6.00000e+00
7933 -5.00000e+00
8275 -4.00000e+00
8394 -3.00000e+00
8949 -2.00000e+00
9179 -1.00000e+00
9209 +5.61000e+02
9542 +5.69000e+02
9951 +5.69000e+02
"function evaluation" "best-so-far f(x)"
1 -6.60000e+01
2 -6.50000e+01
19 -6.40000e+01
97 -6.30000e+01
194 -6.20000e+01
245 -6.10000e+01
293 -6.00000e+01
356 -5.90000e+01
449 -5.80000e+01
632 -5.70000e+01
678 -5.60000e+01
761 -5.50000e+01
824 -5.40000e+01
845 -5.30000e+01
946 -5.20000e+01
1052 -5.10000e+01
1111 -5.00000e+01
1241 -4.90000e+01
1383 -4.70000e+01
1476 -4.60000e+01
1582 -4.50000e+01
1735 -4.40000e+01
1786 -4.30000e+01
1841 -4.20000e+01
1967 -4.10000e+01
2127 -4.00000e+01
2262 -3.90000e+01
2322 -3.80000e+01
2440 -3.60000e+01
2663 -3.50000e+01
2785 -3.40000e+01
2938 -3.30000e+01
2992 -3.20000e+01
3003 -3.10000e+01
3087 -3.00000e+01
3179 -2.90000e+01
3329 -2.80000e+01
3346 -2.70000e+01
3523 -2.60000e+01
3599 -2.50000e+01
3647 -2.30000e+01
3730 -2.20000e+01
3910 -2.10000e+01
4098 -2.00000e+01
4203 -1.90000e+01
4404 -1.80000e+01
4476 -1.70000e+01
4625 -1.60000e+01
4887 -1.50000e+01
5073 -1.40000e+01
5267 -1.30000e+01
5421 -1.20000e+01
5476 -1.10000e+01
5675 -1.00000e+01
5838 -9.00000e+00
6113 -8.00000e+00
6546 -7.00000e+00
6784 -6.00000e+00
7113 -5.00000e+00
7236 -4.00000e+00
7410 -3.00000e+00
7664 -2.00000e+00
7715 -1.00000e+00
8133 +5.65000e+02
8734 +5.86000e+02
9150 +5.87000e+02
9951 +5.87000e+02
"function evaluation" "best-so-far f(x)"
1 -6.60000e+01
2 -6.50000e+01
66 -6.40000e+01
145 -6.30000e+01
242 -6.20000e+01
320 -6.10000e+01
432 -6.00000e+01
530 -5.90000e+01
535 -5.80000e+01
666 -5.70000e+01
700 -5.60000e+01
797 -5.50000e+01
803 -5.40000e+01
900 -5.30000e+01
1036 -5.20000e+01
1078 -5.10000e+01
1143 -5.00000e+01
1234 -4.90000e+01
1269 -4.80000e+01
1307 -4.70000e+01
1430 -4.60000e+01
1530 -4.40000e+01
1643 -4.30000e+01
1757 -4.20000e+01
1886 -4.10000e+01
1950 -4.00000e+01
1990 -3.80000e+01
2047 -3.70000e+01
2218 -3.60000e+01
2251 -3.50000e+01
2328 -3.40000e+01
2551 -3.30000e+01
2667 -3.10000e+01
2815 -3.00000e+01
2904 -2.90000e+01
3157 -2.80000e+01
3579 -2.70000e+01
3795 -2.60000e+01
3844 -2.50000e+01
3905 -2.40000e+01
3970 -2.30000e+01
4033 -2.20000e+01
4067 -2.10000e+01
4413 -2.00000e+01
4532 -1.90000e+01
4806 -1.80000e+01
4932 -1.70000e+01
5070 -1.60000e+01
5197 -1.50000e+01
5335 -1.40000e+01
5404 -1.30000e+01
5547 -1.20000e+01
5622 -1.10000e+01
5863 -1.00000e+01
6060 -9.00000e+00
6367 -8.00000e+00
6585 -7.00000e+00
6999 -6.00000e+00
7554 -5.00000e+00
7794 -4.00000e+00
8026 -3.00000e+00
8360 -2.00000e+00
8530 -1.00000e+00
9045 +6.30000e+02
9757 +6.31000e+02
9951 +6.31000e+02
"function evaluation" "best-so-far f(x)"
1 -6.60000e+01
54 -6.50000e+01
90 -6.40000e+01
188 -6.30000e+01
317 -6.20000e+01
441 -6.10000e+01
543 -6.00000e+01
693 -5.90000e+01
773 -5.80000e+01
916 -5.70000e+01
922 -5.60000e+01
1078 -5.50000e+01
1148 -5.40000e+01
1235 -5.30000e+01
1265 -5.20000e+01
1312 -5.10000e+01
1431 -5.00000e+01
1507 -4.80000e+01
1619 -4.70000e+01
1732 -4.60000e+01
1815 -4.50000e+01
1939 -4.40000e+01
2003 -4.30000e+01
2067 -4.20000e+01
2155 -4.10000e+01
2231 -4.00000e+01
2393 -3.90000e+01
2486 -3.80000e+01
2660 -3.70000e+01
2805 -3.60000e+01
2808 -3.50000e+01
2986 -3.40000e+01
3092 -3.30000e+01
3171 -3.20000e+01
3277 -3.10000e+01
3349 -3.00000e+01
3582 -2.90000e+01
3768 -2.80000e+01
3799 -2.70000e+01
4029 -2.60000e+01
4215 -2.50000e+01
4260 -2.40000e+01
4382 -2.30000e+01
4776 -2.20000e+01
4932 -2.10000e+01
5195 -2.00000e+01
5382 -1.90000e+01
5769 -1.80000e+01
5968 -1.70000e+01
6085 -1.60000e+01
6148 -1.50000e+01
6246 -1.40000e+01
6364 -1.30000e+01
6561 -1.20000e+01
6763 -1.10000e+01
6768 -1.00000e+01
7041 -9.00000e+00
7227 -8.00000e+00
7548 -7.00000e+00
7820 -6.00000e+00
7975 -5.00000e+00
8141 -4.00000e+00
8564 -3.00000e+00
8578 -2.00000e+00
8817 -1.00000e+00
9155 +5.97000e+02
9639 +6.14000e+02
9951 +6.14000e+02
"function evaluation" "best-so-far f(x)"
1 -6.60000e+01
16 -6.50000e+01
69 -6.40000e+01
186 -6.30000e+01
224 -6.20000e+01
302 -6.10000e+01
348 -6.00000e+01
381 -5.90000e+01
451 -5.80000e+01
527 -5.70000e+01
626 -5.60000e+01
790 -5.50000e+01
904 -5.40000e+01
1024 -5.30000e+01
1151 -5.20000e+01
1210 -5.10000e+01
1353 -5.00000e+01
1372 -4.90000e+01
1499 -4.80000e+01
1559 -4.70000e+01
1655 -4.50000e+01
1784 -4.40000e+01
1830 -4.30000e+01
1834 -4.20000e+01
1927 -4.10000e+01
2218 -3.90000e+01
2351 -3.80000e+01
2483 -3.70000e+01
2506 -3.60000e+01
2650 -3.50000e+01
2746 -3.40000e+01
2977 -3.30000e+01
3090 -3.20000e+01
3177 -3.10000e+01
3308 -3.00000e+01
3475 -2.90000e+01
3590 -2.80000e+01
3677 -2.70000e+01
3817 -2.60000e+01
4094 -2.50000e+01
4219 -2.40000e+01
4382 -2.30000e+01
4446 -2.20000e+01
4540 -2.10000e+01
4676 -2.00000e+01
4796 -1.90000e+01
5045 -1.80000e+01
5245 -1.70000e+01
5397 -1.60000e+01
5420 -1.50000e+01
5785 -1.40000e+01
6146 -1.30000e+01
6238 -1.20000e+01
6572 -1.10000e+01
6767 -1.00000e+01
7036 -9.00000e+00
7261 -8.00000e+00
7570 -7.00000e+00
7879 -6.00000e+00
8331 -5.00000e+00
8495 -4.00000e+00
8687 -3.00000e+00
8872 -2.00000e+00
9127 -1.00000e+00
9595 +5.37000e+02
9642 +5.52000e+02
9951 +5.52000e+02
"function evaluation" "best-so-far f(x)"
1 -6.60000e+01
14 -6.50000e+01
62 -6.40000e+01
94 -6.20000e+01
114 -6.10000e+01
203 -6.00000e+01
285 -5.90000e+01
468 -5.80000e+01
501 -5.60000e+01
574 -5.50000e+01
699 -5.40000e+01
870 -5.30000e+01
955 -5.20000e+01
1006 -5.10000e+01
1049 -5.00000e+01
1214 -4.90000e+01
1326 -4.80000e+01
1544 -4.70000e+01
1605 -4.60000e+01
1811 -4.50000e+01
1820 -4.40000e+01
1954 -4.30000e+01
1984 -4.20000e+01
2085 -4.10000e+01
2113 -4.00000e+01
2145 -3.90000e+01
2285 -3.80000e+01
2549 -3.70000e+01
2616 -3.60000e+01
2677 -3.50000e+01
2804 -3.40000e+01
2852 -3.30000e+01
2946 -3.20000e+01
3073 -3.00000e+01
3223 -2.90000e+01
3276 -2.80000e+01
3523 -2.70000e+01
3668 -2.60000e+01
3706 -2.50000e+01
3860 -2.40000e+01
3993 -2.30000e+01
4210 -2.20000e+01
4860 -2.10000e+01
4962 -2.00000e+01
5033 -1.90000e+01
5258 -1.80000e+01
5489 -1.70000e+01
5775 -1.60000e+01
5830 -1.50000e+01
6074 -1.40000e+01
6139 -1.30000e+01
6444 -1.20000e+01
6822 -1.10000e+01
7062 -1.00000e+01
7267 -9.00000e+00
7367 -8.00000e+00
7596 -7.00000e+00
7616 -6.00000e+00
7856 -5.00000e+00
7966 -4.00000e+00
8229 -3.00000e+00
8331 -2.00000e+00
8365 -1.00000e+00
8552 +6.08000e+02
8809 +6.09000e+02
9297 +6.16000e+02
9951 +6.16000e+02
"function evaluation" "best-so-far f(x)"
1 -6.60000e+01
40 -6.50000e+01
152 -6.40000e+01
154 -6.30000e+01
320 -6.20000e+01
494 -6.10000e+01
556 -6.00000e+01
695 -5.90000e+01
794 -5.80000e+01
892 -5.70000e+01
954 -5.60000e+01
1003 -5.50000e+01
1148 -5.40000e+01
1224 -5.30000e+01
1416 -5.20000e+01
1480 -5.10000e+01
1570 -4.90000e+01
1577 -4.80000e+01
1697 -4.70000e+01
1797 -4.60000e+01
1901 -4.50000e+01
1932 -4.40000e+01
2071 -4.30000e+01
2122 -4.20000e+01
2284 -4.10000e+01
2322 -4.00000e+01
2418 -3.90000e+01
2531 -3.80000e+01
2653 -3.70000e+01
2715 -3.60000e+01
2773 -3.50000e+01
3049 -3.40000e+01
3128 -3.30000e+01
3318 -3.20000e+01
3355 -3.10000e+01
3580 -3.00000e+01
3695 -2.90000e+01
3785 -2.80000e+01
4002 -2.70000e+01
4151 -2.60000e+01
4218 -2.50000e+01
4435 -2.40000e+01
4680 -2.30000e+01
4792 -2.20000e+01
4968 -2.10000e+01
5043 -2.00000e+01
5209 -1.90000e+01
5276 -1.80000e+01
5351 -1.70000e+01
5404 -1.60000e+01
5585 -1.50000e+01
5854 -1.40000e+01
5889 -1.30000e+01
6155 -1.20000e+01
6397 -1.10000e+01
6540 -1.00000e+01
6587 -9.00000e+00
6788 -8.00000e+00
6929 -7.00000e+00
7236 -6.00000e+00
7410 -5.00000e+00
7555 -4.00000e+00
7742 -3.00000e+00
8161 -2.00000e+00
8250 -1.00000e+00
8772 +5.76000e+02
9951 +5.76000e+02
"function evaluation" "best-so-far f(x)"
1 -6.60000e+01
17 -6.50000e+01
62 -6.40000e+01
64 -6.30000e+01
139 -6.20000e+01
217 -6.10000e+01
359 -6.00000e+01
421 -5.90000e+01
499 -5.80000e+01
572 -5.70000e+01
616 -5.60000e+01
667 -5.50000e+01
766 -5.40000e+01
856 -5.30000e+01
904 -5.20000e+01
918 -5.10000e+01
1028 -5.00000e+01
1159 -4.90000e+01
1360 -4.80000e+01
1568 -4.70000e+01
1592 -4.60000e+01
1612 -4.50000e+01
1687 -4.40000e+01
1830 -4.30000e+01
1835 -4.20000e+01
2045 -4.10000e+01
2090 -4.00000e+01
2272 -3.90000e+01
2427 -3.80000e+01
2511 -3.70000e+01
2621 -3.60000e+01
2820 -3.50000e+01
2835 -3.40000e+01
2924 -3.30000e+01
3083 -3.20000e+01
3156 -3.10000e+01
3300 -2.90000e+01
3408 -2.80000e+01
3412 -2.70000e+01
3605 -2.60000e+01
3729 -2.50000e+01
3749 -2.40000e+01
3963 -2.30000e+01
4004 -2.20000e+01
4075 -2.10000e+01
4180 -2.00000e+01
4343 -1.90000e+01
4354 -1.80000e+01
4426 -1.70000e+01
4522 -1.60000e+01
4697 -1.50000e+01
4926 -1.40000e+01
5033 -1.30000e+01
5601 -1.20000e+01
5809 -1.10000e+01
6006 -1.00000e+01
6181 -9.00000e+00
6809 -8.00000e+00
6966 -7.00000e+00
7344 -6.00000e+00
7550 -5.00000e+00
7781 -4.00000e+00
7948 -3.00000e+00
8079 -2.00000e+00
8539 -1.00000e+00
8787 +5.83000e+02
8839 +5.92000e+02
8905 +6.08000e+02
9909 +6.14000e+02
9951 +6.14000e+02
"function evaluation" "best-so-far f(x)"
1 -6.60000e+01
3 -6.50000e+01
69 -6.40000e+01
178 -6.30000e+01
243 -6.20000e+01
282 -6.10000e+01
416 -6.00000e+01
511 -5.90000e+01
554 -5.80000e+01
701 -5.70000e+01
806 -5.60000e+01
910 -5.50000e+01
983 -5.40000e+01
1005 -5.30000e+01
1245 -5.20000e+01
1308 -5.10000e+01
1400 -5.00000e+01
1434 -4.90000e+01
1502 -4.80000e+01
1512 -4.60000e+01
1535 -4.50000e+01
1579 -4.40000e+01
1801 -4.30000e+01
1819 -4.20000e+01
1916 -4.10000e+01
2004 -4.00000e+01
2074 -3.90000e+01
2262 -3.80000e+01
2328 -3.70000e+01
2542 -3.60000e+01
2680 -3.50000e+01
2886 -3.40000e+01
2997 -3.30000e+01
3223 -3.20000e+01
3317 -3.10000e+01
3636 -3.00000e+01
3663 -2.90000e+01
3766 -2.80000e+01
3959 -2.70000e+01
3960 -2.60000e+01
4086 -2.50000e+01
4142 -2.40000e+01
4295 -2.30000e+01
4383 -2.20000e+01
4473 -2.10000e+01
4563 -2.00000e+01
4656 -1.90000e+01
4816 -1.80000e+01
4939 -1.70000e+01
5103 -1.60000e+01
5194 -1.50000e+01
5351 -1.40000e+01
5582 -1.30000e+01
5775 -1.20000e+01
5928 -1.10000e+01
6088 -1.00000e+01
6290 -9.00000e+00
6468 -8.00000e+00
6544 -7.00000e+00
6769 -6.00000e+00
7072 -5.00000e+00
7183 -4.00000e+00
7601 -3.00000e+00
7740 -2.00000e+00
7896 -1.00000e+00
8128 +6.12000e+02
8804 +6.17000e+02
9951 +6.17000e+02
"function evaluation" "best-so-far f(x)"
1 -6.60000e+01
21 -6.50000e+01
26 -6.40000e+01
133 -6.30000e+01
234 -6.20000e+01
386 -6.10000e+01
439 -6.00000e+01
503 -5.90000e+01
562 -5.80000e+01
632 -5.70000e+01
786 -5.60000e+01
956 -5.50000e+01
1022 -5.40000e+01
1160 -5.30000e+01
1312 -5.20000e+01
1387 -5.10000e+01
1522 -5.00000e+01
1650 -4.90000e+01
1731 -4.80000e+01
1826 -4.60000e+01
1869 -4.50000e+01
1979 -4.40000e+01
2078 -4.30000e+01
2213 -4.20000e+01
2277 -4.00000e+01
2400 -3.80000e+01
2548 -3.70000e+01
2708 -3.60000e+01
2741 -3.50000e+01
2875 -3.40000e+01
3262 -3.30000e+01
3496 -3.20000e+01
3592 -3.10000e+01
3660 -3.00000e+01
3803 -2.90000e+01
3932 -2.80000e+01
4040 -2.70000e+01
4086 -2.60000e+01
4208 -2.50000e+01
4453 -2.40000e+01
4744 -2.30000e+01
4874 -2.20000e+01
4956 -2.10000e+01
5249 -1.90000e+01
5413 -1.80000e+01
5914 -1.70000e+01
6018 -1.60000e+01
6120 -1.50000e+01
6305 -1.40000e+01
6389 -1.30000e+01
6692 -1.20000e+01
6744 -1.10000e+01
6881 -1.00000e+01
7027 -9.00000e+00
7382 -8.00000e+00
7627 -7.00000e+00
7689 -6.00000e+00
7714 -5.00000e+00
7853 -4.00000e+00
8062 -3.00000e+00
8674 -2.00000e+00
8870 -1.00000e+00
9134 +5.66000e+02
9179 +5.94000e+02
9951 +5.94000e+02
"function evaluation" "best-so-far f(x)"
1 -6.60000e+01
40 -6.50000e+01
85 -6.40000e+01
221 -6.30000e+01
469 -6.20000e+01
632 -6.10000e+01
757 -6.00000e+01
832 -5.90000e+01
908 -5.80000e+01
989 -5.70000e+01
1115 -5.60000e+01
1218 -5.50000e+01
1380 -5.30000e+01
1523 -5.20000e+01
1568 -5.10000e+01
1611 -5.00000e+01
1633 -4.90000e+01
1727 -4.80000e+01
1791 -4.70000e+01
1948 -4.60000e+01
1982 -4.50000e+01
2021 -4.40000e+01
2112 -4.30000e+01
2228 -4.20000e+01
2365 -4.10000e+01
2428 -4.00000e+01
2473 -3.90000e+01
2550 -3.80000e+01
2657 -3.70000e+01
2796 -3.60000e+01
2965 -3.50000e+01
3030 -3.40000e+01
3048 -3.30000e+01
3134 -3.20000e+01
3312 -3.10000e+01
3486 -3.00000e+01
3669 -2.90000e+01
3792 -2.80000e+01
3911 -2.70000e+01
4036 -2.60000e+01
4197 -2.50000e+01
4379 -2.40000e+01
4485 -2.30000e+01
4596 -2.20000e+01
4792 -2.10000e+01
4859 -2.00000e+01
4892 -1.90000e+01
5079 -1.80000e+01
5161 -1.70000e+01
5382 -1.60000e+01
5517 -1.50000e+01
5601 -1.40000e+01
5718 -1.30000e+01
5948 -1.20000e+01
6132 -1.10000e+01
6284 -1.00000e+01
6561 -9.00000e+00
6841 -8.00000e+00
7118 -7.00000e+00
7244 -6.00000e+00
7498 -5.00000e+00
8333 -4.00000e+00
8600 -3.00000e+00
8727 -2.00000e+00
9378 -1.00000e+00
9459 +5.58000e+02
9503 +5.62000e+02
9573 +5.71000e+02
9639 +5.78000e+02
9951 +5.78000e+02
"function evaluation" "best-so-far f(x)"
1 -6.60000e+01
21 -6.50000e+01
74 -6.40000e+01
170 -6.30000e+01
350 -6.20000e+01
505 -6.10000e+01
520 -6.00000e+01
634 -5.90000e+01
756 -5.80000e+01
823 -5.70000e+01
923 -5.60000e+01
1009 -5.50000e+01
1143 -5.40000e+01
1251 -5.30000e+01
1351 -5.20000e+01
1478 -5.00000e+01
1688 -4.90000e+01
1791 -4.80000e+01
1834 -4.70000e+01
1876 -4.60000e+01
1891 -4.50000e+01
2052 -4.40000e+01
2080 -4.30000e+01
2147 -4.20000e+01
2246 -4.10000e+01
2481 -4.00000e+01
2608 -3.90000e+01
2676 -3.80000e+01
2710 -3.70000e+01
2915 -3.60000e+01
3020 -3.50000e+01
3090 -3.40000e+01
3192 -3.30000e+01
3221 -3.20000e+01
3239 -3.10000e+01
3364 -3.00000e+01
3377 -2.90000e+01
3537 -2.80000e+01
3642 -2.70000e+01
3914 -2.60000e+01
4003 -2.50000e+01
4208 -2.40000e+01
4289 -2.30000e+01
4299 -2.20000e+01
4317 -2.10000e+01
4419 -2.00000e+01
4614 -1.90000e+01
4776 -1.70000e+01
4936 -1.60000e+01
5018 -1.50000e+01
5227 -1.40000e+01
5285 -1.30000e+01
5467 -1.20000e+01
5612 -1.10000e+01
5873 -1.00000e+01
6242 -9.00000e+00
6285 -8.00000e+00
6399 -7.00000e+00
6408 -6.00000e+00
6633 -5.00000e+00
6830 -4.00000e+00
7300 -3.00000e+00
7644 -2.00000e+00
7921 -1.00000e+00
8767 +6.30000e+02
8893 +6.36000e+02
9580 +6.46000e+02
9717 +6.47000e+02
9951 +6.47000e+02
"function evaluation" "best-so-far f(x)"
1 -6.60000e+01
16 -6.40000e+01
68 -6.30000e+01
132 -6.20000e+01
242 -6.10000e+01
306 -6.00000e+01
416 -5.90000e+01
444 -5.70000e+01
549 -5.60000e+01
610 -5.50000e+01
740 -5.40000e+01
845 -5.30000e+01
933 -5.20000e+01
1034 -5.10000e+01
1083 -5.00000e+01
1193 -4.90000e+01
1288 -4.80000e+01
1378 -4.70000e+01
1527 -4.60000e+01
1590 -4.50000e+01
1758 -4.40000e+01
1771 -4.30000e+01
1861 -4.20000e+01
1966 -4.10000e+01
2104 -4.00000e+01
2304 -3.90000e+01
2422 -3.80000e+01
2548 -3.70000e+01
2660 -3.60000e+01
2827 -3.50000e+01
2924 -3.40000e+01
2997 -3.30000e+01
3106 -3.20000e+01
3192 -3.10000e+01
3225 -3.00000e+01
3379 -2.90000e+01
3389 -2.80000e+01
3644 -2.70000e+01
3759 -2.60000e+01
3923 -2.50000e+01
4083 -2.40000e+01
4197 -2.30000e+01
4295 -2.20000e+01
4513 -2.10000e+01
4538 -2.00000e+01
4782 -1.90000e+01
5038 -1.80000e+01
5176 -1.70000e+01
5279 -1.60000e+01
5368 -1.50000e+01
5874 -1.40000e+01
5892 -1.30000e+01
5948 -1.20000e+01
6110 -1.10000e+01
6365 -1.00000e+01
6617 -9.00000e+00
6787 -8.00000e+00
6870 -7.00000e+00
6954 -6.00000e+00
7371 -5.00000e+00
7450 -4.00000e+00
7665 -3.00000e+00
7999 -2.00000e+00
8088 -1.00000e+00
8215 +5.78000e+02
8396 +5.94000e+02
8717 +6.00000e+02
8925 +6.06000e+02
9440 +6.10000e+02
9656 +6.14000e+02
9755 +6.30000e+02
9951 +6.30000e+02
"function evaluation" "best-so-far f(x)"
1 -6.60000e+01
29 -6.50000e+01
89 -6.40000e+01
145 -6.30000e+01
195 -6.20000e+01
288 -6.10000e+01
365 -6.00000e+01
409 -5.90000e+01
459 -5.80000e+01
656 -5.70000e+01
720 -5.60000e+01
767 -5.50000e+01
917 -5.40000e+01
1049 -5.30000e+01
1264 -5.20000e+01
1357 -5.10000e+01
1520 -5.00000e+01
1617 -4.90000e+01
1663 -4.80000e+01
1852 -4.70000e+01
2021 -4.60000e+01
2123 -4.50000e+01
2374 -4.40000e+01
2521 -4.30000e+01
2569 -4.20000e+01
2628 -4.10000e+01
2724 -4.00000e+01
2818 -3.90000e+01
2959 -3.80000e+01
3009 -3.70000e+01
3033 -3.60000e+01
3296 -3.50000e+01
3454 -3.40000e+01
3516 -3.30000e+01
3666 -3.20000e+01
3715 -3.10000e+01
3895 -3.00000e+01
4004 -2.90000e+01
4010 -2.80000e+01
4149 -2.70000e+01
4283 -2.60000e+01
4374 -2.50000e+01
4571 -2.40000e+01
4771 -2.30000e+01
4911 -2.20000e+01
4916 -2.10000e+01
5254 -2.00000e+01
5324 -1.90000e+01
5397 -1.80000e+01
5462 -1.70000e+01
5527 -1.60000e+01
5671 -1.50000e+01
5799 -1.40000e+01
6081 -1.30000e+01
6132 -1.20000e+01
6253 -1.10000e+01
6473 -1.00000e+01
6602 -9.00000e+00
6822 -8.00000e+00
6961 -7.00000e+00
7242 -6.00000e+00
7363 -5.00000e+00
7481 -4.00000e+00
7585 -3.00000e+00
7823 -2.00000e+00
8313 -1.00000e+00
8464 +6.35000e+02
9433 +6.38000e+02
9951 +6.38000e+02
"function evaluation" "best-so-far f(x)"
1 -6.60000e+01
15 -6.50000e+01
96 -6.40000e+01
213 -6.30000e+01
358 -6.20000e+01
451 -6.10000e+01
577 -6.00000e+01
617 -5.90000e+01
666 -5.80000e+01
815 -5.70000e+01
938 -5.60000e+01
1073 -5.50000e+01
1173 -5.40000e+01
1242 -5.30000e+01
1379 -5.20000e+01
1601 -5.10000e+01
1764 -5.00000e+01
1878 -4.90000e+01
1999 -4.80000e+01
2235 -4.70000e+01
2286 -4.60000e+01
2325 -4.50000e+01
2397 -4.40000e+01
2479 -4.30000e+01
2606 -4.20000e+01
2662 -4.10000e+01
2796 -4.00000e+01
2922 -3.90000e+01
2986 -3.70000e+01
3294 -3.60000e+01
3309 -3.50000e+01
3463 -3.40000e+01
3665 -3.30000e+01
3750 -3.20000e+01
3796 -3.10000e+01
4065 -3.00000e+01
4104 -2.90000e+01
4284 -2.80000e+01
4446 -2.70000e+01
4612 -2.60000e+01
4654 -2.50000e+01
4684 -2.40000e+01
4733 -2.30000e+01
4886 -2.20000e+01
4990 -2.10000e+01
5027 -2.00000e+01
5135 -1.90000e+01
5162 -1.80000e+01
5274 -1.70000e+01
5442 -1.60000e+01
5591 -1.50000e+01
5860 -1.40000e+01
5969 -1.30000e+01
5971 -1.20000e+01
6146 -1.10000e+01
6246 -1.00000e+01
6247 -9.00000e+00
6353 -8.00000e+00
6523 -7.00000e+00
6753 -6.00000e+00
6892 -5.00000e+00
7253 -4.00000e+00
7621 -3.00000e+00
7894 -2.00000e+00
8210 -1.00000e+00
8358 +5.83000e+02
8844 +6.10000e+02
9326 +6.16000e+02
9429 +6.17000e+02
9644 +6.39000e+02
9951 +6.39000e+02
"function evaluation" "best-so-far f(x)"
1 -6.60000e+01
47 -6.50000e+01
198 -6.40000e+01
244 -6.30000e+01
268 -6.20000e+01
365 -6.10000e+01
434 -6.00000e+01
519 -5.90000e+01
682 -5.80000e+01
743 -5.70000e+01
818 -5.60000e+01
978 -5.50000e+01
1021 -5.40000e+01
1037 -5.30000e+01
1132 -5.20000e+01
1224 -5.10000e+01
1288 -5.00000e+01
1349 -4.90000e+01
1463 -4.80000e+01
1512 -4.70000e+01
1638 -4.60000e+01
1669 -4.50000e+01
1746 -4.40000e+01
1931 -4.30000e+01
1958 -4.20000e+01
2198 -4.10000e+01
2225 -4.00000e+01
2345 -3.90000e+01
2442 -3.80000e+01
2507 -3.70000e+01
2619 -3.60000e+01
2799 -3.50000e+01
2907 -3.40000e+01
2935 -3.30000e+01
3031 -3.20000e+01
3093 -3.10000e+01
3202 -3.00000e+01
3334 -2.90000e+01
3447 -2.80000e+01
3556 -2.70000e+01
3746 -2.60000e+01
3760 -2.50000e+01
3917 -2.40000e+01
4055 -2.30000e+01
4201 -2.20000e+01
4328 -2.10000e+01
4500 -2.00000e+01
4507 -1.90000e+01
4788 -1.80000e+01
4979 -1.70000e+01
5077 -1.60000e+01
5164 -1.50000e+01
5358 -1.40000e+01
5549 -1.20000e+01
6011 -1.10000e+01
6239 -1.00000e+01
6245 -9.00000e+00
6332 -8.00000e+00
6472 -7.00000e+00
6507 -6.00000e+00
6903 -5.00000e+00
7072 -4.00000e+00
7267 -2.00000e+00
7555 -1.00000e+00
7737 +5.81000e+02
7779 +5.95000e+02
7890 +6.00000e+02
8568 +6.20000e+02
9884 +6.30000e+02
9951 +6.30000e+02
"function evaluation" "best-so-far f(x)"
1 -6.60000e+01
7 -6.50000e+01
92 -6.40000e+01
129 -6.30000e+01
288 -6.20000e+01
526 -6.10000e+01
576 -6.00000e+01
681 -5.90000e+01
765 -5.80000e+01
780 -5.70000e+01
891 -5.60000e+01
970 -5.50000e+01
1038 -5.30000e+01
1064 -5.20000e+01
1114 -5.10000e+01
1194 -5.00000e+01
1295 -4.90000e+01
1375 -4.80000e+01
1406 -4.70000e+01
1564 -4.60000e+01
1653 -4.50000e+01
1772 -4.40000e+01
1810 -4.30000e+01
1951 -4.20000e+01
2034 -4.00000e+01
2125 -3.90000e+01
2141 -3.80000e+01
2281 -3.70000e+01
2372 -3.60000e+01
2450 -3.50000e+01
2528 -3.40000e+01
2587 -3.30000e+01
2783 -3.20000e+01
2879 -3.10000e+01
2975 -3.00000e+01
3058 -2.90000e+01
3253 -2.80000e+01
3418 -2.70000e+01
3550 -2.60000e+01
3719 -2.50000e+01
3902 -2.40000e+01
3993 -2.30000e+01
4107 -2.20000e+01
4230 -2.10000e+01
4321 -2.00000e+01
4483 -1.90000e+01
4538 -1.80000e+01
4565 -1.60000e+01
4669 -1.50000e+01
4697 -1.40000e+01
4939 -1.30000e+01
5088 -1.20000e+01
5300 -1.10000e+01
5766 -1.00000e+01
5904 -9.00000e+00
5975 -8.00000e+00
6055 -7.00000e+00
6151 -6.00000e+00
6341 -5.00000e+00
6869 -4.00000e+00
7042 -3.00000e+00
7235 -2.00000e+00
7602 -1.00000e+00
7968 +6.17000e+02
8748 +6.20000e+02
9869 +6.23000e+02
9951 +6.23000e+02
"function evaluation" "best-so-far f(x)"
1 -6.60000e+01
2 -6.50000e+01
82 -6.30000e+01
252 -6.20000e+01
342 -6.10000e+01
369 -6.00000e+01
485 -5.90000e+01
542 -5.80000e+01
591 -5.70000e+01
691 -5.60000e+01
738 -5.50000e+01
913 -5.40000e+01
979 -5.30000e+01
1046 -5.20000e+01
1111 -5.10000e+01
1218 -5.00000e+01
1261 -4.90000e+01
1309 -4.80000e+01
1392 -4.70000e+01
1464 -4.60000e+01
1602 -4.50000e+01
1672 -4.40000e+01
1847 -4.30000e+01
1933 -4.20000e+01
1955 -4.10000e+01
2125 -4.00000e+01
2199 -3.90000e+01
2242 -3.80000e+01
2404 -3.70000e+01
2512 -3.60000e+01
2757 -3.50000e+01
2811 -3.40000e+01
2961 -3.30000e+01
3084 -3.20000e+01
3288 -3.10000e+01
3414 -3.00000e+01
3638 -2.90000e+01
3772 -2.80000e+01
4003 -2.70000e+01
4248 -2.60000e+01
4308 -2.50000e+01
4492 -2.40000e+01
4560 -2.30000e+01
4645 -2.20000e+01
4787 -2.10000e+01
4868 -2.00000e+01
4955 -1.90000e+01
5141 -1.80000e+01
5276 -1.70000e+01
5353 -1.60000e+01
5453 -1.50000e+01
5676 -1.40000e+01
5805 -1.30000e+01
5881 -1.20000e+01
6065 -1.10000e+01
6215 -1.00000e+01
6260 -9.00000e+00
6419 -8.00000e+00
6440 -7.00000e+00
6851 -6.00000e+00
7072 -5.00000e+00
7273 -4.00000e+00
7343 -3.00000e+00
7459 -2.00000e+00
7684 -1.00000e+00
7803 +5.95000e+02
7960 +5.97000e+02
8004 +5.98000e+02
8175 +6.26000e+02
8647 +6.36000e+02
9223 +6.40000e+02
9614 +6.52000e+02
9951 +6.52000e+02
"function evaluation" "best-so-far f(x)"
1 -6.60000e+01
7 -6.50000e+01
79 -6.40000e+01
232 -6.30000e+01
281 -6.20000e+01
427 -6.10000e+01
494 -6.00000e+01
590 -5.90000e+01
668 -5.80000e+01
737 -5.70000e+01
823 -5.60000e+01
860 -5.50000e+01
933 -5.40000e+01
1064 -5.30000e+01
1199 -5.20000e+01
1303 -5.10000e+01
1348 -4.80000e+01
1449 -4.70000e+01
1565 -4.60000e+01
1676 -4.50000e+01
1761 -4.40000e+01
1820 -4.30000e+01
1911 -4.20000e+01
1981 -4.10000e+01
2054 -4.00000e+01
2136 -3.90000e+01
2222 -3.80000e+01
2275 -3.70000e+01
2415 -3.60000e+01
2555 -3.50000e+01
2706 -3.40000e+01
2867 -3.30000e+01
3031 -3.20000e+01
3038 -3.10000e+01
3054 -3.00000e+01
3219 -2.90000e+01
3426 -2.80000e+01
3528 -2.60000e+01
3609 -2.50000e+01
3782 -2.40000e+01
3884 -2.30000e+01
3948 -2.20000e+01
4022 -2.10000e+01
4093 -2.00000e+01
4200 -1.90000e+01
4288 -1.80000e+01
4514 -1.70000e+01
4762 -1.60000e+01
4971 -1.50000e+01
5254 -1.40000e+01
5323 -1.30000e+01
5653 -1.20000e+01
5821 -1.10000e+01
5882 -1.00000e+01
6359 -9.00000e+00
6405 -8.00000e+00
6715 -7.00000e+00
6861 -6.00000e+00
7063 -5.00000e+00
7297 -4.00000e+00
7442 -3.00000e+00
8207 -2.00000e+00
8516 -1.00000e+00
8888 +6.09000e+02
9299 +6.10000e+02
9951 +6.10000e+02
