"function evaluation" "best-so-far f(x)"
1 -6.60000e+01
4 -6.50000e+01
106 -6.40000e+01
335 -6.30000e+01
379 -6.20000e+01
487 -6.10000e+01
659 -6.00000e+01
668 -5.90000e+01
908 -5.80000e+01
1163 -5.70000e+01
1345 -5.60000e+01
1525 -5.50000e+01
1538 -5.40000e+01
1725 -5.30000e+01
1794 -5.20000e+01
2156 -5.10000e+01
2238 -5.00000e+01
2354 -4.90000e+01
2514 -4.80000e+01
2840 -4.70000e+01
2871 -4.60000e+01
2987 -4.50000e+01
3331 -4.40000e+01
3362 -4.30000e+01
3585 -4.20000e+01
3750 -4.10000e+01
4044 -4.00000e+01
4187 -3.90000e+01
4326 -3.80000e+01
5333 -3.70000e+01
5383 -3.60000e+01
5575 -3.50000e+01
5989 -3.40000e+01
6127 -3.30000e+01
6226 -3.20000e+01
6440 -3.10000e+01
6494 -3.00000e+01
6533 -2.90000e+01
7073 -2.80000e+01
7373 -2.70000e+01
7535 -2.60000e+01
7641 -2.50000e+01
7675 -2.40000e+01
7692 -2.30000e+01
8023 -2.20000e+01
8340 -2.10000e+01
8748 -2.00000e+01
9590 -1.90000e+01
9812 -1.80000e+01
9981 -1.80000e+01
"function evaluation" "best-so-far f(x)"
1 -6.60000e+01
27 -6.50000e+01
161 -6.40000e+01
180 -6.30000e+01
193 -6.20000e+01
305 -6.10000e+01
462 -6.00000e+01
681 -5.90000e+01
940 -5.80000e+01
967 -5.70000e+01
1043 -5.60000e+01
1051 -5.50000e+01
1303 -5.40000e+01
1376 -5.30000e+01
1480 -5.20000e+01
1669 -5.10000e+01
1750 -5.00000e+01
1792 -4.90000e+01
1803 -4.80000e+01
1817 -4.60000e+01
2089 -4.50000e+01
2184 -4.30000e+01
2348 -4.20000e+01
2550 -4.10000e+01
2628 -4.00000e+01
2851 -3.90000e+01
3081 -3.80000e+01
3431 -3.70000e+01
3454 -3.50000e+01
3601 -3.40000e+01
3842 -3.30000e+01
3913 -3.20000e+01
4564 -3.10000e+01
4897 -2.90000e+01
5012 -2.80000e+01
5657 -2.70000e+01
6871 -2.60000e+01
7127 -2.50000e+01
7262 -2.40000e+01
8502 -2.30000e+01
8904 -2.20000e+01
9557 -2.10000e+01
9581 -2.00000e+01
9654 -1.90000e+01
9981 -1.90000e+01
"function evaluation" "best-so-far f(x)"
1 -6.60000e+01
176 -6.50000e+01
200 -6.40000e+01
201 -6.30000e+01
216 -6.20000e+01
395 -6.10000e+01
763 -6.00000e+01
1021 -5.90000e+01
1074 -5.80000e+01
1230 -5.70000e+01
1362 -5.60000e+01
1706 -5.50000e+01
1852 -5.40000e+01
2086 -5.30000e+01
2147 -5.20000e+01
2215 -5.10000e+01
2474 -5.00000e+01
2675 -4.90000e+01
2831 -4.80000e+01
2974 -4.70000e+01
3375 -4.60000e+01
3867 -4.50000e+01
3942 -4.40000e+01
4198 -4.30000e+01
5011 -4.20000e+01
5145 -4.10000e+01
5337 -4.00000e+01
5491 -3.90000e+01
5731 -3.80000e+01
6259 -3.70000e+01
6764 -3.60000e+01
6796 -3.50000e+01
7345 -3.40000e+01
8227 -3.30000e+01
8491 -3.20000e+01
8537 -3.10000e+01
8723 -3.00000e+01
9044 -2.90000e+01
9087 -2.80000e+01
9326 -2.70000e+01
9595 -2.60000e+01
9981 -2.60000e+01
"function evaluation" "best-so-far f(x)"
1 -6.60000e+01
13 -6.50000e+01
94 -6.40000e+01
231 -6.30000e+01
242 -6.20000e+01
404 -6.10000e+01
425 -6.00000e+01
496 -5.90000e+01
627 -5.80000e+01
665 -5.70000e+01
899 -5.60000e+01
925 -5.50000e+01
1070 -5.40000e+01
1143 -5.30000e+01
1309 -5.20000e+01
1582 -5.10000e+01
2062 -5.00000e+01
2204 -4.90000e+01
2228 -4.80000e+01
2394 -4.70000e+01
2452 -4.60000e+01
3094 -4.50000e+01
3330 -4.40000e+01
3353 -4.30000e+01
3356 -4.20000e+01
3514 -4.10000e+01
3522 -4.00000e+01
3569 -3.90000e+01
3878 -3.80000e+01
4181 -3.70000e+01
4934 -3.60000e+01
5109 -3.50000e+01
5262 -3.40000e+01
5516 -3.30000e+01
5525 -3.20000e+01
5598 -3.10000e+01
6108 -3.00000e+01
6347 -2.90000e+01
6412 -2.80000e+01
7090 -2.70000e+01
7147 -2.60000e+01
7209 -2.50000e+01
7738 -2.40000e+01
8080 -2.30000e+01
8694 -2.20000e+01
9358 -2.10000e+01
9981 -2.10000e+01
"function evaluation" "best-so-far f(x)"
1 -6.60000e+01
53 -6.50000e+01
57 -6.40000e+01
275 -6.30000e+01
280 -6.20000e+01
327 -6.10000e+01
389 -6.00000e+01
410 -5.90000e+01
466 -5.80000e+01
665 -5.70000e+01
937 -5.60000e+01
1130 -5.50000e+01
1410 -5.40000e+01
1414 -5.20000e+01
1428 -5.10000e+01
1444 -5.00000e+01
1790 -4.90000e+01
2030 -4.80000e+01
2334 -4.60000e+01
2343 -4.50000e+01
2874 -4.40000e+01
2935 -4.30000e+01
2947 -4.20000e+01
3036 -4.00000e+01
3331 -3.90000e+01
3500 -3.80000e+01
3529 -3.70000e+01
3601 -3.60000e+01
3953 -3.50000e+01
4304 -3.40000e+01
5475 -3.30000e+01
6203 -3.20000e+01
6239 -3.10000e+01
6425 -3.00000e+01
7178 -2.90000e+01
7285 -2.80000e+01
7456 -2.70000e+01
8131 -2.60000e+01
8262 -2.50000e+01
8506 -2.40000e+01
9890 -2.30000e+01
9981 -2.30000e+01
"function evaluation" "best-so-far f(x)"
1 -6.60000e+01
7 -6.50000e+01
154 -6.40000e+01
373 -6.30000e+01
496 -6.20000e+01
723 -6.10000e+01
885 -6.00000e+01
908 -5.90000e+01
1011 -5.80000e+01
1092 -5.70000e+01
1517 -5.60000e+01
1538 -5.50000e+01
1587 -5.30000e+01
1609 -5.20000e+01
1891 -5.10000e+01
2215 -5.00000e+01
2351 -4.90000e+01
2353 -4.80000e+01
2458 -4.70000e+01
2574 -4.60000e+01
2729 -4.50000e+01
2897 -4.40000e+01
3460 -4.30000e+01
3606 -4.20000e+01
3611 -4.10000e+01
3963 -4.00000e+01
4017 -3.90000e+01
4090 -3.80000e+01
4446 -3.70000e+01
4504 -3.60000e+01
4749 -3.50000e+01
4851 -3.40000e+01
4907 -3.30000e+01
4924 -3.20000e+01
5065 -3.10000e+01
5348 -3.00000e+01
5590 -2.90000e+01
5595 -2.80000e+01
6490 -2.70000e+01
7071 -2.60000e+01
8634 -2.50000e+01
8827 -2.40000e+01
8915 -2.30000e+01
9005 -2.20000e+01
9304 -2.10000e+01
9414 -2.00000e+01
9981 -2.00000e+01
"function evaluation" "best-so-far f(x)"
1 -6.60000e+01
82 -6.50000e+01
184 -6.40000e+01
299 -6.30000e+01
404 -6.20000e+01
532 -6.10000e+01
622 -6.00000e+01
693 -5.90000e+01
723 -5.80000e+01
845 -5.70000e+01
1059 -5.60000e+01
1170 -5.50000e+01
1511 -5.40000e+01
1533 -5.30000e+01
1797 -5.20000e+01
2044 -5.10000e+01
2073 -5.00000e+01
2260 -4.90000e+01
2426 -4.80000e+01
2536 -4.70000e+01
2668 -4.60000e+01
2670 -4.50000e+01
2908 -4.40000e+01
2919 -4.30000e+01
3866 -4.20000e+01
3922 -4.10000e+01
4229 -4.00000e+01
4282 -3.90000e+01
4289 -3.80000e+01
4406 -3.70000e+01
4761 -3.60000e+01
4894 -3.50000e+01
5613 -3.30000e+01
6785 -3.20000e+01
6964 -3.10000e+01
7224 -3.00000e+01
7285 -2.90000e+01
7368 -2.80000e+01
7443 -2.70000e+01
7626 -2.60000e+01
7742 -2.50000e+01
7744 -2.30000e+01
7916 -2.20000e+01
7987 -2.10000e+01
8096 -2.00000e+01
8377 -1.90000e+01
8767 -1.80000e+01
8873 -1.70000e+01
9981 -1.70000e+01
"function evaluation" "best-so-far f(x)"
1 -6.60000e+01
10 -6.50000e+01
47 -6.40000e+01
236 -6.30000e+01
436 -6.20000e+01
544 -6.10000e+01
657 -6.00000e+01
970 -5.90000e+01
1257 -5.80000e+01
1323 -5.70000e+01
1360 -5.60000e+01
1723 -5.50000e+01
1910 -5.40000e+01
2141 -5.30000e+01
2513 -5.20000e+01
2550 -5.10000e+01
2763 -5.00000e+01
2812 -4.90000e+01
2976 -4.80000e+01
3178 -4.70000e+01
3458 -4.60000e+01
3693 -4.50000e+01
3776 -4.40000e+01
4031 -4.30000e+01
4434 -4.20000e+01
4675 -4.10000e+01
4707 -4.00000e+01
4995 -3.90000e+01
5099 -3.80000e+01
5534 -3.70000e+01
5700 -3.60000e+01
5781 -3.50000e+01
5857 -3.40000e+01
5939 -3.30000e+01
6142 -3.20000e+01
6179 -3.10000e+01
6539 -3.00000e+01
6627 -2.90000e+01
7621 -2.80000e+01
7661 -2.70000e+01
8174 -2.60000e+01
8312 -2.50000e+01
9025 -2.40000e+01
9088 -2.30000e+01
9811 -2.20000e+01
9981 -2.20000e+01
"function evaluation" "best-so-far f(x)"
1 -6.60000e+01
49 -6.50000e+01
152 -6.40000e+01
205 -6.30000e+01
241 -6.20000e+01
415 -6.10000e+01
811 -6.00000e+01
885 -5.90000e+01
985 -5.80000e+01
999 -5.70000e+01
1281 -5.60000e+01
1421 -5.50000e+01
1560 -5.40000e+01
1836 -5.30000e+01
1890 -5.20000e+01
1951 -5.10000e+01
1965 -5.00000e+01
1973 -4.90000e+01
2332 -4.80000e+01
2972 -4.70000e+01
3049 -4.60000e+01
3166 -4.50000e+01
3283 -4.40000e+01
3563 -4.30000e+01
3716 -4.20000e+01
3725 -4.10000e+01
3861 -4.00000e+01
4049 -3.90000e+01
4281 -3.80000e+01
4722 -3.70000e+01
4735 -3.60000e+01
5100 -3.50000e+01
5360 -3.40000e+01
5664 -3.30000e+01
5855 -3.20000e+01
6068 -3.10000e+01
7428 -3.00000e+01
7799 -2.90000e+01
7810 -2.80000e+01
8525 -2.70000e+01
8635 -2.60000e+01
8715 -2.50000e+01
8716 -2.40000e+01
9055 -2.30000e+01
9427 -2.20000e+01
9511 -2.10000e+01
9981 -2.10000e+01
"function evaluation" "best-so-far f(x)"
1 -6.60000e+01
43 -6.50000e+01
84 -6.40000e+01
156 -6.30000e+01
386 -6.20000e+01
415 -6.10000e+01
817 -6.00000e+01
841 -5.90000e+01
996 -5.80000e+01
1256 -5.70000e+01
1358 -5.60000e+01
1411 -5.50000e+01
1474 -5.40000e+01
1787 -5.30000e+01
1893 -5.20000e+01
1925 -5.10000e+01
2027 -5.00000e+01
2400 -4.90000e+01
2503 -4.80000e+01
2802 -4.70000e+01
2848 -4.60000e+01
3249 -4.50000e+01
3339 -4.40000e+01
3827 -4.30000e+01
4082 -4.20000e+01
4199 -4.10000e+01
4778 -4.00000e+01
4828 -3.90000e+01
4897 -3.80000e+01
5001 -3.70000e+01
5005 -3.60000e+01
5048 -3.50000e+01
5079 -3.40000e+01
5099 -3.30000e+01
6309 -3.20000e+01
6800 -3.10000e+01
7405 -3.00000e+01
8345 -2.90000e+01
8394 -2.80000e+01
9520 -2.70000e+01
9981 -2.70000e+01
"function evaluation" "best-so-far f(x)"
1 -6.60000e+01
15 -6.50000e+01
52 -6.40000e+01
111 -6.30000e+01
460 -6.20000e+01
587 -6.10000e+01
698 -6.00000e+01
887 -5.90000e+01
1084 -5.80000e+01
1122 -5.70000e+01
1172 -5.60000e+01
1322 -5.50000e+01
1324 -5.40000e+01
1473 -5.30000e+01
1581 -5.10000e+01
1788 -5.00000e+01
1819 -4.90000e+01
2251 -4.80000e+01
2493 -4.70000e+01
2558 -4.60000e+01
2798 -4.50000e+01
2989 -4.40000e+01
3017 -4.30000e+01
3181 -4.20000e+01
3308 -4.10000e+01
3357 -4.00000e+01
3848 -3.90000e+01
4103 -3.80000e+01
4180 -3.70000e+01
4815 -3.60000e+01
5118 -3.50000e+01
5299 -3.40000e+01
5338 -3.30000e+01
5392 -3.20000e+01
5654 -3.10000e+01
7027 -3.00000e+01
7128 -2.90000e+01
7156 -2.80000e+01
7368 -2.70000e+01
7612 -2.60000e+01
7950 -2.50000e+01
8032 -2.40000e+01
8367 -2.30000e+01
8885 -2.20000e+01
9016 -2.10000e+01
9610 -2.00000e+01
9981 -2.00000e+01
"function evaluation" "best-so-far f(x)"
1 -6.60000e+01
12 -6.50000e+01
94 -6.40000e+01
129 -6.30000e+01
209 -6.20000e+01
452 -6.10000e+01
630 -6.00000e+01
957 -5.90000e+01
1328 -5.80000e+01
1759 -5.70000e+01
1917 -5.60000e+01
2089 -5.40000e+01
2274 -5.30000e+01
2307 -5.20000e+01
2486 -5.10000e+01
2559 -5.00000e+01
2967 -4.90000e+01
3071 -4.80000e+01
3170 -4.70000e+01
3370 -4.60000e+01
3730 -4.50000e+01
4043 -4.40000e+01
4253 -4.30000e+01
4665 -4.20000e+01
4900 -4.10000e+01
5357 -4.00000e+01
5404 -3.90000e+01
5604 -3.80000e+01
5681 -3.70000e+01
5760 -3.60000e+01
5831 -3.50000e+01
6025 -3.40000e+01
6117 -3.30000e+01
6348 -3.20000e+01
6385 -3.10000e+01
6442 -3.00000e+01
6516 -2.90000e+01
6600 -2.80000e+01
7656 -2.70000e+01
7888 -2.60000e+01
8760 -2.50000e+01
9138 -2.40000e+01
9238 -2.30000e+01
9867 -2.20000e+01
9981 -2.20000e+01
"function evaluation" "best-so-far f(x)"
1 -6.60000e+01
39 -6.50000e+01
236 -6.40000e+01
462 -6.30000e+01
598 -6.20000e+01
764 -6.10000e+01
972 -6.00000e+01
1167 -5.90000e+01
1186 -5.80000e+01
1276 -5.70000e+01
1284 -5.60000e+01
1450 -5.50000e+01
1691 -5.40000e+01
1692 -5.30000e+01
1764 -5.20000e+01
1766 -5.10000e+01
1984 -5.00000e+01
2555 -4.90000e+01
3047 -4.80000e+01
3511 -4.70000e+01
3716 -4.60000e+01
3962 -4.50000e+01
4086 -4.40000e+01
4278 -4.30000e+01
4400 -4.20000e+01
4562 -4.10000e+01
4769 -4.00000e+01
4844 -3.90000e+01
5356 -3.80000e+01
6463 -3.60000e+01
6492 -3.50000e+01
6548 -3.40000e+01
6644 -3.20000e+01
6689 -3.10000e+01
7248 -3.00000e+01
8170 -2.90000e+01
8543 -2.80000e+01
8887 -2.70000e+01
9225 -2.60000e+01
9230 -2.50000e+01
9981 -2.50000e+01
"function evaluation" "best-so-far f(x)"
1 -6.60000e+01
12 -6.50000e+01
37 -6.40000e+01
53 -6.30000e+01
213 -6.20000e+01
475 -6.10000e+01
485 -6.00000e+01
536 -5.90000e+01
802 -5.80000e+01
816 -5.70000e+01
1137 -5.60000e+01
1223 -5.50000e+01
1427 -5.40000e+01
1555 -5.30000e+01
1647 -5.20000e+01
1952 -5.10000e+01
2260 -5.00000e+01
2553 -4.90000e+01
2675 -4.80000e+01
2830 -4.70000e+01
2888 -4.60000e+01
3465 -4.50000e+01
3889 -4.40000e+01
3942 -4.30000e+01
3987 -4.20000e+01
4538 -4.10000e+01
4880 -4.00000e+01
5173 -3.90000e+01
5366 -3.80000e+01
5551 -3.70000e+01
5863 -3.60000e+01
6476 -3.50000e+01
7148 -3.40000e+01
7306 -3.30000e+01
7634 -3.20000e+01
7797 -3.10000e+01
8335 -3.00000e+01
8399 -2.90000e+01
9422 -2.80000e+01
9621 -2.70000e+01
9736 -2.60000e+01
9764 -2.50000e+01
9948 -2.40000e+01
9981 -2.40000e+01
"function evaluation" "best-so-far f(x)"
1 -6.60000e+01
18 -6.40000e+01
98 -6.30000e+01
437 -6.20000e+01
699 -6.10000e+01
723 -6.00000e+01
1101 -5.80000e+01
1172 -5.70000e+01
1435 -5.60000e+01
1442 -5.50000e+01
1444 -5.40000e+01
1503 -5.30000e+01
1507 -5.20000e+01
1676 -5.10000e+01
1743 -5.00000e+01
1899 -4.90000e+01
1985 -4.80000e+01
2140 -4.70000e+01
2427 -4.60000e+01
2588 -4.50000e+01
2633 -4.40000e+01
2670 -4.30000e+01
2695 -4.20000e+01
2875 -4.00000e+01
3203 -3.90000e+01
4264 -3.80000e+01
4708 -3.70000e+01
5130 -3.60000e+01
6442 -3.50000e+01
6485 -3.40000e+01
6575 -3.30000e+01
6892 -3.20000e+01
6998 -3.10000e+01
7241 -3.00000e+01
7397 -2.90000e+01
7632 -2.80000e+01
7664 -2.70000e+01
7997 -2.60000e+01
8168 -2.50000e+01
9022 -2.40000e+01
9240 -2.30000e+01
9697 -2.20000e+01
9981 -2.20000e+01
"function evaluation" "best-so-far f(x)"
1 -6.60000e+01
24 -6.50000e+01
114 -6.40000e+01
235 -6.30000e+01
270 -6.10000e+01
332 -6.00000e+01
335 -5.90000e+01
379 -5.80000e+01
690 -5.70000e+01
771 -5.50000e+01
1169 -5.40000e+01
1482 -5.30000e+01
1541 -5.20000e+01
1967 -5.10000e+01
2296 -5.00000e+01
2435 -4.90000e+01
2609 -4.80000e+01
2691 -4.70000e+01
2712 -4.60000e+01
3072 -4.50000e+01
3203 -4.40000e+01
3267 -4.30000e+01
3376 -4.10000e+01
3591 -4.00000e+01
3859 -3.90000e+01
3915 -3.80000e+01
4020 -3.70000e+01
4556 -3.60000e+01
5215 -3.50000e+01
5280 -3.40000e+01
5332 -3.30000e+01
5507 -3.20000e+01
5554 -3.10000e+01
5611 -3.00000e+01
6322 -2.90000e+01
7091 -2.80000e+01
7197 -2.70000e+01
8354 -2.60000e+01
8597 -2.50000e+01
8780 -2.40000e+01
9519 -2.30000e+01
9655 -2.20000e+01
9773 -2.10000e+01
9981 -2.10000e+01
"function evaluation" "best-so-far f(x)"
1 -6.60000e+01
34 -6.50000e+01
143 -6.40000e+01
186 -6.30000e+01
290 -6.10000e+01
742 -6.00000e+01
779 -5.90000e+01
856 -5.80000e+01
892 -5.70000e+01
1277 -5.60000e+01
1283 -5.50000e+01
1428 -5.40000e+01
1554 -5.30000e+01
1641 -5.20000e+01
1772 -5.10000e+01
2158 -5.00000e+01
2169 -4.80000e+01
2393 -4.70000e+01
2411 -4.60000e+01
2843 -4.50000e+01
3192 -4.40000e+01
3472 -4.30000e+01
3970 -4.20000e+01
4092 -4.10000e+01
4336 -4.00000e+01
4630 -3.90000e+01
4670 -3.80000e+01
4989 -3.70000e+01
5271 -3.60000e+01
5584 -3.50000e+01
5751 -3.40000e+01
5794 -3.30000e+01
5996 -3.20000e+01
6030 -3.10000e+01
6507 -3.00000e+01
6528 -2.90000e+01
6917 -2.80000e+01
7066 -2.70000e+01
7243 -2.60000e+01
7416 -2.50000e+01
7885 -2.40000e+01
8398 -2.30000e+01
8441 -2.20000e+01
8531 -2.10000e+01
8617 -2.00000e+01
8934 -1.90000e+01
8955 -1.80000e+01
9726 -1.60000e+01
9756 -1.50000e+01
9981 -1.50000e+01
"function evaluation" "best-so-far f(x)"
1 -6.60000e+01
47 -6.50000e+01
89 -6.40000e+01
149 -6.30000e+01
232 -6.20000e+01
272 -6.10000e+01
504 -5.90000e+01
1328 -5.80000e+01
1467 -5.70000e+01
1610 -5.60000e+01
1706 -5.50000e+01
1842 -5.40000e+01
2171 -5.30000e+01
2529 -5.20000e+01
2885 -5.10000e+01
2910 -5.00000e+01
3206 -4.90000e+01
3388 -4.80000e+01
3614 -4.70000e+01
3739 -4.60000e+01
3793 -4.50000e+01
3892 -4.40000e+01
3906 -4.30000e+01
4215 -4.20000e+01
4253 -4.10000e+01
4331 -4.00000e+01
4352 -3.90000e+01
4598 -3.80000e+01
4760 -3.70000e+01
5050 -3.60000e+01
5110 -3.50000e+01
5260 -3.40000e+01
5350 -3.30000e+01
5515 -3.20000e+01
5913 -3.10000e+01
6361 -3.00000e+01
7463 -2.90000e+01
7534 -2.80000e+01
7760 -2.70000e+01
8505 -2.60000e+01
8988 -2.50000e+01
9051 -2.40000e+01
9835 -2.30000e+01
9981 -2.30000e+01
"function evaluation" "best-so-far f(x)"
1 -6.60000e+01
8 -6.50000e+01
199 -6.40000e+01
313 -6.30000e+01
360 -6.20000e+01
373 -6.10000e+01
437 -6.00000e+01
702 -5.90000e+01
703 -5.80000e+01
883 -5.70000e+01
921 -5.60000e+01
1232 -5.50000e+01
1545 -5.40000e+01
1637 -5.30000e+01
2212 -5.20000e+01
2433 -5.10000e+01
2543 -5.00000e+01
3008 -4.90000e+01
3250 -4.80000e+01
3372 -4.70000e+01
3404 -4.60000e+01
3737 -4.50000e+01
3965 -4.40000e+01
4143 -4.30000e+01
4194 -4.20000e+01
4203 -4.10000e+01
4515 -3.90000e+01
4908 -3.80000e+01
4910 -3.70000e+01
5930 -3.60000e+01
6160 -3.50000e+01
6694 -3.40000e+01
6901 -3.30000e+01
7282 -3.20000e+01
8305 -3.10000e+01
8346 -2.90000e+01
8590 -2.80000e+01
8607 -2.70000e+01
8624 -2.60000e+01
8861 -2.50000e+01
9385 -2.40000e+01
9501 -2.30000e+01
9981 -2.30000e+01
"function evaluation" "best-so-far f(x)"
1 -6.60000e+01
94 -6.50000e+01
112 -6.40000e+01
123 -6.30000e+01
205 -6.20000e+01
475 -6.10000e+01
677 -6.00000e+01
868 -5.90000e+01
900 -5.80000e+01
1126 -5.70000e+01
1228 -5.60000e+01
1330 -5.40000e+01
1666 -5.30000e+01
1822 -5.20000e+01
1884 -5.10000e+01
1908 -5.00000e+01
2028 -4.90000e+01
2140 -4.80000e+01
2203 -4.70000e+01
2373 -4.60000e+01
2971 -4.50000e+01
3135 -4.40000e+01
3266 -4.30000e+01
3360 -4.20000e+01
3398 -4.10000e+01
3436 -4.00000e+01
3637 -3.80000e+01
4220 -3.70000e+01
4350 -3.60000e+01
4590 -3.50000e+01
4725 -3.40000e+01
5070 -3.20000e+01
5244 -3.10000e+01
5273 -3.00000e+01
5380 -2.90000e+01
5430 -2.80000e+01
5497 -2.70000e+01
5502 -2.60000e+01
6451 -2.50000e+01
6557 -2.40000e+01
7276 -2.30000e+01
7416 -2.20000e+01
7555 -2.10000e+01
7565 -2.00000e+01
7838 -1.90000e+01
8439 -1.80000e+01
8707 -1.70000e+01
8787 -1.60000e+01
9104 -1.50000e+01
9819 -1.40000e+01
9942 -1.30000e+01
9981 -1.30000e+01
"function evaluation" "best-so-far f(x)"
1 -6.60000e+01
43 -6.50000e+01
101 -6.40000e+01
271 -6.30000e+01
492 -6.20000e+01
585 -6.10000e+01
749 -6.00000e+01
841 -5.90000e+01
862 -5.80000e+01
953 -5.70000e+01
1092 -5.60000e+01
1098 -5.50000e+01
1537 -5.40000e+01
1579 -5.30000e+01
1619 -5.20000e+01
1679 -5.10000e+01
1715 -5.00000e+01
2088 -4.90000e+01
2111 -4.80000e+01
2424 -4.70000e+01
2672 -4.60000e+01
2836 -4.50000e+01
3001 -4.40000e+01
3002 -4.30000e+01
3096 -4.20000e+01
3356 -4.10000e+01
3381 -4.00000e+01
3412 -3.90000e+01
3526 -3.80000e+01
3835 -3.70000e+01
4248 -3.60000e+01
4393 -3.50000e+01
4873 -3.40000e+01
4962 -3.30000e+01
6977 -3.20000e+01
7370 -3.00000e+01
7548 -2.90000e+01
8130 -2.80000e+01
8918 -2.60000e+01
9104 -2.50000e+01
9248 -2.40000e+01
9368 -2.30000e+01
9379 -2.20000e+01
9981 -2.20000e+01
"function evaluation" "best-so-far f(x)"
1 -6.60000e+01
7 -6.50000e+01
263 -6.40000e+01
299 -6.30000e+01
448 -6.20000e+01
516 -6.10000e+01
630 -6.00000e+01
803 -5.90000e+01
935 -5.80000e+01
1072 -5.70000e+01
1129 -5.60000e+01
1153 -5.50000e+01
1209 -5.40000e+01
1594 -5.30000e+01
1650 -5.20000e+01
1674 -5.10000e+01
2054 -5.00000e+01
2070 -4.90000e+01
2194 -4.80000e+01
2382 -4.70000e+01
2518 -4.50000e+01
3155 -4.40000e+01
3705 -4.30000e+01
3768 -4.20000e+01
3848 -4.10000e+01
4114 -4.00000e+01
4217 -3.90000e+01
4231 -3.80000e+01
4434 -3.70000e+01
4572 -3.60000e+01
4702 -3.50000e+01
4767 -3.40000e+01
4801 -3.30000e+01
4881 -3.20000e+01
5317 -3.10000e+01
5326 -3.00000e+01
5361 -2.90000e+01
5683 -2.80000e+01
5821 -2.70000e+01
6180 -2.60000e+01
6259 -2.50000e+01
6513 -2.40000e+01
6653 -2.30000e+01
6809 -2.20000e+01
6971 -2.10000e+01
7111 -2.00000e+01
8919 -1.90000e+01
9041 -1.80000e+01
9319 -1.70000e+01
9981 -1.70000e+01
"function evaluation" "best-so-far f(x)"
1 -6.60000e+01
32 -6.50000e+01
153 -6.40000e+01
210 -6.30000e+01
271 -6.20000e+01
365 -6.10000e+01
587 -6.00000e+01
672 -5.90000e+01
938 -5.80000e+01
1117 -5.70000e+01
1161 -5.60000e+01
1360 -5.50000e+01
1578 -5.40000e+01
1606 -5.30000e+01
1619 -5.20000e+01
1791 -5.10000e+01
1816 -5.00000e+01
1817 -4.90000e+01
2594 -4.80000e+01
2645 -4.70000e+01
2863 -4.60000e+01
3001 -4.50000e+01
3202 -4.40000e+01
3296 -4.30000e+01
3419 -4.20000e+01
3521 -4.10000e+01
4033 -4.00000e+01
4143 -3.90000e+01
4854 -3.80000e+01
4962 -3.60000e+01
5309 -3.50000e+01
5529 -3.40000e+01
5702 -3.30000e+01
5827 -3.20000e+01
6188 -3.10000e+01
6785 -3.00000e+01
7075 -2.90000e+01
7229 -2.80000e+01
7643 -2.70000e+01
8360 -2.60000e+01
8675 -2.50000e+01
8692 -2.40000e+01
9178 -2.30000e+01
9397 -2.20000e+01
9662 -2.10000e+01
9981 -2.10000e+01
"function evaluation" "best-so-far f(x)"
1 -6.60000e+01
13 -6.50000e+01
24 -6.40000e+01
155 -6.30000e+01
178 -6.20000e+01
463 -6.10000e+01
479 -6.00000e+01
643 -5.90000e+01
820 -5.80000e+01
1516 -5.70000e+01
1613 -5.60000e+01
1948 -5.50000e+01
2043 -5.40000e+01
2075 -5.30000e+01
2302 -5.20000e+01
2724 -5.10000e+01
2775 -5.00000e+01
2986 -4.90000e+01
3340 -4.80000e+01
3391 -4.70000e+01
3484 -4.60000e+01
3784 -4.50000e+01
4031 -4.40000e+01
4236 -4.30000e+01
4636 -4.20000e+01
4989 -4.10000e+01
5074 -4.00000e+01
5416 -3.90000e+01
5647 -3.80000e+01
5664 -3.70000e+01
5783 -3.50000e+01
6515 -3.40000e+01
6984 -3.30000e+01
7089 -3.20000e+01
7496 -3.10000e+01
7584 -3.00000e+01
7653 -2.90000e+01
7865 -2.80000e+01
8022 -2.70000e+01
8287 -2.60000e+01
8311 -2.50000e+01
8910 -2.40000e+01
9029 -2.30000e+01
9978 -2.20000e+01
9981 -2.20000e+01
"function evaluation" "best-so-far f(x)"
1 -6.60000e+01
54 -6.50000e+01
169 -6.40000e+01
181 -6.30000e+01
298 -6.20000e+01
393 -6.10000e+01
452 -6.00000e+01
659 -5.90000e+01
848 -5.80000e+01
1024 -5.70000e+01
1042 -5.60000e+01
1274 -5.50000e+01
1868 -5.40000e+01
1977 -5.30000e+01
2063 -5.20000e+01
2605 -5.10000e+01
2658 -5.00000e+01
2790 -4.90000e+01
3169 -4.80000e+01
3442 -4.70000e+01
3582 -4.60000e+01
3825 -4.50000e+01
4331 -4.40000e+01
4403 -4.30000e+01
4572 -4.20000e+01
4645 -4.10000e+01
4811 -3.80000e+01
5013 -3.70000e+01
5432 -3.60000e+01
5542 -3.50000e+01
5547 -3.40000e+01
5740 -3.30000e+01
5814 -3.20000e+01
6034 -3.00000e+01
6058 -2.90000e+01
6288 -2.80000e+01
6662 -2.70000e+01
7896 -2.60000e+01
8098 -2.50000e+01
8619 -2.40000e+01
9034 -2.30000e+01
9040 -2.20000e+01
9109 -2.10000e+01
9179 -2.00000e+01
9459 -1.90000e+01
9981 -1.90000e+01
"function evaluation" "best-so-far f(x)"
1 -6.60000e+01
11 -6.50000e+01
28 -6.40000e+01
115 -6.30000e+01
252 -6.20000e+01
512 -6.10000e+01
711 -6.00000e+01
733 -5.90000e+01
774 -5.80000e+01
1134 -5.70000e+01
1185 -5.60000e+01
1360 -5.50000e+01
1711 -5.40000e+01
1796 -5.30000e+01
2582 -5.10000e+01
2981 -5.00000e+01
3137 -4.90000e+01
3249 -4.80000e+01
3256 -4.70000e+01
3434 -4.60000e+01
4437 -4.50000e+01
4486 -4.40000e+01
4526 -4.30000e+01
4701 -4.20000e+01
4846 -4.10000e+01
4880 -4.00000e+01
5048 -3.90000e+01
5410 -3.80000e+01
5869 -3.70000e+01
6425 -3.60000e+01
6891 -3.50000e+01
7417 -3.40000e+01
7572 -3.30000e+01
8226 -3.20000e+01
8786 -3.10000e+01
9083 -3.00000e+01
9544 -2.90000e+01
9705 -2.80000e+01
9976 -2.70000e+01
9981 -2.70000e+01
"function evaluation" "best-so-far f(x)"
1 -6.60000e+01
39 -6.50000e+01
66 -6.40000e+01
246 -6.30000e+01
369 -6.20000e+01
496 -6.10000e+01
527 -6.00000e+01
594 -5.90000e+01
632 -5.70000e+01
919 -5.60000e+01
1125 -5.50000e+01
1194 -5.40000e+01
1797 -5.30000e+01
2063 -5.20000e+01
2135 -5.10000e+01
2156 -5.00000e+01
2547 -4.90000e+01
2591 -4.80000e+01
2968 -4.70000e+01
3081 -4.60000e+01
3089 -4.50000e+01
3243 -4.40000e+01
3323 -4.30000e+01
3409 -4.20000e+01
3930 -4.10000e+01
4147 -4.00000e+01
4563 -3.90000e+01
4722 -3.80000e+01
4752 -3.70000e+01
4781 -3.60000e+01
4996 -3.50000e+01
5402 -3.40000e+01
5768 -3.30000e+01
5776 -3.20000e+01
6160 -3.10000e+01
6264 -3.00000e+01
6359 -2.90000e+01
6389 -2.80000e+01
6762 -2.70000e+01
6870 -2.60000e+01
7067 -2.50000e+01
7164 -2.40000e+01
7805 -2.30000e+01
7861 -2.20000e+01
9158 -2.10000e+01
9218 -2.00000e+01
9326 -1.90000e+01
9981 -1.90000e+01
"function evaluation" "best-so-far f(x)"
1 -6.60000e+01
25 -6.50000e+01
57 -6.40000e+01
278 -6.30000e+01
297 -6.20000e+01
425 -6.10000e+01
739 -5.90000e+01
849 -5.80000e+01
1329 -5.70000e+01
1377 -5.60000e+01
1416 -5.50000e+01
1753 -5.40000e+01
2016 -5.30000e+01
2017 -5.20000e+01
2520 -5.10000e+01
2580 -4.90000e+01
2593 -4.80000e+01
2803 -4.70000e+01
2826 -4.60000e+01
2989 -4.50000e+01
3138 -4.40000e+01
3151 -4.30000e+01
3166 -4.20000e+01
3278 -4.10000e+01
3892 -4.00000e+01
4735 -3.90000e+01
4954 -3.80000e+01
5019 -3.70000e+01
5143 -3.60000e+01
5498 -3.50000e+01
5566 -3.40000e+01
5608 -3.30000e+01
6228 -3.20000e+01
6302 -3.10000e+01
6359 -3.00000e+01
6402 -2.90000e+01
7200 -2.80000e+01
7204 -2.70000e+01
7577 -2.60000e+01
7968 -2.50000e+01
7979 -2.40000e+01
8218 -2.30000e+01
8482 -2.20000e+01
9596 -2.10000e+01
9676 -2.00000e+01
9981 -2.00000e+01
"function evaluation" "best-so-far f(x)"
1 -6.60000e+01
5 -6.50000e+01
100 -6.30000e+01
266 -6.20000e+01
357 -6.10000e+01
375 -6.00000e+01
398 -5.90000e+01
638 -5.80000e+01
808 -5.70000e+01
847 -5.60000e+01
897 -5.50000e+01
1026 -5.40000e+01
1106 -5.30000e+01
1215 -5.20000e+01
1323 -5.10000e+01
1454 -5.00000e+01
1475 -4.90000e+01
1579 -4.80000e+01
1684 -4.70000e+01
1824 -4.60000e+01
1943 -4.50000e+01
2062 -4.40000e+01
2239 -4.30000e+01
2478 -4.20000e+01
2725 -4.10000e+01
3297 -4.00000e+01
3456 -3.90000e+01
3495 -3.80000e+01
3747 -3.70000e+01
3857 -3.60000e+01
3940 -3.50000e+01
4079 -3.40000e+01
4608 -3.30000e+01
4699 -3.20000e+01
4729 -3.10000e+01
4777 -3.00000e+01
5299 -2.90000e+01
5917 -2.80000e+01
6550 -2.70000e+01
7005 -2.60000e+01
7083 -2.40000e+01
7157 -2.30000e+01
7863 -2.20000e+01
7927 -2.10000e+01
7956 -2.00000e+01
8571 -1.90000e+01
9135 -1.80000e+01
9390 -1.70000e+01
9564 -1.60000e+01
9981 -1.60000e+01
"function evaluation" "best-so-far f(x)"
1 -6.60000e+01
27 -6.50000e+01
159 -6.40000e+01
223 -6.30000e+01
301 -6.20000e+01
337 -6.10000e+01
604 -6.00000e+01
757 -5.90000e+01
1009 -5.80000e+01
1021 -5.70000e+01
1091 -5.60000e+01
1343 -5.50000e+01
1427 -5.40000e+01
1438 -5.30000e+01
1510 -5.20000e+01
1852 -5.10000e+01
1944 -5.00000e+01
2121 -4.90000e+01
2281 -4.80000e+01
2541 -4.70000e+01
2567 -4.60000e+01
3149 -4.50000e+01
3232 -4.40000e+01
3247 -4.30000e+01
3269 -4.20000e+01
3444 -4.10000e+01
3651 -4.00000e+01
4158 -3.90000e+01
4313 -3.80000e+01
5176 -3.70000e+01
5223 -3.60000e+01
5381 -3.50000e+01
5417 -3.40000e+01
6208 -3.30000e+01
6522 -3.20000e+01
6601 -3.10000e+01
7180 -3.00000e+01
7346 -2.90000e+01
7383 -2.80000e+01
8899 -2.70000e+01
8957 -2.60000e+01
9055 -2.50000e+01
9252 -2.40000e+01
9484 -2.30000e+01
9981 -2.30000e+01
