"function evaluation" "best-so-far f(x)"
1 -6.60000e+01
4 -6.50000e+01
83 -6.40000e+01
142 -6.30000e+01
200 -6.20000e+01
285 -6.10000e+01
291 -6.00000e+01
387 -5.90000e+01
439 -5.80000e+01
447 -5.70000e+01
455 -5.60000e+01
507 -5.50000e+01
529 -5.40000e+01
566 -5.30000e+01
597 -5.20000e+01
625 -5.10000e+01
786 -5.00000e+01
793 -4.90000e+01
817 -4.70000e+01
1111 -4.60000e+01
1284 -4.50000e+01
1485 -4.40000e+01
1655 -4.30000e+01
1662 -4.20000e+01
1699 -4.10000e+01
1715 -4.00000e+01
1749 -3.90000e+01
2006 -3.80000e+01
2051 -3.70000e+01
2126 -3.60000e+01
2142 -3.50000e+01
2162 -3.40000e+01
2231 -3.30000e+01
2411 -3.20000e+01
2840 -3.10000e+01
2841 -3.00000e+01
3149 -2.90000e+01
3225 -2.80000e+01
3493 -2.70000e+01
3578 -2.60000e+01
3616 -2.50000e+01
3643 -2.40000e+01
3661 -2.30000e+01
3792 -2.20000e+01
3841 -2.10000e+01
4262 -2.00000e+01
4479 -1.90000e+01
4672 -1.80000e+01
4745 -1.70000e+01
4915 -1.60000e+01
4941 -1.50000e+01
5220 -1.40000e+01
5260 -1.30000e+01
5552 -1.20000e+01
5787 -1.10000e+01
6634 -1.00000e+01
6750 -9.00000e+00
6863 -8.00000e+00
7374 -7.00000e+00
7748 -6.00000e+00
7756 -5.00000e+00
8040 -4.00000e+00
8494 -3.00000e+00
9340 -2.00000e+00
9835 -1.00000e+00
9991 -1.00000e+00
"function evaluation" "best-so-far f(x)"
1 -6.60000e+01
5 -6.50000e+01
29 -6.40000e+01
40 -6.30000e+01
154 -6.20000e+01
252 -6.10000e+01
338 -6.00000e+01
513 -5.90000e+01
633 -5.80000e+01
778 -5.70000e+01
792 -5.60000e+01
852 -5.50000e+01
947 -5.40000e+01
1037 -5.30000e+01
1124 -5.20000e+01
1126 -5.10000e+01
1171 -5.00000e+01
1226 -4.90000e+01
1306 -4.80000e+01
1404 -4.70000e+01
1606 -4.60000e+01
1638 -4.50000e+01
1673 -4.40000e+01
1724 -4.30000e+01
2016 -4.10000e+01
2091 -4.00000e+01
2092 -3.90000e+01
2236 -3.80000e+01
2337 -3.70000e+01
2385 -3.60000e+01
2389 -3.50000e+01
2423 -3.40000e+01
2571 -3.30000e+01
2843 -3.20000e+01
3017 -3.10000e+01
3581 -3.00000e+01
3592 -2.90000e+01
3707 -2.80000e+01
3844 -2.70000e+01
3898 -2.60000e+01
3941 -2.50000e+01
4140 -2.40000e+01
4154 -2.30000e+01
4239 -2.20000e+01
4313 -2.10000e+01
4322 -2.00000e+01
4603 -1.90000e+01
4604 -1.80000e+01
4838 -1.70000e+01
4926 -1.60000e+01
5204 -1.50000e+01
5757 -1.40000e+01
5793 -1.30000e+01
6082 -1.20000e+01
6117 -1.10000e+01
6402 -1.00000e+01
6967 -9.00000e+00
7451 -8.00000e+00
7569 -7.00000e+00
8160 -6.00000e+00
8671 -5.00000e+00
8847 -4.00000e+00
9282 -3.00000e+00
9587 -2.00000e+00
9660 -1.00000e+00
9825 +5.62000e+02
9991 +5.62000e+02
"function evaluation" "best-so-far f(x)"
1 -6.60000e+01
3 -6.50000e+01
37 -6.40000e+01
113 -6.30000e+01
254 -6.20000e+01
290 -6.10000e+01
311 -6.00000e+01
403 -5.90000e+01
597 -5.80000e+01
687 -5.70000e+01
759 -5.60000e+01
856 -5.50000e+01
869 -5.40000e+01
1034 -5.30000e+01
1294 -5.20000e+01
1305 -5.10000e+01
1313 -5.00000e+01
1625 -4.90000e+01
1812 -4.80000e+01
1924 -4.70000e+01
2044 -4.60000e+01
2063 -4.50000e+01
2807 -4.40000e+01
2827 -4.30000e+01
2899 -4.20000e+01
2945 -4.10000e+01
3012 -4.00000e+01
3148 -3.90000e+01
3178 -3.80000e+01
3274 -3.70000e+01
3424 -3.60000e+01
3466 -3.50000e+01
3575 -3.40000e+01
3634 -3.30000e+01
3680 -3.20000e+01
3756 -3.10000e+01
3838 -2.90000e+01
3880 -2.80000e+01
4129 -2.70000e+01
4275 -2.60000e+01
4522 -2.50000e+01
4665 -2.40000e+01
4824 -2.30000e+01
5142 -2.20000e+01
5432 -2.10000e+01
5613 -2.00000e+01
5794 -1.90000e+01
5883 -1.80000e+01
6158 -1.70000e+01
6995 -1.60000e+01
7164 -1.50000e+01
7196 -1.40000e+01
7203 -1.30000e+01
7270 -1.20000e+01
7293 -1.10000e+01
7582 -1.00000e+01
7834 -9.00000e+00
7877 -8.00000e+00
7945 -7.00000e+00
7976 -6.00000e+00
8015 -5.00000e+00
8161 -4.00000e+00
8225 -3.00000e+00
8482 -2.00000e+00
8602 -1.00000e+00
9370 +5.47000e+02
9411 +5.64000e+02
9506 +5.80000e+02
9991 +5.80000e+02
"function evaluation" "best-so-far f(x)"
1 -6.60000e+01
14 -6.50000e+01
151 -6.40000e+01
174 -6.30000e+01
196 -6.20000e+01
206 -6.10000e+01
345 -6.00000e+01
411 -5.80000e+01
422 -5.70000e+01
428 -5.60000e+01
484 -5.50000e+01
557 -5.40000e+01
614 -5.30000e+01
680 -5.20000e+01
704 -5.10000e+01
872 -4.90000e+01
1056 -4.80000e+01
1333 -4.70000e+01
1507 -4.60000e+01
1645 -4.50000e+01
1820 -4.30000e+01
1822 -4.10000e+01
1918 -4.00000e+01
1978 -3.90000e+01
2124 -3.80000e+01
2137 -3.70000e+01
2227 -3.60000e+01
2298 -3.50000e+01
2467 -3.40000e+01
2677 -3.30000e+01
2937 -3.20000e+01
3032 -3.10000e+01
3453 -3.00000e+01
3622 -2.90000e+01
4015 -2.80000e+01
4041 -2.70000e+01
4049 -2.60000e+01
4171 -2.50000e+01
4241 -2.40000e+01
4285 -2.30000e+01
4321 -2.20000e+01
4345 -2.10000e+01
5008 -2.00000e+01
5028 -1.90000e+01
5299 -1.80000e+01
5511 -1.70000e+01
6141 -1.60000e+01
6191 -1.50000e+01
6308 -1.40000e+01
7053 -1.30000e+01
7070 -1.20000e+01
7106 -1.10000e+01
7134 -1.00000e+01
7222 -9.00000e+00
7466 -8.00000e+00
7704 -7.00000e+00
7757 -6.00000e+00
7778 -5.00000e+00
7859 -4.00000e+00
9208 -3.00000e+00
9489 -2.00000e+00
9772 -1.00000e+00
9991 -1.00000e+00
"function evaluation" "best-so-far f(x)"
1 -6.60000e+01
29 -6.50000e+01
107 -6.40000e+01
162 -6.30000e+01
212 -6.20000e+01
219 -6.10000e+01
343 -6.00000e+01
355 -5.80000e+01
574 -5.70000e+01
635 -5.60000e+01
726 -5.50000e+01
890 -5.40000e+01
907 -5.30000e+01
991 -5.20000e+01
1083 -5.10000e+01
1096 -5.00000e+01
1173 -4.90000e+01
1179 -4.80000e+01
1207 -4.70000e+01
1212 -4.60000e+01
1214 -4.50000e+01
1343 -4.40000e+01
1589 -4.30000e+01
1625 -4.20000e+01
1793 -4.10000e+01
1805 -3.90000e+01
2154 -3.80000e+01
2459 -3.70000e+01
2509 -3.60000e+01
2647 -3.50000e+01
3291 -3.40000e+01
3709 -3.30000e+01
3902 -3.20000e+01
3951 -3.10000e+01
3997 -3.00000e+01
4046 -2.90000e+01
4164 -2.80000e+01
4614 -2.70000e+01
4680 -2.60000e+01
5114 -2.50000e+01
5122 -2.40000e+01
5185 -2.30000e+01
5437 -2.20000e+01
5456 -2.10000e+01
5484 -2.00000e+01
5689 -1.90000e+01
5708 -1.80000e+01
5756 -1.70000e+01
5903 -1.60000e+01
5962 -1.50000e+01
6476 -1.40000e+01
6716 -1.30000e+01
6770 -1.20000e+01
7616 -1.10000e+01
7786 -1.00000e+01
7974 -9.00000e+00
8122 -8.00000e+00
8674 -7.00000e+00
9180 -6.00000e+00
9270 -5.00000e+00
9293 -4.00000e+00
9600 -3.00000e+00
9991 -3.00000e+00
"function evaluation" "best-so-far f(x)"
1 -6.60000e+01
30 -6.50000e+01
58 -6.40000e+01
76 -6.30000e+01
251 -6.20000e+01
348 -6.10000e+01
423 -6.00000e+01
707 -5.90000e+01
895 -5.80000e+01
903 -5.70000e+01
928 -5.60000e+01
957 -5.50000e+01
1089 -5.40000e+01
1137 -5.30000e+01
1175 -5.20000e+01
1227 -5.10000e+01
1314 -5.00000e+01
1738 -4.90000e+01
1800 -4.80000e+01
1918 -4.70000e+01
1998 -4.60000e+01
2209 -4.50000e+01
2212 -4.40000e+01
2345 -4.30000e+01
2358 -4.20000e+01
2474 -4.10000e+01
2492 -3.90000e+01
2503 -3.80000e+01
2556 -3.70000e+01
2763 -3.60000e+01
3155 -3.50000e+01
3646 -3.40000e+01
3672 -3.30000e+01
3791 -3.20000e+01
3925 -3.10000e+01
3942 -3.00000e+01
4631 -2.90000e+01
4680 -2.80000e+01
4748 -2.70000e+01
5099 -2.60000e+01
5545 -2.50000e+01
5662 -2.40000e+01
5750 -2.30000e+01
5853 -2.20000e+01
5917 -2.10000e+01
5979 -2.00000e+01
6152 -1.90000e+01
6239 -1.80000e+01
6718 -1.70000e+01
6844 -1.60000e+01
6887 -1.50000e+01
6973 -1.40000e+01
7030 -1.30000e+01
7033 -1.20000e+01
7046 -1.10000e+01
7901 -1.00000e+01
7964 -9.00000e+00
8968 -8.00000e+00
9757 -7.00000e+00
9991 -7.00000e+00
"function evaluation" "best-so-far f(x)"
1 -6.60000e+01
35 -6.50000e+01
95 -6.40000e+01
187 -6.30000e+01
196 -6.20000e+01
271 -6.10000e+01
282 -6.00000e+01
315 -5.90000e+01
339 -5.80000e+01
374 -5.70000e+01
398 -5.60000e+01
426 -5.50000e+01
460 -5.40000e+01
666 -5.30000e+01
776 -5.20000e+01
951 -5.10000e+01
994 -5.00000e+01
1036 -4.90000e+01
1070 -4.80000e+01
1292 -4.70000e+01
1329 -4.60000e+01
1487 -4.50000e+01
1706 -4.40000e+01
1801 -4.30000e+01
1831 -4.20000e+01
1888 -4.10000e+01
1941 -4.00000e+01
1950 -3.90000e+01
1992 -3.80000e+01
2256 -3.70000e+01
2587 -3.60000e+01
2649 -3.50000e+01
2710 -3.40000e+01
3102 -3.30000e+01
3127 -3.20000e+01
3341 -3.10000e+01
3861 -3.00000e+01
4378 -2.90000e+01
4432 -2.80000e+01
4538 -2.70000e+01
4622 -2.60000e+01
4722 -2.50000e+01
4783 -2.40000e+01
4956 -2.30000e+01
5094 -2.20000e+01
5259 -2.10000e+01
5342 -2.00000e+01
5456 -1.90000e+01
5652 -1.80000e+01
5690 -1.60000e+01
6040 -1.50000e+01
6090 -1.40000e+01
6200 -1.30000e+01
6368 -1.20000e+01
6600 -1.10000e+01
6808 -1.00000e+01
6912 -9.00000e+00
7024 -8.00000e+00
7057 -7.00000e+00
7423 -6.00000e+00
8173 -5.00000e+00
8344 -4.00000e+00
8488 -3.00000e+00
8660 -2.00000e+00
8767 -1.00000e+00
8900 +6.20000e+02
9077 +6.31000e+02
9539 +6.34000e+02
9991 +6.34000e+02
"function evaluation" "best-so-far f(x)"
1 -6.60000e+01
69 -6.50000e+01
89 -6.40000e+01
156 -6.30000e+01
245 -6.20000e+01
293 -6.10000e+01
407 -6.00000e+01
556 -5.90000e+01
594 -5.80000e+01
621 -5.70000e+01
708 -5.60000e+01
907 -5.50000e+01
931 -5.40000e+01
1005 -5.30000e+01
1128 -5.20000e+01
1150 -5.10000e+01
1174 -5.00000e+01
1469 -4.90000e+01
1951 -4.80000e+01
2172 -4.70000e+01
2367 -4.50000e+01
2510 -4.40000e+01
2643 -4.30000e+01
2732 -4.20000e+01
2744 -4.10000e+01
2975 -4.00000e+01
3643 -3.90000e+01
3674 -3.80000e+01
4204 -3.70000e+01
4217 -3.60000e+01
4499 -3.50000e+01
4664 -3.40000e+01
4701 -3.30000e+01
4731 -3.20000e+01
4883 -3.10000e+01
4966 -3.00000e+01
5432 -2.90000e+01
5556 -2.80000e+01
6324 -2.70000e+01
6540 -2.60000e+01
6658 -2.50000e+01
6702 -2.40000e+01
6764 -2.30000e+01
7065 -2.20000e+01
7091 -2.10000e+01
7109 -2.00000e+01
7306 -1.90000e+01
7519 -1.80000e+01
7772 -1.70000e+01
7864 -1.60000e+01
7924 -1.50000e+01
8013 -1.40000e+01
8199 -1.30000e+01
8377 -1.20000e+01
8526 -1.10000e+01
8630 -1.00000e+01
9261 -9.00000e+00
9293 -8.00000e+00
9404 -7.00000e+00
9434 -6.00000e+00
9991 -6.00000e+00
"function evaluation" "best-so-far f(x)"
1 -6.60000e+01
25 -6.50000e+01
29 -6.40000e+01
45 -6.30000e+01
110 -6.20000e+01
138 -6.10000e+01
225 -6.00000e+01
351 -5.90000e+01
357 -5.80000e+01
445 -5.60000e+01
510 -5.50000e+01
596 -5.40000e+01
731 -5.30000e+01
1042 -5.00000e+01
1152 -4.90000e+01
1213 -4.70000e+01
1347 -4.60000e+01
1612 -4.50000e+01
1644 -4.40000e+01
1710 -4.30000e+01
1784 -4.20000e+01
2029 -4.10000e+01
2124 -4.00000e+01
2176 -3.90000e+01
2231 -3.80000e+01
2443 -3.70000e+01
2448 -3.60000e+01
2591 -3.50000e+01
2996 -3.40000e+01
3058 -3.30000e+01
3065 -3.20000e+01
3241 -3.10000e+01
3263 -3.00000e+01
3289 -2.90000e+01
3529 -2.80000e+01
3881 -2.70000e+01
4036 -2.60000e+01
4360 -2.50000e+01
4540 -2.40000e+01
4777 -2.30000e+01
4798 -2.20000e+01
5238 -2.10000e+01
5269 -2.00000e+01
5518 -1.90000e+01
5999 -1.80000e+01
6378 -1.70000e+01
6403 -1.60000e+01
6485 -1.50000e+01
7171 -1.40000e+01
7873 -1.30000e+01
8430 -1.20000e+01
8868 -1.10000e+01
9078 -1.00000e+01
9991 -1.00000e+01
"function evaluation" "best-so-far f(x)"
1 -6.60000e+01
48 -6.50000e+01
140 -6.40000e+01
148 -6.30000e+01
224 -6.10000e+01
332 -6.00000e+01
343 -5.90000e+01
385 -5.80000e+01
433 -5.70000e+01
498 -5.60000e+01
664 -5.50000e+01
764 -5.40000e+01
802 -5.30000e+01
939 -5.20000e+01
963 -5.10000e+01
964 -5.00000e+01
1031 -4.90000e+01
1233 -4.80000e+01
1238 -4.70000e+01
1317 -4.60000e+01
1650 -4.50000e+01
1738 -4.40000e+01
2196 -4.30000e+01
2753 -4.20000e+01
3077 -4.10000e+01
3145 -4.00000e+01
3296 -3.90000e+01
3518 -3.80000e+01
3616 -3.70000e+01
3647 -3.60000e+01
3649 -3.50000e+01
3760 -3.40000e+01
3770 -3.30000e+01
4195 -3.20000e+01
4258 -3.10000e+01
4548 -3.00000e+01
4623 -2.90000e+01
4706 -2.80000e+01
4800 -2.70000e+01
4855 -2.60000e+01
4902 -2.50000e+01
5211 -2.40000e+01
5636 -2.30000e+01
5750 -2.20000e+01
6400 -2.10000e+01
6526 -2.00000e+01
6631 -1.90000e+01
6663 -1.80000e+01
6667 -1.70000e+01
6760 -1.60000e+01
6769 -1.50000e+01
7040 -1.40000e+01
7045 -1.30000e+01
7610 -1.20000e+01
7776 -1.10000e+01
7811 -1.00000e+01
8937 -9.00000e+00
9535 -8.00000e+00
9606 -7.00000e+00
9771 -6.00000e+00
9991 -6.00000e+00
"function evaluation" "best-so-far f(x)"
1 -6.60000e+01
28 -6.50000e+01
47 -6.40000e+01
134 -6.30000e+01
211 -6.20000e+01
350 -6.10000e+01
443 -6.00000e+01
487 -5.90000e+01
542 -5.80000e+01
631 -5.70000e+01
648 -5.60000e+01
746 -5.50000e+01
838 -5.40000e+01
950 -5.30000e+01
1011 -5.20000e+01
1058 -5.10000e+01
1065 -5.00000e+01
1077 -4.90000e+01
1504 -4.80000e+01
1596 -4.70000e+01
1789 -4.60000e+01
1842 -4.50000e+01
1986 -4.40000e+01
2025 -4.30000e+01
2090 -4.20000e+01
2263 -4.10000e+01
2312 -4.00000e+01
2586 -3.90000e+01
2677 -3.80000e+01
3169 -3.60000e+01
3360 -3.50000e+01
3424 -3.40000e+01
3674 -3.30000e+01
4077 -3.20000e+01
4155 -3.10000e+01
4180 -3.00000e+01
4203 -2.90000e+01
4258 -2.80000e+01
4270 -2.70000e+01
4417 -2.60000e+01
4422 -2.50000e+01
4844 -2.40000e+01
4982 -2.30000e+01
5192 -2.20000e+01
5657 -2.10000e+01
5754 -2.00000e+01
6056 -1.90000e+01
6072 -1.80000e+01
6611 -1.70000e+01
6635 -1.60000e+01
6770 -1.50000e+01
7085 -1.40000e+01
7133 -1.30000e+01
7415 -1.20000e+01
8305 -1.10000e+01
9529 -1.00000e+01
9693 -9.00000e+00
9898 -8.00000e+00
9991 -8.00000e+00
"function evaluation" "best-so-far f(x)"
1 -6.60000e+01
37 -6.50000e+01
131 -6.40000e+01
150 -6.30000e+01
308 -6.20000e+01
330 -6.10000e+01
345 -6.00000e+01
351 -5.90000e+01
552 -5.80000e+01
569 -5.70000e+01
575 -5.60000e+01
581 -5.50000e+01
594 -5.40000e+01
602 -5.30000e+01
672 -5.20000e+01
962 -5.10000e+01
1000 -5.00000e+01
1191 -4.90000e+01
1328 -4.80000e+01
1837 -4.70000e+01
1920 -4.60000e+01
1992 -4.50000e+01
2010 -4.40000e+01
2115 -4.30000e+01
2159 -4.20000e+01
2210 -4.10000e+01
2422 -4.00000e+01
2610 -3.90000e+01
2739 -3.80000e+01
2900 -3.70000e+01
3107 -3.60000e+01
3248 -3.50000e+01
3271 -3.40000e+01
3358 -3.30000e+01
3439 -3.20000e+01
3863 -3.10000e+01
3965 -3.00000e+01
4115 -2.90000e+01
4297 -2.80000e+01
4576 -2.60000e+01
4874 -2.50000e+01
4966 -2.40000e+01
5227 -2.30000e+01
5430 -2.20000e+01
5608 -2.10000e+01
5621 -2.00000e+01
5863 -1.80000e+01
5935 -1.70000e+01
6326 -1.60000e+01
6585 -1.50000e+01
6671 -1.40000e+01
7045 -1.30000e+01
7466 -1.20000e+01
7474 -1.10000e+01
7962 -1.00000e+01
8039 -9.00000e+00
8545 -8.00000e+00
9637 -7.00000e+00
9991 -7.00000e+00
"function evaluation" "best-so-far f(x)"
1 -6.60000e+01
5 -6.50000e+01
26 -6.40000e+01
137 -6.30000e+01
151 -6.20000e+01
286 -6.10000e+01
392 -6.00000e+01
419 -5.90000e+01
494 -5.80000e+01
498 -5.70000e+01
571 -5.60000e+01
645 -5.50000e+01
837 -5.40000e+01
879 -5.30000e+01
893 -5.20000e+01
908 -5.10000e+01
954 -5.00000e+01
1157 -4.90000e+01
1167 -4.80000e+01
1388 -4.70000e+01
1500 -4.60000e+01
1713 -4.50000e+01
1742 -4.40000e+01
1748 -4.30000e+01
1875 -4.20000e+01
2067 -4.00000e+01
2216 -3.90000e+01
2231 -3.80000e+01
2344 -3.70000e+01
2562 -3.60000e+01
2740 -3.50000e+01
2745 -3.40000e+01
2776 -3.30000e+01
2808 -3.20000e+01
2972 -3.10000e+01
3198 -3.00000e+01
3299 -2.90000e+01
3378 -2.70000e+01
3404 -2.60000e+01
3637 -2.50000e+01
3779 -2.40000e+01
4548 -2.30000e+01
4898 -2.20000e+01
4993 -2.10000e+01
5013 -2.00000e+01
5271 -1.90000e+01
5480 -1.80000e+01
5600 -1.70000e+01
6007 -1.60000e+01
6127 -1.50000e+01
6313 -1.40000e+01
6468 -1.30000e+01
6830 -1.20000e+01
7361 -1.10000e+01
7451 -1.00000e+01
8124 -9.00000e+00
8307 -8.00000e+00
8468 -7.00000e+00
9853 -6.00000e+00
9991 -6.00000e+00
"function evaluation" "best-so-far f(x)"
1 -6.60000e+01
18 -6.50000e+01
20 -6.40000e+01
145 -6.30000e+01
245 -6.20000e+01
328 -6.10000e+01
440 -6.00000e+01
474 -5.90000e+01
508 -5.80000e+01
681 -5.70000e+01
708 -5.50000e+01
752 -5.40000e+01
754 -5.30000e+01
804 -5.20000e+01
864 -5.10000e+01
980 -5.00000e+01
999 -4.90000e+01
1201 -4.80000e+01
1277 -4.70000e+01
1327 -4.60000e+01
1485 -4.50000e+01
1631 -4.40000e+01
1657 -4.30000e+01
1951 -4.20000e+01
1952 -4.10000e+01
1961 -4.00000e+01
2004 -3.90000e+01
2043 -3.80000e+01
2346 -3.70000e+01
2534 -3.60000e+01
2763 -3.50000e+01
2790 -3.40000e+01
2970 -3.30000e+01
2983 -3.10000e+01
2989 -3.00000e+01
3494 -2.90000e+01
3566 -2.80000e+01
3720 -2.70000e+01
3969 -2.60000e+01
4009 -2.40000e+01
4027 -2.30000e+01
4061 -2.20000e+01
4452 -2.10000e+01
4651 -2.00000e+01
4728 -1.90000e+01
4979 -1.80000e+01
5392 -1.70000e+01
5833 -1.60000e+01
6069 -1.50000e+01
6268 -1.40000e+01
6337 -1.30000e+01
6551 -1.20000e+01
6705 -1.10000e+01
7138 -1.00000e+01
7165 -9.00000e+00
7482 -8.00000e+00
7979 -7.00000e+00
8169 -6.00000e+00
8502 -5.00000e+00
8796 -4.00000e+00
8817 -3.00000e+00
9991 -3.00000e+00
"function evaluation" "best-so-far f(x)"
1 -6.60000e+01
41 -6.50000e+01
137 -6.40000e+01
220 -6.30000e+01
287 -6.20000e+01
293 -6.10000e+01
368 -6.00000e+01
589 -5.90000e+01
615 -5.80000e+01
713 -5.70000e+01
828 -5.60000e+01
854 -5.50000e+01
1012 -5.40000e+01
1040 -5.30000e+01
1052 -5.20000e+01
1148 -5.10000e+01
1201 -5.00000e+01
1222 -4.90000e+01
1252 -4.80000e+01
1308 -4.70000e+01
1361 -4.50000e+01
1464 -4.40000e+01
1520 -4.30000e+01
1615 -4.20000e+01
1843 -4.10000e+01
2034 -4.00000e+01
2478 -3.90000e+01
2483 -3.70000e+01
2619 -3.60000e+01
2703 -3.50000e+01
2818 -3.40000e+01
3083 -3.30000e+01
3166 -3.20000e+01
3383 -3.10000e+01
3573 -3.00000e+01
3624 -2.90000e+01
3861 -2.80000e+01
3929 -2.70000e+01
4143 -2.60000e+01
4268 -2.50000e+01
4945 -2.40000e+01
5237 -2.30000e+01
5430 -2.20000e+01
5679 -2.10000e+01
6089 -2.00000e+01
6299 -1.90000e+01
6753 -1.80000e+01
6828 -1.70000e+01
8246 -1.60000e+01
8401 -1.50000e+01
8583 -1.40000e+01
8964 -1.30000e+01
9353 -1.20000e+01
9991 -1.20000e+01
"function evaluation" "best-so-far f(x)"
1 -6.60000e+01
23 -6.50000e+01
141 -6.40000e+01
201 -6.30000e+01
237 -6.20000e+01
296 -6.10000e+01
452 -6.00000e+01
519 -5.90000e+01
690 -5.80000e+01
697 -5.70000e+01
751 -5.60000e+01
869 -5.50000e+01
937 -5.30000e+01
956 -5.20000e+01
1022 -5.10000e+01
1243 -5.00000e+01
1288 -4.90000e+01
1667 -4.80000e+01
1669 -4.70000e+01
1861 -4.60000e+01
1922 -4.50000e+01
1935 -4.40000e+01
2024 -4.30000e+01
2109 -4.20000e+01
2152 -4.10000e+01
2180 -4.00000e+01
2301 -3.90000e+01
2594 -3.80000e+01
2697 -3.70000e+01
2771 -3.60000e+01
2978 -3.50000e+01
3107 -3.40000e+01
3199 -3.30000e+01
3453 -3.20000e+01
4022 -3.10000e+01
4188 -3.00000e+01
4208 -2.90000e+01
4314 -2.80000e+01
4864 -2.70000e+01
5117 -2.60000e+01
5194 -2.50000e+01
5410 -2.40000e+01
5778 -2.30000e+01
5978 -2.20000e+01
6053 -2.10000e+01
6083 -2.00000e+01
6296 -1.90000e+01
6349 -1.80000e+01
6913 -1.70000e+01
6974 -1.60000e+01
7026 -1.50000e+01
7032 -1.40000e+01
7255 -1.30000e+01
7329 -1.20000e+01
7335 -1.10000e+01
7754 -1.00000e+01
7781 -9.00000e+00
8931 -8.00000e+00
9991 -8.00000e+00
"function evaluation" "best-so-far f(x)"
1 -6.60000e+01
9 -6.50000e+01
60 -6.40000e+01
85 -6.30000e+01
101 -6.20000e+01
107 -6.10000e+01
114 -6.00000e+01
163 -5.90000e+01
388 -5.80000e+01
390 -5.70000e+01
431 -5.60000e+01
575 -5.50000e+01
664 -5.40000e+01
772 -5.30000e+01
980 -5.20000e+01
1021 -5.10000e+01
1152 -5.00000e+01
1166 -4.90000e+01
1203 -4.80000e+01
1384 -4.70000e+01
1386 -4.60000e+01
1398 -4.50000e+01
1769 -4.40000e+01
1917 -4.30000e+01
1919 -4.20000e+01
1971 -4.10000e+01
2122 -4.00000e+01
2162 -3.90000e+01
2166 -3.80000e+01
2178 -3.70000e+01
2293 -3.60000e+01
2315 -3.50000e+01
2364 -3.40000e+01
2416 -3.30000e+01
2646 -3.20000e+01
2922 -3.10000e+01
2955 -3.00000e+01
3366 -2.90000e+01
3859 -2.80000e+01
4178 -2.70000e+01
4263 -2.60000e+01
4377 -2.50000e+01
4436 -2.40000e+01
5031 -2.30000e+01
5254 -2.20000e+01
5272 -2.10000e+01
5379 -2.00000e+01
5424 -1.90000e+01
5433 -1.80000e+01
5468 -1.70000e+01
5586 -1.60000e+01
5655 -1.50000e+01
5951 -1.40000e+01
6126 -1.30000e+01
6267 -1.20000e+01
6724 -1.10000e+01
7134 -1.00000e+01
7286 -9.00000e+00
7359 -8.00000e+00
8380 -7.00000e+00
8676 -6.00000e+00
8846 -5.00000e+00
8896 -4.00000e+00
9036 -3.00000e+00
9504 -2.00000e+00
9658 -1.00000e+00
9991 -1.00000e+00
"function evaluation" "best-so-far f(x)"
1 -6.60000e+01
6 -6.50000e+01
76 -6.40000e+01
124 -6.30000e+01
415 -6.20000e+01
465 -6.10000e+01
521 -6.00000e+01
751 -5.90000e+01
819 -5.80000e+01
842 -5.70000e+01
866 -5.60000e+01
952 -5.50000e+01
1001 -5.40000e+01
1492 -5.30000e+01
1600 -5.20000e+01
1699 -5.10000e+01
1715 -5.00000e+01
1840 -4.90000e+01
1852 -4.80000e+01
1999 -4.70000e+01
2234 -4.60000e+01
2529 -4.50000e+01
2552 -4.40000e+01
2569 -4.30000e+01
2573 -4.20000e+01
2632 -4.00000e+01
2772 -3.90000e+01
2814 -3.80000e+01
2975 -3.70000e+01
3014 -3.60000e+01
3177 -3.50000e+01
3204 -3.40000e+01
3236 -3.30000e+01
3425 -3.20000e+01
3451 -3.10000e+01
3471 -3.00000e+01
3904 -2.90000e+01
4267 -2.80000e+01
4661 -2.70000e+01
4998 -2.60000e+01
5150 -2.50000e+01
5179 -2.40000e+01
5386 -2.20000e+01
5633 -2.10000e+01
5795 -2.00000e+01
6325 -1.90000e+01
7465 -1.80000e+01
7603 -1.70000e+01
7635 -1.60000e+01
7692 -1.50000e+01
7695 -1.40000e+01
7888 -1.30000e+01
8049 -1.20000e+01
8107 -1.10000e+01
8438 -1.00000e+01
8482 -9.00000e+00
8589 -8.00000e+00
8949 -7.00000e+00
9434 -5.00000e+00
9991 -5.00000e+00
"function evaluation" "best-so-far f(x)"
1 -6.60000e+01
38 -6.50000e+01
67 -6.40000e+01
101 -6.30000e+01
105 -6.20000e+01
147 -6.10000e+01
229 -6.00000e+01
350 -5.90000e+01
354 -5.80000e+01
371 -5.60000e+01
376 -5.50000e+01
619 -5.40000e+01
656 -5.30000e+01
799 -5.20000e+01
943 -5.10000e+01
1097 -5.00000e+01
1163 -4.90000e+01
1303 -4.80000e+01
1423 -4.70000e+01
1491 -4.60000e+01
1498 -4.50000e+01
1562 -4.40000e+01
1587 -4.30000e+01
1622 -4.20000e+01
1737 -4.00000e+01
1789 -3.90000e+01
1801 -3.80000e+01
1850 -3.70000e+01
1901 -3.60000e+01
2145 -3.50000e+01
2206 -3.40000e+01
2214 -3.30000e+01
2331 -3.20000e+01
2347 -3.10000e+01
2365 -3.00000e+01
2472 -2.90000e+01
2483 -2.80000e+01
3065 -2.70000e+01
3409 -2.60000e+01
3425 -2.50000e+01
3789 -2.40000e+01
3903 -2.30000e+01
4171 -2.20000e+01
5104 -2.10000e+01
5253 -2.00000e+01
5463 -1.90000e+01
5549 -1.80000e+01
6115 -1.70000e+01
6691 -1.60000e+01
6792 -1.50000e+01
7181 -1.40000e+01
7367 -1.30000e+01
7750 -1.20000e+01
8300 -1.10000e+01
8492 -1.00000e+01
9238 -9.00000e+00
9354 -8.00000e+00
9776 -7.00000e+00
9911 -6.00000e+00
9991 -6.00000e+00
"function evaluation" "best-so-far f(x)"
1 -6.60000e+01
38 -6.50000e+01
86 -6.40000e+01
272 -6.30000e+01
305 -6.20000e+01
340 -6.10000e+01
403 -6.00000e+01
410 -5.90000e+01
469 -5.70000e+01
478 -5.60000e+01
661 -5.50000e+01
716 -5.40000e+01
861 -5.30000e+01
876 -5.20000e+01
1026 -5.10000e+01
1164 -5.00000e+01
1219 -4.90000e+01
1348 -4.80000e+01
1351 -4.70000e+01
1441 -4.60000e+01
1452 -4.50000e+01
1519 -4.40000e+01
1580 -4.30000e+01
1589 -4.20000e+01
1934 -4.10000e+01
1973 -4.00000e+01
2139 -3.90000e+01
2201 -3.80000e+01
2339 -3.70000e+01
2544 -3.60000e+01
2656 -3.50000e+01
2840 -3.40000e+01
2890 -3.30000e+01
3125 -3.20000e+01
3313 -3.10000e+01
3530 -3.00000e+01
3544 -2.90000e+01
3641 -2.80000e+01
3820 -2.70000e+01
3871 -2.60000e+01
4072 -2.50000e+01
4609 -2.40000e+01
5018 -2.30000e+01
5100 -2.20000e+01
5184 -2.10000e+01
5439 -2.00000e+01
5627 -1.90000e+01
6154 -1.80000e+01
6295 -1.70000e+01
6553 -1.60000e+01
6670 -1.50000e+01
6719 -1.40000e+01
6723 -1.30000e+01
7109 -1.20000e+01
7336 -1.10000e+01
7481 -1.00000e+01
7540 -9.00000e+00
7714 -8.00000e+00
7923 -7.00000e+00
9410 -6.00000e+00
9628 -5.00000e+00
9991 -5.00000e+00
"function evaluation" "best-so-far f(x)"
1 -6.60000e+01
18 -6.50000e+01
43 -6.40000e+01
203 -6.30000e+01
366 -6.20000e+01
428 -6.10000e+01
451 -6.00000e+01
483 -5.90000e+01
611 -5.80000e+01
612 -5.70000e+01
713 -5.60000e+01
822 -5.50000e+01
833 -5.40000e+01
914 -5.30000e+01
1043 -5.20000e+01
1380 -5.10000e+01
1486 -5.00000e+01
1850 -4.90000e+01
1911 -4.80000e+01
1991 -4.70000e+01
2022 -4.60000e+01
2026 -4.50000e+01
2066 -4.40000e+01
2070 -4.30000e+01
2202 -4.20000e+01
2257 -4.10000e+01
2587 -4.00000e+01
2683 -3.90000e+01
3035 -3.80000e+01
3124 -3.70000e+01
3530 -3.60000e+01
3576 -3.50000e+01
3635 -3.40000e+01
3802 -3.30000e+01
3843 -3.20000e+01
3899 -3.10000e+01
4110 -3.00000e+01
4310 -2.90000e+01
4532 -2.80000e+01
4602 -2.70000e+01
4756 -2.60000e+01
5007 -2.50000e+01
5031 -2.40000e+01
5263 -2.30000e+01
5367 -2.20000e+01
5387 -2.10000e+01
5468 -2.00000e+01
5538 -1.90000e+01
5582 -1.80000e+01
5689 -1.70000e+01
5703 -1.60000e+01
6247 -1.50000e+01
6540 -1.40000e+01
6800 -1.30000e+01
6828 -1.20000e+01
7216 -1.10000e+01
7342 -1.00000e+01
7927 -9.00000e+00
8125 -8.00000e+00
8161 -7.00000e+00
8465 -6.00000e+00
8971 -5.00000e+00
9991 -5.00000e+00
"function evaluation" "best-so-far f(x)"
1 -6.60000e+01
18 -6.50000e+01
87 -6.30000e+01
106 -6.20000e+01
258 -6.10000e+01
310 -6.00000e+01
380 -5.90000e+01
504 -5.80000e+01
546 -5.70000e+01
560 -5.60000e+01
598 -5.50000e+01
789 -5.40000e+01
912 -5.30000e+01
958 -5.20000e+01
1191 -5.10000e+01
1250 -5.00000e+01
1427 -4.90000e+01
1584 -4.80000e+01
1758 -4.70000e+01
1801 -4.60000e+01
1952 -4.50000e+01
2320 -4.40000e+01
2366 -4.30000e+01
2568 -4.20000e+01
2617 -4.10000e+01
2747 -4.00000e+01
3117 -3.90000e+01
3274 -3.80000e+01
3391 -3.70000e+01
3393 -3.60000e+01
3656 -3.50000e+01
3706 -3.40000e+01
3919 -3.30000e+01
3966 -3.20000e+01
4420 -3.10000e+01
4918 -3.00000e+01
5108 -2.90000e+01
5129 -2.80000e+01
5180 -2.70000e+01
5192 -2.60000e+01
5199 -2.50000e+01
5423 -2.40000e+01
5567 -2.30000e+01
5993 -2.20000e+01
6611 -2.10000e+01
6922 -2.00000e+01
7167 -1.90000e+01
7192 -1.80000e+01
7492 -1.70000e+01
7838 -1.60000e+01
7989 -1.50000e+01
8028 -1.40000e+01
8051 -1.30000e+01
8201 -1.20000e+01
8225 -1.10000e+01
8290 -1.00000e+01
8396 -9.00000e+00
8464 -8.00000e+00
8716 -7.00000e+00
8909 -6.00000e+00
9991 -6.00000e+00
"function evaluation" "best-so-far f(x)"
1 -6.60000e+01
3 -6.50000e+01
118 -6.30000e+01
140 -6.20000e+01
159 -6.10000e+01
165 -6.00000e+01
166 -5.90000e+01
218 -5.80000e+01
280 -5.70000e+01
298 -5.60000e+01
376 -5.50000e+01
385 -5.40000e+01
406 -5.30000e+01
527 -5.20000e+01
592 -5.10000e+01
616 -5.00000e+01
835 -4.90000e+01
889 -4.80000e+01
1023 -4.70000e+01
1113 -4.60000e+01
1246 -4.50000e+01
1319 -4.40000e+01
1329 -4.30000e+01
1465 -4.20000e+01
1655 -4.10000e+01
1691 -4.00000e+01
1842 -3.90000e+01
1862 -3.80000e+01
1974 -3.70000e+01
2050 -3.60000e+01
2314 -3.50000e+01
2406 -3.40000e+01
2542 -3.30000e+01
2739 -3.20000e+01
2982 -3.10000e+01
3237 -3.00000e+01
3266 -2.90000e+01
3346 -2.80000e+01
3692 -2.70000e+01
3739 -2.60000e+01
3757 -2.50000e+01
4331 -2.40000e+01
4474 -2.30000e+01
5535 -2.20000e+01
5679 -2.10000e+01
6785 -2.00000e+01
6930 -1.90000e+01
6960 -1.80000e+01
6993 -1.70000e+01
7013 -1.60000e+01
7884 -1.50000e+01
8432 -1.40000e+01
8545 -1.30000e+01
8613 -1.20000e+01
9224 -1.10000e+01
9845 -1.00000e+01
9991 -1.00000e+01
"function evaluation" "best-so-far f(x)"
1 -6.60000e+01
36 -6.50000e+01
47 -6.40000e+01
90 -6.30000e+01
153 -6.20000e+01
178 -6.10000e+01
271 -6.00000e+01
434 -5.90000e+01
673 -5.80000e+01
702 -5.70000e+01
714 -5.60000e+01
855 -5.50000e+01
948 -5.40000e+01
978 -5.30000e+01
1081 -5.20000e+01
1142 -5.10000e+01
1144 -5.00000e+01
1196 -4.90000e+01
1208 -4.80000e+01
1217 -4.70000e+01
1378 -4.60000e+01
1470 -4.50000e+01
1860 -4.40000e+01
2046 -4.30000e+01
2085 -4.20000e+01
2194 -4.00000e+01
2214 -3.90000e+01
2271 -3.80000e+01
2312 -3.70000e+01
2397 -3.60000e+01
2408 -3.50000e+01
2481 -3.40000e+01
2541 -3.30000e+01
2794 -3.20000e+01
3049 -3.10000e+01
3075 -3.00000e+01
3223 -2.90000e+01
3409 -2.80000e+01
3415 -2.70000e+01
3423 -2.60000e+01
3667 -2.50000e+01
3930 -2.40000e+01
4127 -2.30000e+01
4378 -2.20000e+01
4397 -2.10000e+01
4422 -2.00000e+01
4925 -1.90000e+01
5010 -1.80000e+01
5139 -1.70000e+01
5229 -1.60000e+01
5452 -1.50000e+01
6108 -1.40000e+01
6573 -1.30000e+01
7155 -1.10000e+01
7495 -1.00000e+01
7648 -9.00000e+00
7757 -8.00000e+00
7768 -7.00000e+00
8156 -6.00000e+00
8585 -5.00000e+00
8803 -4.00000e+00
8879 -3.00000e+00
8945 -2.00000e+00
9562 -1.00000e+00
9633 +6.04000e+02
9991 +6.04000e+02
"function evaluation" "best-so-far f(x)"
1 -6.60000e+01
61 -6.50000e+01
116 -6.40000e+01
165 -6.30000e+01
168 -6.20000e+01
332 -6.10000e+01
350 -6.00000e+01
484 -5.90000e+01
606 -5.80000e+01
609 -5.70000e+01
752 -5.60000e+01
789 -5.50000e+01
880 -5.40000e+01
947 -5.30000e+01
1036 -5.20000e+01
1120 -5.10000e+01
1263 -4.90000e+01
1264 -4.80000e+01
1422 -4.70000e+01
1508 -4.60000e+01
1695 -4.50000e+01
1950 -4.40000e+01
2193 -4.30000e+01
2322 -4.20000e+01
2428 -4.10000e+01
2540 -4.00000e+01
2564 -3.90000e+01
2635 -3.80000e+01
2917 -3.70000e+01
3113 -3.60000e+01
3116 -3.50000e+01
3139 -3.40000e+01
3720 -3.30000e+01
3733 -3.20000e+01
3863 -3.10000e+01
3865 -2.90000e+01
4027 -2.80000e+01
4184 -2.70000e+01
4237 -2.60000e+01
4498 -2.50000e+01
4574 -2.40000e+01
4676 -2.30000e+01
4759 -2.20000e+01
4767 -2.10000e+01
4820 -2.00000e+01
5050 -1.90000e+01
5116 -1.80000e+01
5317 -1.70000e+01
5337 -1.60000e+01
5835 -1.50000e+01
5882 -1.40000e+01
6095 -1.30000e+01
6120 -1.10000e+01
6160 -1.00000e+01
6607 -9.00000e+00
6722 -8.00000e+00
6876 -7.00000e+00
7100 -6.00000e+00
7565 -5.00000e+00
8108 -4.00000e+00
8295 -3.00000e+00
8656 -2.00000e+00
8917 -1.00000e+00
9041 +5.43000e+02
9387 +5.49000e+02
9579 +5.56000e+02
9991 +5.56000e+02
"function evaluation" "best-so-far f(x)"
1 -6.60000e+01
16 -6.50000e+01
20 -6.40000e+01
126 -6.30000e+01
285 -6.20000e+01
329 -6.10000e+01
362 -6.00000e+01
513 -5.90000e+01
578 -5.80000e+01
589 -5.70000e+01
750 -5.60000e+01
1007 -5.50000e+01
1011 -5.40000e+01
1165 -5.30000e+01
1185 -5.20000e+01
1231 -5.10000e+01
1303 -5.00000e+01
1377 -4.90000e+01
1793 -4.80000e+01
2137 -4.70000e+01
2242 -4.60000e+01
2407 -4.50000e+01
2503 -4.30000e+01
2534 -4.20000e+01
2574 -4.10000e+01
2632 -4.00000e+01
2675 -3.90000e+01
2804 -3.80000e+01
2877 -3.70000e+01
3043 -3.60000e+01
3111 -3.50000e+01
3122 -3.40000e+01
3248 -3.30000e+01
3494 -3.20000e+01
3527 -3.10000e+01
3704 -3.00000e+01
3765 -2.90000e+01
4131 -2.80000e+01
4143 -2.70000e+01
4695 -2.60000e+01
4794 -2.50000e+01
5193 -2.40000e+01
5194 -2.30000e+01
5369 -2.20000e+01
5474 -2.10000e+01
5985 -2.00000e+01
6395 -1.90000e+01
6962 -1.80000e+01
7099 -1.70000e+01
7100 -1.60000e+01
7148 -1.50000e+01
7769 -1.40000e+01
8390 -1.30000e+01
8530 -1.20000e+01
9261 -1.10000e+01
9516 -1.00000e+01
9588 -9.00000e+00
9991 -9.00000e+00
"function evaluation" "best-so-far f(x)"
1 -6.60000e+01
20 -6.50000e+01
85 -6.40000e+01
102 -6.30000e+01
173 -6.20000e+01
257 -6.10000e+01
270 -6.00000e+01
339 -5.90000e+01
344 -5.80000e+01
369 -5.50000e+01
372 -5.40000e+01
415 -5.30000e+01
453 -5.20000e+01
504 -5.10000e+01
693 -5.00000e+01
742 -4.90000e+01
784 -4.80000e+01
799 -4.70000e+01
919 -4.60000e+01
1024 -4.50000e+01
1237 -4.30000e+01
1275 -4.20000e+01
1512 -4.10000e+01
1590 -4.00000e+01
1705 -3.90000e+01
1841 -3.80000e+01
1902 -3.70000e+01
1921 -3.60000e+01
2060 -3.50000e+01
2122 -3.40000e+01
2219 -3.30000e+01
2457 -3.20000e+01
2515 -3.10000e+01
2580 -3.00000e+01
2687 -2.90000e+01
2705 -2.80000e+01
2768 -2.70000e+01
3412 -2.60000e+01
3657 -2.50000e+01
3676 -2.40000e+01
4195 -2.30000e+01
4282 -2.20000e+01
4502 -2.10000e+01
4544 -2.00000e+01
5307 -1.90000e+01
5374 -1.80000e+01
5521 -1.70000e+01
5765 -1.60000e+01
5874 -1.50000e+01
6409 -1.40000e+01
6699 -1.30000e+01
7476 -1.20000e+01
7556 -1.00000e+01
7583 -9.00000e+00
7673 -8.00000e+00
7805 -7.00000e+00
7912 -6.00000e+00
8011 -5.00000e+00
8629 -4.00000e+00
8903 -3.00000e+00
9471 -2.00000e+00
9671 -1.00000e+00
9991 -1.00000e+00
"function evaluation" "best-so-far f(x)"
1 -6.60000e+01
40 -6.50000e+01
101 -6.40000e+01
268 -6.30000e+01
322 -6.20000e+01
332 -6.10000e+01
376 -6.00000e+01
396 -5.90000e+01
409 -5.80000e+01
507 -5.70000e+01
563 -5.60000e+01
622 -5.50000e+01
690 -5.40000e+01
704 -5.30000e+01
705 -5.20000e+01
828 -5.10000e+01
871 -5.00000e+01
1203 -4.90000e+01
1264 -4.80000e+01
1325 -4.70000e+01
1354 -4.60000e+01
1358 -4.50000e+01
1390 -4.40000e+01
1483 -4.30000e+01
1686 -4.20000e+01
1765 -4.10000e+01
1797 -4.00000e+01
1930 -3.90000e+01
2050 -3.80000e+01
2065 -3.70000e+01
2264 -3.60000e+01
2299 -3.50000e+01
2382 -3.30000e+01
2704 -3.20000e+01
2886 -3.10000e+01
2893 -3.00000e+01
2978 -2.90000e+01
3129 -2.80000e+01
3657 -2.70000e+01
3724 -2.60000e+01
3996 -2.50000e+01
4411 -2.40000e+01
4441 -2.30000e+01
4627 -2.20000e+01
4985 -2.10000e+01
5318 -2.00000e+01
5434 -1.90000e+01
5458 -1.80000e+01
5777 -1.70000e+01
5797 -1.60000e+01
6095 -1.50000e+01
6194 -1.40000e+01
6206 -1.30000e+01
6333 -1.20000e+01
6560 -1.10000e+01
6743 -1.00000e+01
6748 -9.00000e+00
7046 -8.00000e+00
7194 -7.00000e+00
7832 -6.00000e+00
9850 -5.00000e+00
9991 -5.00000e+00
"function evaluation" "best-so-far f(x)"
1 -6.60000e+01
13 -6.50000e+01
86 -6.40000e+01
137 -6.30000e+01
195 -6.20000e+01
217 -6.10000e+01
438 -6.00000e+01
520 -5.90000e+01
597 -5.80000e+01
761 -5.70000e+01
763 -5.60000e+01
875 -5.40000e+01
892 -5.30000e+01
1206 -5.20000e+01
1225 -5.10000e+01
1405 -5.00000e+01
1430 -4.90000e+01
1563 -4.80000e+01
1575 -4.70000e+01
1647 -4.60000e+01
1891 -4.50000e+01
1917 -4.40000e+01
1942 -4.30000e+01
1945 -4.20000e+01
1987 -4.10000e+01
1991 -4.00000e+01
2418 -3.90000e+01
2671 -3.80000e+01
2703 -3.70000e+01
2866 -3.60000e+01
3348 -3.50000e+01
3697 -3.40000e+01
3930 -3.30000e+01
3940 -3.20000e+01
4060 -3.10000e+01
4317 -3.00000e+01
4559 -2.90000e+01
4648 -2.80000e+01
4713 -2.70000e+01
4799 -2.60000e+01
5417 -2.50000e+01
5477 -2.40000e+01
5514 -2.30000e+01
5659 -2.20000e+01
5784 -2.10000e+01
6423 -2.00000e+01
6603 -1.90000e+01
6658 -1.80000e+01
6955 -1.70000e+01
7377 -1.60000e+01
7550 -1.40000e+01
7676 -1.30000e+01
8198 -1.20000e+01
8206 -1.10000e+01
8733 -1.00000e+01
8845 -9.00000e+00
8938 -8.00000e+00
9290 -7.00000e+00
9363 -6.00000e+00
9566 -5.00000e+00
9598 -4.00000e+00
9803 -3.00000e+00
9991 -3.00000e+00
"function evaluation" "best-so-far f(x)"
1 -6.60000e+01
4 -6.50000e+01
27 -6.40000e+01
106 -6.30000e+01
110 -6.20000e+01
113 -6.10000e+01
172 -6.00000e+01
287 -5.90000e+01
525 -5.80000e+01
767 -5.70000e+01
1043 -5.60000e+01
1093 -5.50000e+01
1205 -5.40000e+01
1297 -5.30000e+01
1301 -5.20000e+01
1889 -5.10000e+01
1969 -5.00000e+01
2046 -4.90000e+01
2129 -4.80000e+01
2260 -4.70000e+01
2382 -4.60000e+01
2458 -4.50000e+01
2581 -4.40000e+01
2619 -4.30000e+01
2822 -4.20000e+01
3076 -4.10000e+01
3118 -4.00000e+01
3138 -3.90000e+01
3170 -3.80000e+01
3268 -3.70000e+01
3598 -3.60000e+01
3659 -3.50000e+01
3697 -3.40000e+01
3866 -3.30000e+01
3974 -3.20000e+01
4116 -3.10000e+01
4428 -3.00000e+01
4464 -2.90000e+01
4586 -2.80000e+01
4779 -2.70000e+01
4868 -2.60000e+01
4942 -2.50000e+01
5235 -2.40000e+01
5249 -2.30000e+01
5719 -2.20000e+01
6075 -2.10000e+01
6741 -2.00000e+01
7382 -1.90000e+01
7451 -1.80000e+01
8379 -1.70000e+01
8465 -1.60000e+01
8766 -1.50000e+01
8903 -1.40000e+01
9153 -1.30000e+01
9317 -1.20000e+01
9470 -1.10000e+01
9940 -1.00000e+01
9991 -1.00000e+01
