"function evaluation" "best-so-far f(x)"
1 -6.60000e+01
2 -6.50000e+01
73 -6.40000e+01
296 -6.20000e+01
561 -6.10000e+01
717 -6.00000e+01
930 -5.90000e+01
978 -5.80000e+01
1053 -5.70000e+01
1201 -5.60000e+01
1248 -5.50000e+01
1341 -5.40000e+01
1502 -5.30000e+01
1511 -5.10000e+01
1657 -5.00000e+01
1694 -4.90000e+01
1787 -4.80000e+01
1956 -4.70000e+01
2010 -4.60000e+01
2087 -4.50000e+01
2229 -4.40000e+01
2429 -4.30000e+01
2624 -4.20000e+01
2714 -4.10000e+01
2812 -4.00000e+01
2914 -3.90000e+01
3039 -3.80000e+01
3148 -3.70000e+01
3315 -3.60000e+01
3471 -3.50000e+01
3564 -3.40000e+01
3665 -3.30000e+01
3754 -3.20000e+01
3880 -3.10000e+01
3967 -3.00000e+01
4114 -2.90000e+01
4244 -2.80000e+01
4454 -2.70000e+01
4646 -2.60000e+01
4858 -2.50000e+01
4950 -2.40000e+01
4971 -2.30000e+01
5115 -2.20000e+01
5289 -2.10000e+01
5317 -2.00000e+01
5600 -1.90000e+01
5673 -1.80000e+01
5987 -1.70000e+01
6106 -1.60000e+01
6256 -1.50000e+01
6604 -1.40000e+01
6883 -1.30000e+01
6939 -1.20000e+01
7403 -1.10000e+01
7712 -1.00000e+01
8072 -9.00000e+00
8271 -8.00000e+00
8516 -7.00000e+00
8975 -6.00000e+00
9260 -5.00000e+00
9372 -4.00000e+00
9951 -4.00000e+00
"function evaluation" "best-so-far f(x)"
1 -6.60000e+01
2 -6.50000e+01
47 -6.40000e+01
205 -6.30000e+01
276 -6.20000e+01
461 -6.10000e+01
617 -6.00000e+01
715 -5.90000e+01
858 -5.80000e+01
886 -5.70000e+01
971 -5.60000e+01
1040 -5.50000e+01
1298 -5.40000e+01
1346 -5.30000e+01
1389 -5.20000e+01
1426 -5.10000e+01
1464 -5.00000e+01
1541 -4.90000e+01
1609 -4.80000e+01
1761 -4.70000e+01
2008 -4.60000e+01
2102 -4.50000e+01
2258 -4.40000e+01
2411 -4.30000e+01
2421 -4.20000e+01
2583 -4.10000e+01
2757 -4.00000e+01
2844 -3.90000e+01
2921 -3.80000e+01
3029 -3.70000e+01
3158 -3.60000e+01
3226 -3.50000e+01
3340 -3.40000e+01
3458 -3.30000e+01
3761 -3.20000e+01
4202 -3.10000e+01
4327 -3.00000e+01
4429 -2.90000e+01
4556 -2.80000e+01
4622 -2.70000e+01
5073 -2.50000e+01
5307 -2.40000e+01
5587 -2.30000e+01
5918 -2.20000e+01
6180 -2.10000e+01
6271 -2.00000e+01
7027 -1.90000e+01
7123 -1.80000e+01
7203 -1.70000e+01
7348 -1.60000e+01
7484 -1.50000e+01
7686 -1.40000e+01
8097 -1.30000e+01
8240 -1.20000e+01
8531 -1.10000e+01
8831 -1.00000e+01
8963 -9.00000e+00
9108 -8.00000e+00
9367 -7.00000e+00
9464 -6.00000e+00
9621 -5.00000e+00
9866 -4.00000e+00
9951 -4.00000e+00
"function evaluation" "best-so-far f(x)"
1 -6.60000e+01
51 -6.50000e+01
148 -6.40000e+01
191 -6.30000e+01
263 -6.20000e+01
461 -6.10000e+01
560 -6.00000e+01
676 -5.90000e+01
781 -5.80000e+01
1025 -5.70000e+01
1194 -5.50000e+01
1234 -5.40000e+01
1320 -5.30000e+01
1525 -5.20000e+01
1661 -5.10000e+01
1872 -5.00000e+01
1953 -4.90000e+01
2165 -4.80000e+01
2223 -4.70000e+01
2330 -4.60000e+01
2398 -4.50000e+01
2516 -4.40000e+01
2601 -4.30000e+01
2645 -4.20000e+01
2683 -4.10000e+01
2758 -4.00000e+01
2951 -3.90000e+01
2982 -3.80000e+01
3030 -3.70000e+01
3339 -3.60000e+01
3510 -3.50000e+01
3565 -3.40000e+01
3925 -3.30000e+01
4289 -3.20000e+01
4390 -3.10000e+01
4499 -3.00000e+01
4607 -2.90000e+01
4760 -2.80000e+01
4834 -2.70000e+01
4962 -2.60000e+01
5190 -2.50000e+01
5278 -2.40000e+01
5610 -2.30000e+01
5857 -2.20000e+01
5888 -2.10000e+01
6341 -2.00000e+01
6474 -1.90000e+01
7171 -1.80000e+01
7480 -1.70000e+01
7874 -1.60000e+01
8017 -1.50000e+01
8184 -1.40000e+01
8424 -1.30000e+01
8660 -1.20000e+01
8894 -1.10000e+01
9117 -1.00000e+01
9239 -9.00000e+00
9570 -8.00000e+00
9951 -8.00000e+00
"function evaluation" "best-so-far f(x)"
1 -6.60000e+01
51 -6.50000e+01
67 -6.40000e+01
88 -6.30000e+01
121 -6.20000e+01
272 -6.10000e+01
406 -6.00000e+01
483 -5.90000e+01
511 -5.80000e+01
596 -5.70000e+01
710 -5.60000e+01
734 -5.50000e+01
849 -5.40000e+01
883 -5.30000e+01
956 -5.20000e+01
1215 -5.10000e+01
1498 -5.00000e+01
1593 -4.90000e+01
1643 -4.80000e+01
1726 -4.70000e+01
1787 -4.60000e+01
1880 -4.50000e+01
1911 -4.40000e+01
1960 -4.30000e+01
2122 -4.20000e+01
2233 -4.10000e+01
2337 -4.00000e+01
2443 -3.90000e+01
2517 -3.80000e+01
2570 -3.60000e+01
2750 -3.50000e+01
2907 -3.40000e+01
3043 -3.30000e+01
3217 -3.20000e+01
3393 -3.10000e+01
3437 -3.00000e+01
3615 -2.90000e+01
3900 -2.80000e+01
4204 -2.70000e+01
4259 -2.60000e+01
4519 -2.50000e+01
4757 -2.40000e+01
4903 -2.30000e+01
5061 -2.20000e+01
5218 -2.10000e+01
5354 -2.00000e+01
5413 -1.90000e+01
5941 -1.80000e+01
6051 -1.70000e+01
6142 -1.60000e+01
6267 -1.50000e+01
6582 -1.40000e+01
7060 -1.30000e+01
7175 -1.20000e+01
7217 -1.10000e+01
7326 -1.00000e+01
7392 -9.00000e+00
7778 -8.00000e+00
8074 -7.00000e+00
8581 -6.00000e+00
8946 -5.00000e+00
9457 -4.00000e+00
9640 -3.00000e+00
9951 -3.00000e+00
"function evaluation" "best-so-far f(x)"
1 -6.60000e+01
74 -6.40000e+01
194 -6.30000e+01
279 -6.20000e+01
313 -6.10000e+01
354 -6.00000e+01
384 -5.90000e+01
449 -5.80000e+01
508 -5.70000e+01
591 -5.60000e+01
758 -5.50000e+01
854 -5.40000e+01
865 -5.30000e+01
961 -5.20000e+01
1029 -5.10000e+01
1045 -5.00000e+01
1327 -4.90000e+01
1398 -4.80000e+01
1590 -4.70000e+01
1649 -4.60000e+01
1662 -4.50000e+01
1747 -4.40000e+01
1796 -4.30000e+01
1826 -4.20000e+01
1993 -3.90000e+01
2064 -3.80000e+01
2191 -3.70000e+01
2327 -3.60000e+01
2391 -3.50000e+01
2676 -3.40000e+01
2964 -3.30000e+01
3507 -3.20000e+01
3665 -3.10000e+01
3779 -3.00000e+01
4071 -2.90000e+01
4294 -2.80000e+01
4388 -2.70000e+01
4392 -2.60000e+01
4549 -2.50000e+01
4612 -2.40000e+01
4871 -2.30000e+01
5080 -2.20000e+01
5266 -2.10000e+01
5626 -2.00000e+01
5893 -1.90000e+01
5970 -1.80000e+01
6176 -1.70000e+01
6340 -1.60000e+01
6922 -1.50000e+01
7130 -1.40000e+01
7416 -1.30000e+01
7616 -1.20000e+01
8029 -1.10000e+01
8276 -1.00000e+01
8885 -9.00000e+00
9272 -8.00000e+00
9442 -7.00000e+00
9548 -6.00000e+00
9716 -5.00000e+00
9951 -5.00000e+00
"function evaluation" "best-so-far f(x)"
1 -6.60000e+01
42 -6.50000e+01
178 -6.40000e+01
337 -6.30000e+01
355 -6.20000e+01
389 -6.10000e+01
501 -6.00000e+01
578 -5.90000e+01
747 -5.80000e+01
914 -5.70000e+01
1082 -5.60000e+01
1245 -5.50000e+01
1332 -5.40000e+01
1424 -5.30000e+01
1515 -5.20000e+01
1577 -5.10000e+01
1640 -5.00000e+01
1801 -4.90000e+01
1968 -4.80000e+01
2111 -4.70000e+01
2247 -4.60000e+01
2316 -4.50000e+01
2401 -4.40000e+01
2432 -4.30000e+01
2581 -4.20000e+01
2586 -4.10000e+01
2635 -4.00000e+01
2859 -3.90000e+01
2966 -3.80000e+01
2985 -3.70000e+01
2998 -3.60000e+01
3115 -3.50000e+01
3355 -3.40000e+01
3436 -3.30000e+01
3616 -3.20000e+01
3748 -3.10000e+01
3830 -3.00000e+01
3917 -2.90000e+01
4082 -2.80000e+01
4096 -2.70000e+01
4651 -2.60000e+01
4893 -2.50000e+01
5123 -2.40000e+01
5688 -2.30000e+01
5938 -2.20000e+01
6149 -2.10000e+01
6290 -2.00000e+01
6559 -1.90000e+01
6752 -1.80000e+01
6990 -1.70000e+01
7152 -1.60000e+01
7168 -1.50000e+01
7244 -1.40000e+01
7330 -1.30000e+01
7582 -1.20000e+01
7989 -1.10000e+01
8112 -1.00000e+01
8138 -9.00000e+00
8386 -8.00000e+00
8495 -7.00000e+00
8724 -6.00000e+00
8780 -5.00000e+00
8935 -4.00000e+00
9223 -3.00000e+00
9516 -2.00000e+00
9722 -1.00000e+00
9881 +5.91000e+02
9951 +5.91000e+02
"function evaluation" "best-so-far f(x)"
1 -6.60000e+01
9 -6.50000e+01
122 -6.40000e+01
145 -6.30000e+01
210 -6.20000e+01
244 -6.10000e+01
289 -6.00000e+01
295 -5.90000e+01
416 -5.80000e+01
513 -5.70000e+01
593 -5.60000e+01
642 -5.50000e+01
876 -5.40000e+01
942 -5.30000e+01
1146 -5.20000e+01
1179 -5.10000e+01
1226 -5.00000e+01
1482 -4.90000e+01
1671 -4.80000e+01
1734 -4.70000e+01
1809 -4.60000e+01
1853 -4.50000e+01
2105 -4.40000e+01
2179 -4.30000e+01
2402 -4.20000e+01
2521 -4.10000e+01
2831 -4.00000e+01
2940 -3.90000e+01
3094 -3.80000e+01
3295 -3.70000e+01
3410 -3.60000e+01
3508 -3.50000e+01
3604 -3.40000e+01
3609 -3.30000e+01
3639 -3.20000e+01
3754 -3.10000e+01
3816 -3.00000e+01
3984 -2.90000e+01
4094 -2.80000e+01
4219 -2.70000e+01
4363 -2.60000e+01
4436 -2.50000e+01
4631 -2.40000e+01
4835 -2.30000e+01
4972 -2.20000e+01
5168 -2.10000e+01
5422 -2.00000e+01
5526 -1.90000e+01
5533 -1.80000e+01
5668 -1.70000e+01
5912 -1.60000e+01
5984 -1.50000e+01
6150 -1.40000e+01
6509 -1.30000e+01
6946 -1.20000e+01
7098 -1.10000e+01
7548 -1.00000e+01
7830 -9.00000e+00
8224 -8.00000e+00
8564 -7.00000e+00
8783 -6.00000e+00
8812 -5.00000e+00
8910 -4.00000e+00
9081 -3.00000e+00
9583 -2.00000e+00
9682 -1.00000e+00
9951 -1.00000e+00
"function evaluation" "best-so-far f(x)"
1 -6.60000e+01
83 -6.50000e+01
126 -6.40000e+01
175 -6.30000e+01
302 -6.20000e+01
371 -6.10000e+01
472 -6.00000e+01
602 -5.90000e+01
701 -5.80000e+01
841 -5.70000e+01
909 -5.60000e+01
994 -5.50000e+01
1128 -5.40000e+01
1254 -5.30000e+01
1450 -5.20000e+01
1606 -5.10000e+01
1715 -5.00000e+01
1783 -4.90000e+01
1861 -4.80000e+01
1892 -4.70000e+01
2103 -4.60000e+01
2220 -4.50000e+01
2374 -4.40000e+01
2401 -4.30000e+01
2430 -4.20000e+01
2616 -4.10000e+01
2866 -4.00000e+01
3054 -3.90000e+01
3227 -3.80000e+01
3362 -3.70000e+01
3572 -3.60000e+01
3667 -3.50000e+01
3835 -3.40000e+01
3862 -3.30000e+01
4138 -3.20000e+01
4237 -3.10000e+01
4257 -3.00000e+01
4276 -2.90000e+01
4447 -2.80000e+01
4571 -2.70000e+01
4707 -2.60000e+01
4932 -2.50000e+01
4939 -2.40000e+01
5053 -2.30000e+01
5416 -2.20000e+01
5642 -2.10000e+01
5792 -2.00000e+01
5948 -1.90000e+01
6137 -1.80000e+01
6174 -1.70000e+01
6277 -1.60000e+01
6441 -1.50000e+01
6590 -1.40000e+01
7109 -1.30000e+01
7593 -1.20000e+01
7630 -1.10000e+01
7765 -1.00000e+01
7773 -9.00000e+00
8011 -8.00000e+00
8493 -7.00000e+00
8627 -6.00000e+00
8690 -5.00000e+00
9079 -4.00000e+00
9342 -3.00000e+00
9417 -2.00000e+00
9628 -1.00000e+00
9951 -1.00000e+00
"function evaluation" "best-so-far f(x)"
1 -6.60000e+01
209 -6.50000e+01
362 -6.30000e+01
439 -6.20000e+01
496 -6.10000e+01
561 -6.00000e+01
665 -5.90000e+01
727 -5.80000e+01
835 -5.70000e+01
883 -5.60000e+01
1084 -5.50000e+01
1209 -5.40000e+01
1245 -5.30000e+01
1331 -5.20000e+01
1425 -5.10000e+01
1480 -5.00000e+01
1534 -4.80000e+01
1636 -4.70000e+01
1775 -4.60000e+01
1867 -4.50000e+01
1878 -4.40000e+01
1949 -4.30000e+01
2084 -4.20000e+01
2177 -4.10000e+01
2318 -4.00000e+01
2441 -3.90000e+01
2585 -3.80000e+01
2783 -3.70000e+01
2801 -3.60000e+01
2876 -3.50000e+01
2990 -3.40000e+01
3107 -3.30000e+01
3188 -3.20000e+01
3338 -3.10000e+01
3440 -3.00000e+01
3463 -2.90000e+01
3650 -2.80000e+01
3687 -2.70000e+01
3990 -2.60000e+01
4203 -2.50000e+01
4323 -2.40000e+01
4603 -2.30000e+01
4649 -2.20000e+01
4788 -2.10000e+01
4972 -2.00000e+01
5162 -1.90000e+01
5216 -1.80000e+01
5527 -1.70000e+01
5786 -1.60000e+01
6043 -1.50000e+01
6125 -1.40000e+01
6280 -1.30000e+01
6340 -1.20000e+01
6784 -1.10000e+01
6952 -1.00000e+01
7002 -9.00000e+00
7454 -8.00000e+00
7794 -7.00000e+00
8582 -6.00000e+00
8865 -5.00000e+00
9059 -4.00000e+00
9252 -3.00000e+00
9679 -2.00000e+00
9815 -1.00000e+00
9951 -1.00000e+00
"function evaluation" "best-so-far f(x)"
1 -6.60000e+01
93 -6.50000e+01
223 -6.40000e+01
261 -6.30000e+01
402 -6.20000e+01
482 -6.10000e+01
571 -5.90000e+01
657 -5.80000e+01
710 -5.70000e+01
812 -5.60000e+01
966 -5.50000e+01
1010 -5.40000e+01
1249 -5.30000e+01
1382 -5.20000e+01
1641 -5.10000e+01
1739 -5.00000e+01
1790 -4.90000e+01
1868 -4.80000e+01
2113 -4.70000e+01
2287 -4.60000e+01
2416 -4.50000e+01
2450 -4.40000e+01
2612 -4.30000e+01
2648 -4.20000e+01
2860 -4.10000e+01
3081 -4.00000e+01
3166 -3.90000e+01
3337 -3.80000e+01
3365 -3.70000e+01
3536 -3.60000e+01
3747 -3.50000e+01
3874 -3.40000e+01
3927 -3.30000e+01
4330 -3.20000e+01
4392 -3.10000e+01
4562 -3.00000e+01
4635 -2.90000e+01
4661 -2.80000e+01
4892 -2.70000e+01
5392 -2.60000e+01
5496 -2.50000e+01
5628 -2.40000e+01
5685 -2.30000e+01
5795 -2.20000e+01
5898 -2.10000e+01
5973 -2.00000e+01
6361 -1.90000e+01
6624 -1.80000e+01
6750 -1.70000e+01
7038 -1.60000e+01
7139 -1.50000e+01
7445 -1.40000e+01
7672 -1.30000e+01
7892 -1.20000e+01
7939 -1.10000e+01
8054 -1.00000e+01
8415 -9.00000e+00
8742 -8.00000e+00
8903 -7.00000e+00
8975 -6.00000e+00
9086 -5.00000e+00
9094 -4.00000e+00
9440 -3.00000e+00
9462 -2.00000e+00
9951 -2.00000e+00
"function evaluation" "best-so-far f(x)"
1 -6.60000e+01
5 -6.50000e+01
23 -6.30000e+01
292 -6.20000e+01
378 -6.10000e+01
457 -6.00000e+01
538 -5.90000e+01
613 -5.80000e+01
690 -5.70000e+01
714 -5.60000e+01
858 -5.50000e+01
1146 -5.40000e+01
1176 -5.30000e+01
1194 -5.20000e+01
1355 -5.10000e+01
1409 -5.00000e+01
1522 -4.90000e+01
1600 -4.80000e+01
1670 -4.70000e+01
1751 -4.50000e+01
2031 -4.40000e+01
2091 -4.30000e+01
2136 -4.20000e+01
2301 -4.10000e+01
2444 -4.00000e+01
2558 -3.90000e+01
2674 -3.80000e+01
2742 -3.70000e+01
2868 -3.60000e+01
2902 -3.50000e+01
2965 -3.40000e+01
3022 -3.30000e+01
3153 -3.20000e+01
3254 -3.10000e+01
3293 -3.00000e+01
3452 -2.90000e+01
3592 -2.80000e+01
3674 -2.70000e+01
4123 -2.60000e+01
4591 -2.50000e+01
4722 -2.40000e+01
5136 -2.30000e+01
5454 -2.20000e+01
5655 -2.10000e+01
5754 -2.00000e+01
5954 -1.90000e+01
6186 -1.80000e+01
6408 -1.60000e+01
6505 -1.50000e+01
6825 -1.40000e+01
6858 -1.30000e+01
6928 -1.20000e+01
6994 -1.10000e+01
7235 -1.00000e+01
7472 -9.00000e+00
8068 -8.00000e+00
8195 -7.00000e+00
8402 -6.00000e+00
8801 -5.00000e+00
9047 -4.00000e+00
9873 -3.00000e+00
9951 -3.00000e+00
"function evaluation" "best-so-far f(x)"
1 -6.60000e+01
6 -6.50000e+01
52 -6.40000e+01
173 -6.30000e+01
248 -6.20000e+01
384 -6.10000e+01
477 -6.00000e+01
482 -5.90000e+01
552 -5.80000e+01
672 -5.70000e+01
780 -5.60000e+01
873 -5.50000e+01
952 -5.40000e+01
1088 -5.30000e+01
1244 -5.20000e+01
1285 -5.10000e+01
1418 -5.00000e+01
1492 -4.90000e+01
1736 -4.80000e+01
1971 -4.70000e+01
2066 -4.60000e+01
2136 -4.50000e+01
2195 -4.40000e+01
2245 -4.30000e+01
2341 -4.20000e+01
2402 -4.10000e+01
2454 -4.00000e+01
2521 -3.90000e+01
2612 -3.80000e+01
2691 -3.70000e+01
3068 -3.60000e+01
3138 -3.50000e+01
3235 -3.40000e+01
3368 -3.30000e+01
3741 -3.20000e+01
3909 -3.10000e+01
3972 -3.00000e+01
3999 -2.90000e+01
4066 -2.80000e+01
4209 -2.70000e+01
4390 -2.60000e+01
4475 -2.50000e+01
4662 -2.40000e+01
4785 -2.30000e+01
5021 -2.20000e+01
5238 -2.10000e+01
5313 -2.00000e+01
5380 -1.90000e+01
5740 -1.80000e+01
6116 -1.70000e+01
6246 -1.60000e+01
6262 -1.50000e+01
6453 -1.40000e+01
6534 -1.30000e+01
6935 -1.20000e+01
7299 -1.10000e+01
7587 -1.00000e+01
8029 -9.00000e+00
8624 -8.00000e+00
8944 -7.00000e+00
9438 -5.00000e+00
9545 -4.00000e+00
9821 -3.00000e+00
9951 -3.00000e+00
"function evaluation" "best-so-far f(x)"
1 -6.60000e+01
24 -6.50000e+01
89 -6.40000e+01
190 -6.30000e+01
291 -6.20000e+01
342 -6.10000e+01
473 -6.00000e+01
503 -5.90000e+01
705 -5.80000e+01
745 -5.70000e+01
798 -5.60000e+01
802 -5.50000e+01
872 -5.40000e+01
949 -5.30000e+01
1055 -5.20000e+01
1111 -5.10000e+01
1186 -5.00000e+01
1337 -4.90000e+01
1448 -4.80000e+01
1552 -4.70000e+01
1601 -4.60000e+01
1857 -4.50000e+01
1952 -4.40000e+01
1999 -4.30000e+01
2127 -4.20000e+01
2151 -4.10000e+01
2342 -4.00000e+01
2378 -3.90000e+01
2619 -3.80000e+01
2694 -3.70000e+01
2955 -3.60000e+01
3067 -3.50000e+01
3259 -3.40000e+01
3327 -3.30000e+01
3692 -3.20000e+01
3706 -3.10000e+01
3757 -3.00000e+01
3856 -2.90000e+01
4174 -2.80000e+01
4263 -2.70000e+01
4292 -2.60000e+01
4359 -2.50000e+01
4637 -2.40000e+01
4797 -2.30000e+01
4997 -2.20000e+01
5198 -2.10000e+01
5369 -2.00000e+01
5506 -1.80000e+01
5528 -1.70000e+01
5556 -1.60000e+01
5819 -1.50000e+01
5967 -1.40000e+01
6180 -1.30000e+01
6407 -1.20000e+01
6426 -1.10000e+01
6692 -1.00000e+01
6794 -9.00000e+00
6898 -8.00000e+00
7172 -7.00000e+00
7387 -6.00000e+00
7532 -5.00000e+00
8213 -4.00000e+00
8617 -3.00000e+00
8955 -2.00000e+00
9574 -1.00000e+00
9926 +6.11000e+02
9951 +6.11000e+02
"function evaluation" "best-so-far f(x)"
1 -6.60000e+01
31 -6.50000e+01
84 -6.40000e+01
190 -6.30000e+01
339 -6.20000e+01
379 -6.10000e+01
459 -6.00000e+01
636 -5.90000e+01
680 -5.80000e+01
736 -5.70000e+01
805 -5.50000e+01
847 -5.40000e+01
900 -5.30000e+01
999 -5.20000e+01
1232 -5.10000e+01
1354 -5.00000e+01
1471 -4.90000e+01
1542 -4.80000e+01
1723 -4.70000e+01
1869 -4.60000e+01
1886 -4.50000e+01
1980 -4.30000e+01
2156 -4.20000e+01
2227 -4.10000e+01
2393 -4.00000e+01
2620 -3.90000e+01
2766 -3.80000e+01
2877 -3.70000e+01
2985 -3.60000e+01
3040 -3.50000e+01
3047 -3.40000e+01
3247 -3.30000e+01
3382 -3.20000e+01
3606 -3.10000e+01
3677 -3.00000e+01
3747 -2.90000e+01
4111 -2.80000e+01
4171 -2.70000e+01
4397 -2.60000e+01
4728 -2.50000e+01
4873 -2.40000e+01
5301 -2.30000e+01
5311 -2.20000e+01
5362 -2.10000e+01
5650 -2.00000e+01
5844 -1.90000e+01
6114 -1.80000e+01
6314 -1.70000e+01
6540 -1.60000e+01
6709 -1.50000e+01
6839 -1.40000e+01
7069 -1.30000e+01
7259 -1.20000e+01
7318 -1.10000e+01
7566 -1.00000e+01
7728 -9.00000e+00
7915 -8.00000e+00
8165 -7.00000e+00
9455 -6.00000e+00
9864 -5.00000e+00
9951 -5.00000e+00
"function evaluation" "best-so-far f(x)"
1 -6.60000e+01
4 -6.50000e+01
34 -6.40000e+01
65 -6.30000e+01
135 -6.20000e+01
169 -6.10000e+01
346 -6.00000e+01
433 -5.90000e+01
521 -5.80000e+01
617 -5.70000e+01
641 -5.60000e+01
823 -5.50000e+01
871 -5.40000e+01
919 -5.30000e+01
1025 -5.20000e+01
1048 -5.00000e+01
1148 -4.90000e+01
1311 -4.80000e+01
1373 -4.70000e+01
1531 -4.60000e+01
1671 -4.50000e+01
1756 -4.40000e+01
1955 -4.30000e+01
2069 -4.20000e+01
2092 -4.10000e+01
2178 -4.00000e+01
2297 -3.90000e+01
2566 -3.80000e+01
2840 -3.70000e+01
3021 -3.60000e+01
3195 -3.50000e+01
3296 -3.40000e+01
3484 -3.30000e+01
3613 -3.20000e+01
3624 -3.10000e+01
3771 -3.00000e+01
3973 -2.90000e+01
4105 -2.80000e+01
4250 -2.70000e+01
4561 -2.60000e+01
4762 -2.50000e+01
4905 -2.40000e+01
5392 -2.30000e+01
5677 -2.20000e+01
5744 -2.10000e+01
6044 -2.00000e+01
6179 -1.90000e+01
6446 -1.80000e+01
6595 -1.70000e+01
6701 -1.60000e+01
7245 -1.50000e+01
7248 -1.40000e+01
7390 -1.30000e+01
8105 -1.20000e+01
8453 -1.10000e+01
8765 -1.00000e+01
8882 -9.00000e+00
8976 -8.00000e+00
9444 -7.00000e+00
9747 -6.00000e+00
9781 -5.00000e+00
9951 -5.00000e+00
"function evaluation" "best-so-far f(x)"
1 -6.60000e+01
102 -6.50000e+01
111 -6.40000e+01
171 -6.30000e+01
212 -6.20000e+01
514 -6.10000e+01
613 -6.00000e+01
638 -5.90000e+01
685 -5.80000e+01
734 -5.70000e+01
917 -5.60000e+01
967 -5.50000e+01
1098 -5.40000e+01
1112 -5.30000e+01
1170 -5.20000e+01
1213 -5.10000e+01
1420 -5.00000e+01
1441 -4.90000e+01
1511 -4.80000e+01
1558 -4.70000e+01
1623 -4.60000e+01
1720 -4.50000e+01
1830 -4.30000e+01
1938 -4.20000e+01
2050 -4.10000e+01
2284 -3.90000e+01
2398 -3.80000e+01
2465 -3.70000e+01
2649 -3.60000e+01
2787 -3.50000e+01
2824 -3.40000e+01
3024 -3.30000e+01
3155 -3.20000e+01
3275 -3.10000e+01
3380 -3.00000e+01
3502 -2.90000e+01
3958 -2.80000e+01
4033 -2.70000e+01
4224 -2.60000e+01
4358 -2.50000e+01
4457 -2.40000e+01
4681 -2.30000e+01
4750 -2.20000e+01
4917 -2.10000e+01
5131 -2.00000e+01
5333 -1.90000e+01
5357 -1.80000e+01
6118 -1.70000e+01
6294 -1.60000e+01
6431 -1.50000e+01
6769 -1.40000e+01
7161 -1.30000e+01
7720 -1.20000e+01
7855 -1.10000e+01
7910 -1.00000e+01
8043 -9.00000e+00
8070 -8.00000e+00
8196 -7.00000e+00
8342 -6.00000e+00
8694 -5.00000e+00
8960 -4.00000e+00
9215 -3.00000e+00
9501 -2.00000e+00
9907 -1.00000e+00
9951 -1.00000e+00
"function evaluation" "best-so-far f(x)"
1 -6.60000e+01
22 -6.50000e+01
60 -6.40000e+01
107 -6.30000e+01
204 -6.20000e+01
264 -6.10000e+01
308 -6.00000e+01
344 -5.90000e+01
448 -5.80000e+01
568 -5.70000e+01
663 -5.60000e+01
766 -5.50000e+01
913 -5.30000e+01
982 -5.20000e+01
1208 -5.10000e+01
1358 -5.00000e+01
1519 -4.80000e+01
1786 -4.70000e+01
1795 -4.60000e+01
1909 -4.50000e+01
2114 -4.40000e+01
2164 -4.30000e+01
2326 -4.20000e+01
2392 -4.10000e+01
2427 -4.00000e+01
2589 -3.90000e+01
2608 -3.80000e+01
3040 -3.70000e+01
3144 -3.60000e+01
3166 -3.50000e+01
3175 -3.40000e+01
3336 -3.30000e+01
3362 -3.20000e+01
3509 -3.10000e+01
3545 -3.00000e+01
3795 -2.90000e+01
3831 -2.80000e+01
3845 -2.70000e+01
3898 -2.60000e+01
4047 -2.50000e+01
4228 -2.40000e+01
4243 -2.30000e+01
4293 -2.20000e+01
4483 -2.10000e+01
4616 -2.00000e+01
4770 -1.90000e+01
5047 -1.80000e+01
5349 -1.70000e+01
5518 -1.60000e+01
5681 -1.50000e+01
5941 -1.40000e+01
6085 -1.30000e+01
6312 -1.20000e+01
6544 -1.10000e+01
6985 -1.00000e+01
7115 -9.00000e+00
7252 -8.00000e+00
7389 -7.00000e+00
7639 -6.00000e+00
8058 -5.00000e+00
8338 -4.00000e+00
8570 -3.00000e+00
8658 -2.00000e+00
9103 -1.00000e+00
9135 +5.63000e+02
9376 +5.83000e+02
9572 +5.87000e+02
9674 +6.00000e+02
9807 +6.05000e+02
9951 +6.05000e+02
"function evaluation" "best-so-far f(x)"
1 -6.60000e+01
30 -6.50000e+01
80 -6.40000e+01
110 -6.30000e+01
226 -6.20000e+01
295 -6.10000e+01
482 -6.00000e+01
662 -5.90000e+01
668 -5.80000e+01
733 -5.70000e+01
795 -5.60000e+01
895 -5.50000e+01
1036 -5.40000e+01
1220 -5.30000e+01
1308 -5.20000e+01
1339 -5.10000e+01
1496 -5.00000e+01
1579 -4.90000e+01
1728 -4.80000e+01
1948 -4.70000e+01
2156 -4.60000e+01
2292 -4.50000e+01
2382 -4.30000e+01
2653 -4.20000e+01
2754 -4.10000e+01
2945 -4.00000e+01
3061 -3.90000e+01
3134 -3.80000e+01
3385 -3.70000e+01
3621 -3.60000e+01
3651 -3.50000e+01
3739 -3.40000e+01
3778 -3.30000e+01
3894 -3.20000e+01
4028 -3.10000e+01
4087 -3.00000e+01
4329 -2.90000e+01
4453 -2.80000e+01
4694 -2.70000e+01
4963 -2.60000e+01
5250 -2.50000e+01
5345 -2.40000e+01
5386 -2.30000e+01
5516 -2.20000e+01
5948 -2.10000e+01
6125 -2.00000e+01
6228 -1.90000e+01
6384 -1.80000e+01
6481 -1.70000e+01
6796 -1.60000e+01
7190 -1.50000e+01
7359 -1.40000e+01
7746 -1.30000e+01
7819 -1.20000e+01
7917 -1.10000e+01
8181 -1.00000e+01
8308 -9.00000e+00
9045 -8.00000e+00
9172 -7.00000e+00
9397 -6.00000e+00
9563 -5.00000e+00
9950 -4.00000e+00
9951 -4.00000e+00
"function evaluation" "best-so-far f(x)"
1 -6.60000e+01
12 -6.50000e+01
24 -6.40000e+01
285 -6.30000e+01
298 -6.10000e+01
357 -6.00000e+01
414 -5.90000e+01
511 -5.80000e+01
518 -5.70000e+01
583 -5.60000e+01
634 -5.50000e+01
737 -5.40000e+01
749 -5.30000e+01
806 -5.20000e+01
816 -5.10000e+01
911 -5.00000e+01
962 -4.90000e+01
1154 -4.70000e+01
1288 -4.60000e+01
1412 -4.50000e+01
1496 -4.40000e+01
1542 -4.30000e+01
1599 -4.20000e+01
1665 -4.10000e+01
1951 -4.00000e+01
2019 -3.90000e+01
2083 -3.80000e+01
2209 -3.70000e+01
2277 -3.60000e+01
2324 -3.50000e+01
2469 -3.40000e+01
2589 -3.30000e+01
2769 -3.20000e+01
3027 -3.10000e+01
3097 -3.00000e+01
3418 -2.90000e+01
3488 -2.80000e+01
3500 -2.70000e+01
3533 -2.60000e+01
3602 -2.50000e+01
3795 -2.40000e+01
4045 -2.30000e+01
4167 -2.20000e+01
4220 -2.10000e+01
4513 -2.00000e+01
4676 -1.90000e+01
4773 -1.80000e+01
4774 -1.70000e+01
4861 -1.60000e+01
4920 -1.50000e+01
5078 -1.40000e+01
5361 -1.30000e+01
5719 -1.20000e+01
5741 -1.10000e+01
5873 -1.00000e+01
6006 -9.00000e+00
6101 -8.00000e+00
6206 -7.00000e+00
6468 -6.00000e+00
7796 -5.00000e+00
7849 -4.00000e+00
8878 -3.00000e+00
9035 -2.00000e+00
9475 -1.00000e+00
9600 +6.11000e+02
9951 +6.11000e+02
"function evaluation" "best-so-far f(x)"
1 -6.60000e+01
54 -6.50000e+01
92 -6.40000e+01
159 -6.30000e+01
270 -6.20000e+01
328 -6.10000e+01
400 -6.00000e+01
521 -5.90000e+01
642 -5.80000e+01
837 -5.70000e+01
949 -5.60000e+01
1040 -5.50000e+01
1138 -5.40000e+01
1217 -5.30000e+01
1257 -5.20000e+01
1500 -5.10000e+01
1678 -5.00000e+01
1717 -4.90000e+01
1866 -4.80000e+01
1943 -4.70000e+01
2031 -4.60000e+01
2098 -4.50000e+01
2114 -4.40000e+01
2288 -4.30000e+01
2320 -4.20000e+01
2351 -4.10000e+01
2561 -4.00000e+01
2636 -3.90000e+01
3000 -3.80000e+01
3048 -3.70000e+01
3306 -3.60000e+01
3388 -3.50000e+01
3746 -3.40000e+01
3816 -3.30000e+01
4004 -3.20000e+01
4179 -3.10000e+01
4236 -3.00000e+01
4310 -2.90000e+01
4389 -2.80000e+01
4491 -2.70000e+01
4869 -2.60000e+01
5044 -2.50000e+01
5610 -2.40000e+01
5742 -2.30000e+01
5902 -2.20000e+01
6026 -2.10000e+01
6146 -2.00000e+01
6283 -1.90000e+01
6376 -1.80000e+01
6530 -1.70000e+01
6567 -1.60000e+01
6710 -1.50000e+01
6789 -1.40000e+01
6816 -1.30000e+01
7101 -1.20000e+01
7392 -1.10000e+01
7569 -1.00000e+01
7671 -9.00000e+00
7851 -8.00000e+00
8165 -7.00000e+00
8179 -6.00000e+00
8307 -5.00000e+00
9097 -4.00000e+00
9471 -3.00000e+00
9951 -2.00000e+00
"function evaluation" "best-so-far f(x)"
1 -6.60000e+01
43 -6.50000e+01
91 -6.40000e+01
113 -6.30000e+01
205 -6.20000e+01
242 -6.10000e+01
336 -6.00000e+01
403 -5.90000e+01
479 -5.80000e+01
532 -5.70000e+01
555 -5.60000e+01
743 -5.50000e+01
857 -5.40000e+01
1042 -5.30000e+01
1177 -5.20000e+01
1241 -5.00000e+01
1465 -4.90000e+01
1636 -4.80000e+01
1817 -4.70000e+01
1964 -4.60000e+01
2002 -4.50000e+01
2055 -4.40000e+01
2289 -4.30000e+01
2502 -4.20000e+01
2653 -4.10000e+01
2763 -4.00000e+01
2809 -3.90000e+01
2969 -3.80000e+01
3024 -3.70000e+01
3128 -3.60000e+01
3144 -3.40000e+01
3295 -3.30000e+01
3368 -3.10000e+01
3501 -3.00000e+01
3694 -2.90000e+01
3767 -2.80000e+01
3815 -2.70000e+01
4110 -2.60000e+01
4204 -2.50000e+01
4313 -2.40000e+01
4356 -2.30000e+01
4477 -2.20000e+01
4677 -2.10000e+01
4797 -2.00000e+01
5056 -1.90000e+01
5402 -1.80000e+01
5472 -1.70000e+01
5807 -1.60000e+01
6012 -1.50000e+01
6051 -1.40000e+01
6179 -1.30000e+01
6460 -1.20000e+01
7120 -1.10000e+01
7224 -1.00000e+01
7379 -9.00000e+00
8207 -8.00000e+00
8527 -7.00000e+00
8882 -6.00000e+00
9169 -5.00000e+00
9235 -4.00000e+00
9722 -3.00000e+00
9837 -2.00000e+00
9951 -2.00000e+00
"function evaluation" "best-so-far f(x)"
1 -6.60000e+01
26 -6.50000e+01
66 -6.40000e+01
101 -6.30000e+01
305 -6.20000e+01
491 -6.10000e+01
551 -6.00000e+01
645 -5.90000e+01
715 -5.80000e+01
742 -5.70000e+01
956 -5.60000e+01
1040 -5.50000e+01
1085 -5.40000e+01
1270 -5.30000e+01
1332 -5.20000e+01
1495 -5.10000e+01
1619 -5.00000e+01
1711 -4.90000e+01
1814 -4.80000e+01
1979 -4.70000e+01
2021 -4.60000e+01
2051 -4.50000e+01
2144 -4.40000e+01
2299 -4.30000e+01
2443 -4.20000e+01
2472 -4.10000e+01
2700 -4.00000e+01
3083 -3.90000e+01
3123 -3.80000e+01
3162 -3.70000e+01
3516 -3.60000e+01
3574 -3.50000e+01
3661 -3.40000e+01
3768 -3.30000e+01
3819 -3.20000e+01
3905 -3.10000e+01
3972 -3.00000e+01
4173 -2.90000e+01
4294 -2.80000e+01
4316 -2.70000e+01
4398 -2.60000e+01
4501 -2.50000e+01
4718 -2.40000e+01
5015 -2.30000e+01
5204 -2.20000e+01
5339 -2.10000e+01
5597 -2.00000e+01
5924 -1.90000e+01
6100 -1.80000e+01
6239 -1.70000e+01
6724 -1.60000e+01
6855 -1.50000e+01
7000 -1.40000e+01
7020 -1.30000e+01
7299 -1.20000e+01
7793 -1.10000e+01
8084 -1.00000e+01
8398 -9.00000e+00
8613 -8.00000e+00
8681 -7.00000e+00
8838 -6.00000e+00
9247 -5.00000e+00
9661 -4.00000e+00
9951 -4.00000e+00
"function evaluation" "best-so-far f(x)"
1 -6.60000e+01
101 -6.50000e+01
124 -6.40000e+01
284 -6.30000e+01
388 -6.20000e+01
614 -6.10000e+01
692 -6.00000e+01
857 -5.90000e+01
947 -5.80000e+01
988 -5.70000e+01
1076 -5.60000e+01
1088 -5.50000e+01
1192 -5.40000e+01
1421 -5.30000e+01
1541 -5.20000e+01
1591 -5.10000e+01
1659 -5.00000e+01
1789 -4.90000e+01
1825 -4.80000e+01
2054 -4.70000e+01
2092 -4.60000e+01
2243 -4.50000e+01
2301 -4.30000e+01
2495 -4.20000e+01
2566 -4.10000e+01
2637 -4.00000e+01
2700 -3.90000e+01
2751 -3.80000e+01
2763 -3.70000e+01
3060 -3.60000e+01
3182 -3.50000e+01
3251 -3.40000e+01
3527 -3.30000e+01
3680 -3.20000e+01
3757 -3.10000e+01
3921 -3.00000e+01
4040 -2.90000e+01
4123 -2.80000e+01
4166 -2.70000e+01
4169 -2.60000e+01
4271 -2.50000e+01
4467 -2.40000e+01
4586 -2.30000e+01
4632 -2.20000e+01
4855 -2.10000e+01
4867 -2.00000e+01
5291 -1.90000e+01
5582 -1.80000e+01
5831 -1.70000e+01
6307 -1.60000e+01
6588 -1.50000e+01
6722 -1.40000e+01
6817 -1.30000e+01
6912 -1.20000e+01
7219 -1.10000e+01
7598 -1.00000e+01
8052 -9.00000e+00
8342 -8.00000e+00
8482 -7.00000e+00
8546 -6.00000e+00
8874 -5.00000e+00
9141 -4.00000e+00
9355 -3.00000e+00
9404 -2.00000e+00
9819 -1.00000e+00
9951 -1.00000e+00
"function evaluation" "best-so-far f(x)"
1 -6.60000e+01
2 -6.50000e+01
112 -6.40000e+01
174 -6.30000e+01
192 -6.20000e+01
282 -6.10000e+01
372 -6.00000e+01
438 -5.90000e+01
471 -5.80000e+01
610 -5.70000e+01
794 -5.60000e+01
922 -5.50000e+01
1017 -5.40000e+01
1064 -5.20000e+01
1156 -5.10000e+01
1240 -5.00000e+01
1322 -4.90000e+01
1504 -4.80000e+01
1656 -4.70000e+01
1683 -4.60000e+01
1921 -4.50000e+01
1961 -4.40000e+01
2140 -4.30000e+01
2247 -4.20000e+01
2382 -4.10000e+01
2435 -4.00000e+01
2482 -3.90000e+01
2707 -3.80000e+01
3002 -3.70000e+01
3115 -3.60000e+01
3305 -3.50000e+01
3591 -3.40000e+01
3761 -3.30000e+01
3946 -3.20000e+01
3993 -3.10000e+01
4000 -3.00000e+01
4436 -2.90000e+01
4719 -2.80000e+01
4730 -2.70000e+01
4862 -2.60000e+01
4981 -2.50000e+01
5225 -2.40000e+01
5449 -2.30000e+01
5625 -2.20000e+01
5996 -2.10000e+01
6069 -2.00000e+01
6243 -1.90000e+01
6407 -1.80000e+01
6523 -1.70000e+01
6750 -1.60000e+01
6963 -1.50000e+01
7274 -1.40000e+01
7383 -1.30000e+01
7685 -1.20000e+01
8026 -1.10000e+01
8165 -1.00000e+01
8485 -9.00000e+00
8718 -8.00000e+00
8771 -7.00000e+00
9160 -6.00000e+00
9425 -5.00000e+00
9683 -4.00000e+00
9951 -4.00000e+00
"function evaluation" "best-so-far f(x)"
1 -6.60000e+01
6 -6.50000e+01
125 -6.40000e+01
210 -6.30000e+01
316 -6.20000e+01
375 -6.10000e+01
403 -6.00000e+01
447 -5.90000e+01
498 -5.80000e+01
660 -5.70000e+01
794 -5.60000e+01
900 -5.50000e+01
921 -5.40000e+01
966 -5.30000e+01
1101 -5.20000e+01
1195 -5.10000e+01
1275 -5.00000e+01
1397 -4.90000e+01
1452 -4.80000e+01
1717 -4.70000e+01
1773 -4.60000e+01
2080 -4.50000e+01
2353 -4.40000e+01
2414 -4.30000e+01
2690 -4.20000e+01
2722 -4.10000e+01
2871 -3.90000e+01
2989 -3.80000e+01
3214 -3.70000e+01
3264 -3.60000e+01
3466 -3.50000e+01
3553 -3.40000e+01
3678 -3.30000e+01
3960 -3.20000e+01
4021 -3.10000e+01
4245 -3.00000e+01
4325 -2.90000e+01
4367 -2.80000e+01
4520 -2.70000e+01
4799 -2.60000e+01
4958 -2.50000e+01
5037 -2.40000e+01
5221 -2.30000e+01
5337 -2.20000e+01
5854 -2.10000e+01
6127 -2.00000e+01
6208 -1.90000e+01
6614 -1.80000e+01
6647 -1.70000e+01
6857 -1.60000e+01
7009 -1.50000e+01
7108 -1.40000e+01
7138 -1.30000e+01
7568 -1.20000e+01
7980 -1.10000e+01
8156 -1.00000e+01
8399 -9.00000e+00
8474 -8.00000e+00
8930 -7.00000e+00
9318 -6.00000e+00
9446 -5.00000e+00
9849 -4.00000e+00
9951 -4.00000e+00
"function evaluation" "best-so-far f(x)"
1 -6.60000e+01
29 -6.50000e+01
75 -6.40000e+01
148 -6.30000e+01
229 -6.20000e+01
305 -6.10000e+01
596 -6.00000e+01
715 -5.90000e+01
716 -5.80000e+01
816 -5.70000e+01
982 -5.60000e+01
1404 -5.50000e+01
1464 -5.40000e+01
1592 -5.30000e+01
1700 -5.20000e+01
1938 -5.10000e+01
1989 -5.00000e+01
2099 -4.90000e+01
2202 -4.80000e+01
2363 -4.70000e+01
2426 -4.60000e+01
2439 -4.50000e+01
2575 -4.40000e+01
2747 -4.30000e+01
2840 -4.20000e+01
2880 -4.00000e+01
2936 -3.90000e+01
2995 -3.80000e+01
3181 -3.70000e+01
3257 -3.60000e+01
3270 -3.50000e+01
3531 -3.40000e+01
3804 -3.30000e+01
3877 -3.20000e+01
3947 -3.10000e+01
4112 -3.00000e+01
4367 -2.90000e+01
4492 -2.80000e+01
4962 -2.70000e+01
5099 -2.60000e+01
5271 -2.50000e+01
5464 -2.40000e+01
5592 -2.30000e+01
5826 -2.20000e+01
5886 -2.10000e+01
6269 -2.00000e+01
6742 -1.90000e+01
6807 -1.80000e+01
6871 -1.70000e+01
6981 -1.60000e+01
7195 -1.50000e+01
7402 -1.40000e+01
7645 -1.30000e+01
7858 -1.20000e+01
8040 -1.10000e+01
8204 -1.00000e+01
8449 -9.00000e+00
8843 -8.00000e+00
8904 -7.00000e+00
9127 -6.00000e+00
9165 -5.00000e+00
9646 -4.00000e+00
9951 -4.00000e+00
"function evaluation" "best-so-far f(x)"
1 -6.60000e+01
57 -6.50000e+01
109 -6.40000e+01
160 -6.30000e+01
302 -6.20000e+01
314 -6.10000e+01
353 -6.00000e+01
468 -5.80000e+01
627 -5.70000e+01
860 -5.60000e+01
976 -5.50000e+01
1082 -5.40000e+01
1257 -5.30000e+01
1356 -5.20000e+01
1381 -5.10000e+01
1437 -5.00000e+01
1552 -4.90000e+01
1657 -4.80000e+01
1894 -4.70000e+01
2004 -4.60000e+01
2161 -4.50000e+01
2198 -4.40000e+01
2240 -4.30000e+01
2380 -4.20000e+01
2611 -4.10000e+01
2671 -4.00000e+01
2797 -3.90000e+01
2936 -3.80000e+01
3034 -3.70000e+01
3355 -3.60000e+01
3436 -3.50000e+01
3490 -3.40000e+01
3672 -3.30000e+01
3690 -3.10000e+01
4086 -3.00000e+01
4269 -2.90000e+01
4386 -2.80000e+01
4478 -2.70000e+01
4651 -2.60000e+01
4793 -2.50000e+01
4886 -2.40000e+01
5153 -2.30000e+01
5374 -2.20000e+01
5601 -2.10000e+01
5712 -2.00000e+01
5771 -1.90000e+01
6193 -1.80000e+01
6199 -1.70000e+01
6247 -1.60000e+01
6454 -1.50000e+01
6594 -1.40000e+01
7086 -1.30000e+01
7278 -1.20000e+01
7715 -1.10000e+01
7845 -1.00000e+01
7914 -9.00000e+00
8181 -8.00000e+00
8314 -7.00000e+00
8449 -6.00000e+00
8517 -5.00000e+00
8577 -4.00000e+00
9534 -3.00000e+00
9822 -2.00000e+00
9879 -1.00000e+00
9951 -1.00000e+00
"function evaluation" "best-so-far f(x)"
1 -6.60000e+01
3 -6.50000e+01
114 -6.40000e+01
228 -6.30000e+01
292 -6.20000e+01
294 -6.10000e+01
377 -6.00000e+01
440 -5.90000e+01
511 -5.80000e+01
776 -5.70000e+01
827 -5.60000e+01
960 -5.50000e+01
985 -5.40000e+01
1057 -5.30000e+01
1107 -5.20000e+01
1231 -5.10000e+01
1244 -4.90000e+01
1556 -4.80000e+01
1708 -4.70000e+01
1714 -4.60000e+01
1800 -4.50000e+01
1901 -4.40000e+01
1947 -4.30000e+01
2043 -4.20000e+01
2243 -4.10000e+01
2439 -4.00000e+01
2543 -3.90000e+01
2660 -3.80000e+01
2881 -3.70000e+01
3011 -3.60000e+01
3203 -3.50000e+01
3361 -3.40000e+01
3493 -3.30000e+01
3669 -3.20000e+01
3885 -3.10000e+01
4126 -3.00000e+01
4347 -2.90000e+01
4539 -2.80000e+01
4995 -2.70000e+01
5172 -2.60000e+01
5221 -2.50000e+01
5682 -2.40000e+01
5860 -2.30000e+01
6004 -2.20000e+01
6029 -2.10000e+01
6121 -2.00000e+01
6352 -1.90000e+01
6496 -1.80000e+01
6747 -1.70000e+01
6883 -1.60000e+01
7051 -1.50000e+01
7188 -1.40000e+01
7400 -1.30000e+01
7478 -1.20000e+01
7623 -1.10000e+01
7921 -1.00000e+01
8069 -9.00000e+00
8441 -8.00000e+00
9248 -7.00000e+00
9419 -6.00000e+00
9951 -6.00000e+00
"function evaluation" "best-so-far f(x)"
1 -6.60000e+01
16 -6.50000e+01
186 -6.40000e+01
220 -6.30000e+01
312 -6.20000e+01
422 -6.10000e+01
661 -6.00000e+01
717 -5.90000e+01
914 -5.80000e+01
940 -5.70000e+01
1033 -5.60000e+01
1121 -5.50000e+01
1200 -5.40000e+01
1202 -5.30000e+01
1215 -5.20000e+01
1222 -5.10000e+01
1336 -5.00000e+01
1562 -4.90000e+01
1643 -4.70000e+01
1800 -4.60000e+01
2046 -4.50000e+01
2272 -4.40000e+01
2335 -4.30000e+01
2459 -4.20000e+01
2648 -4.10000e+01
2696 -4.00000e+01
2956 -3.90000e+01
3049 -3.80000e+01
3113 -3.70000e+01
3399 -3.60000e+01
3551 -3.50000e+01
3659 -3.40000e+01
3782 -3.30000e+01
3820 -3.20000e+01
4296 -3.10000e+01
4478 -3.00000e+01
4595 -2.90000e+01
4723 -2.80000e+01
4851 -2.70000e+01
4963 -2.60000e+01
5025 -2.50000e+01
5047 -2.40000e+01
5152 -2.30000e+01
5261 -2.20000e+01
5609 -2.10000e+01
6259 -2.00000e+01
6325 -1.90000e+01
6431 -1.80000e+01
6551 -1.70000e+01
6769 -1.60000e+01
6986 -1.50000e+01
7302 -1.40000e+01
7524 -1.30000e+01
8550 -1.20000e+01
9232 -1.10000e+01
9302 -1.00000e+01
9470 -9.00000e+00
9881 -8.00000e+00
9951 -8.00000e+00
"function evaluation" "best-so-far f(x)"
1 -6.60000e+01
49 -6.50000e+01
163 -6.40000e+01
206 -6.30000e+01
296 -6.20000e+01
362 -6.10000e+01
472 -6.00000e+01
690 -5.90000e+01
737 -5.80000e+01
875 -5.70000e+01
999 -5.60000e+01
1053 -5.50000e+01
1169 -5.40000e+01
1317 -5.30000e+01
1888 -5.10000e+01
1940 -5.00000e+01
1974 -4.90000e+01
2044 -4.80000e+01
2190 -4.70000e+01
2366 -4.60000e+01
2496 -4.50000e+01
2500 -4.40000e+01
2725 -4.30000e+01
2779 -4.20000e+01
3074 -4.10000e+01
3248 -4.00000e+01
3285 -3.90000e+01
3536 -3.80000e+01
3734 -3.70000e+01
3923 -3.60000e+01
4054 -3.50000e+01
4132 -3.40000e+01
4152 -3.30000e+01
4300 -3.20000e+01
4351 -3.10000e+01
4601 -3.00000e+01
4860 -2.90000e+01
5115 -2.80000e+01
5272 -2.70000e+01
5321 -2.60000e+01
5552 -2.50000e+01
5624 -2.40000e+01
5827 -2.30000e+01
5986 -2.20000e+01
6139 -2.10000e+01
6232 -2.00000e+01
6376 -1.80000e+01
6504 -1.70000e+01
6541 -1.60000e+01
6605 -1.50000e+01
6762 -1.40000e+01
6908 -1.30000e+01
7278 -1.20000e+01
7527 -1.10000e+01
7649 -1.00000e+01
7926 -9.00000e+00
8316 -8.00000e+00
8793 -7.00000e+00
9003 -6.00000e+00
9345 -5.00000e+00
9424 -4.00000e+00
9804 -3.00000e+00
9951 -3.00000e+00
