"function evaluation" "best-so-far f(x)"
1 -6.60000e+01
2 -6.50000e+01
37 -6.40000e+01
76 -6.30000e+01
145 -6.20000e+01
195 -6.10000e+01
248 -6.00000e+01
268 -5.90000e+01
321 -5.80000e+01
354 -5.70000e+01
440 -5.60000e+01
474 -5.50000e+01
558 -5.40000e+01
593 -5.30000e+01
652 -5.20000e+01
682 -5.10000e+01
712 -4.90000e+01
753 -4.80000e+01
834 -4.70000e+01
892 -4.60000e+01
949 -4.50000e+01
956 -4.40000e+01
998 -4.30000e+01
1052 -4.20000e+01
1099 -4.10000e+01
1157 -4.00000e+01
1202 -3.90000e+01
1295 -3.80000e+01
1432 -3.70000e+01
1525 -3.60000e+01
1568 -3.50000e+01
1593 -3.40000e+01
1731 -3.30000e+01
1776 -3.20000e+01
1802 -3.10000e+01
1878 -3.00000e+01
1996 -2.90000e+01
2072 -2.80000e+01
2119 -2.70000e+01
2158 -2.60000e+01
2223 -2.50000e+01
2313 -2.40000e+01
2328 -2.30000e+01
2394 -2.20000e+01
2544 -2.10000e+01
2606 -2.00000e+01
2789 -1.90000e+01
2859 -1.80000e+01
3031 -1.70000e+01
3231 -1.60000e+01
3306 -1.50000e+01
3408 -1.40000e+01
3470 -1.30000e+01
3499 -1.20000e+01
3616 -1.10000e+01
3709 -1.00000e+01
3775 -9.00000e+00
3870 -8.00000e+00
4009 -7.00000e+00
4052 -6.00000e+00
4116 -5.00000e+00
4147 -4.00000e+00
4327 -3.00000e+00
4410 -2.00000e+00
4642 -1.00000e+00
4674 +6.34000e+02
4893 +6.47000e+02
5404 +6.54000e+02
6265 +6.60000e+02
7284 +6.63000e+02
7673 +6.69000e+02
9981 +6.69000e+02
"function evaluation" "best-so-far f(x)"
1 -6.60000e+01
78 -6.50000e+01
82 -6.40000e+01
167 -6.30000e+01
215 -6.20000e+01
220 -6.10000e+01
259 -6.00000e+01
302 -5.90000e+01
310 -5.80000e+01
331 -5.70000e+01
389 -5.60000e+01
417 -5.50000e+01
498 -5.40000e+01
524 -5.30000e+01
601 -5.20000e+01
646 -5.10000e+01
700 -5.00000e+01
752 -4.90000e+01
781 -4.80000e+01
803 -4.70000e+01
860 -4.60000e+01
880 -4.50000e+01
888 -4.40000e+01
954 -4.30000e+01
988 -4.20000e+01
1037 -4.10000e+01
1090 -4.00000e+01
1158 -3.90000e+01
1186 -3.80000e+01
1227 -3.70000e+01
1293 -3.60000e+01
1365 -3.50000e+01
1390 -3.40000e+01
1412 -3.30000e+01
1428 -3.20000e+01
1471 -3.10000e+01
1637 -3.00000e+01
1663 -2.90000e+01
1712 -2.80000e+01
1841 -2.70000e+01
1993 -2.60000e+01
2022 -2.50000e+01
2159 -2.40000e+01
2263 -2.30000e+01
2340 -2.20000e+01
2420 -2.10000e+01
2541 -2.00000e+01
2624 -1.90000e+01
2739 -1.80000e+01
2843 -1.70000e+01
2857 -1.60000e+01
3019 -1.50000e+01
3159 -1.40000e+01
3195 -1.30000e+01
3242 -1.20000e+01
3266 -1.10000e+01
3372 -1.00000e+01
3398 -9.00000e+00
3701 -8.00000e+00
3853 -7.00000e+00
3919 -6.00000e+00
3991 -5.00000e+00
4540 -4.00000e+00
4595 -3.00000e+00
4636 -2.00000e+00
4807 -1.00000e+00
5038 +6.02000e+02
5221 +6.17000e+02
5768 +6.23000e+02
5819 +6.24000e+02
6637 +6.36000e+02
8200 +6.45000e+02
8352 +6.52000e+02
9943 +6.56000e+02
9981 +6.56000e+02
"function evaluation" "best-so-far f(x)"
1 -6.60000e+01
61 -6.50000e+01
99 -6.40000e+01
145 -6.30000e+01
159 -6.20000e+01
261 -6.10000e+01
282 -6.00000e+01
309 -5.90000e+01
371 -5.80000e+01
392 -5.70000e+01
410 -5.60000e+01
444 -5.50000e+01
522 -5.40000e+01
635 -5.30000e+01
680 -5.20000e+01
786 -5.10000e+01
824 -5.00000e+01
839 -4.90000e+01
870 -4.80000e+01
946 -4.70000e+01
957 -4.60000e+01
1084 -4.50000e+01
1215 -4.40000e+01
1223 -4.20000e+01
1240 -4.10000e+01
1280 -4.00000e+01
1314 -3.90000e+01
1397 -3.80000e+01
1478 -3.70000e+01
1598 -3.60000e+01
1792 -3.50000e+01
1922 -3.40000e+01
1959 -3.30000e+01
1991 -3.20000e+01
2026 -3.10000e+01
2128 -3.00000e+01
2168 -2.90000e+01
2200 -2.80000e+01
2305 -2.70000e+01
2402 -2.60000e+01
2412 -2.50000e+01
2566 -2.40000e+01
2725 -2.30000e+01
2798 -2.20000e+01
2852 -2.10000e+01
2971 -2.00000e+01
3148 -1.90000e+01
3309 -1.80000e+01
3560 -1.70000e+01
3566 -1.60000e+01
3649 -1.50000e+01
3683 -1.40000e+01
4149 -1.30000e+01
4179 -1.20000e+01
4257 -1.10000e+01
4389 -1.00000e+01
4437 -9.00000e+00
4641 -8.00000e+00
4735 -7.00000e+00
4783 -6.00000e+00
4869 -5.00000e+00
4965 -4.00000e+00
5102 -3.00000e+00
5396 -2.00000e+00
5572 -1.00000e+00
5645 +5.99000e+02
6048 +6.19000e+02
6287 +6.26000e+02
6367 +6.32000e+02
7918 +6.38000e+02
8050 +6.44000e+02
8588 +6.45000e+02
8624 +6.49000e+02
8874 +6.52000e+02
9981 +6.52000e+02
"function evaluation" "best-so-far f(x)"
1 -6.60000e+01
12 -6.50000e+01
27 -6.40000e+01
61 -6.30000e+01
139 -6.20000e+01
190 -6.10000e+01
263 -6.00000e+01
291 -5.90000e+01
405 -5.80000e+01
438 -5.70000e+01
491 -5.60000e+01
535 -5.50000e+01
579 -5.40000e+01
617 -5.30000e+01
702 -5.20000e+01
734 -5.10000e+01
776 -5.00000e+01
859 -4.90000e+01
860 -4.80000e+01
947 -4.70000e+01
986 -4.60000e+01
1043 -4.50000e+01
1099 -4.40000e+01
1212 -4.30000e+01
1278 -4.20000e+01
1333 -4.10000e+01
1374 -4.00000e+01
1465 -3.90000e+01
1653 -3.80000e+01
1732 -3.70000e+01
1767 -3.60000e+01
1777 -3.50000e+01
1996 -3.40000e+01
2063 -3.30000e+01
2110 -3.20000e+01
2170 -3.10000e+01
2218 -2.90000e+01
2293 -2.80000e+01
2633 -2.70000e+01
2690 -2.60000e+01
2803 -2.50000e+01
2836 -2.40000e+01
2900 -2.30000e+01
3190 -2.20000e+01
3217 -2.10000e+01
3298 -2.00000e+01
3397 -1.90000e+01
3415 -1.80000e+01
3507 -1.70000e+01
3589 -1.60000e+01
3786 -1.50000e+01
3816 -1.40000e+01
3988 -1.30000e+01
4047 -1.20000e+01
4193 -1.10000e+01
4303 -9.00000e+00
4315 -8.00000e+00
4487 -7.00000e+00
4568 -6.00000e+00
4633 -5.00000e+00
4699 -4.00000e+00
4729 -3.00000e+00
4823 -2.00000e+00
4909 -1.00000e+00
5193 +6.35000e+02
6696 +6.43000e+02
6853 +6.46000e+02
7542 +6.48000e+02
9981 +6.48000e+02
"function evaluation" "best-so-far f(x)"
1 -6.60000e+01
40 -6.50000e+01
100 -6.40000e+01
145 -6.30000e+01
157 -6.20000e+01
202 -6.10000e+01
217 -6.00000e+01
294 -5.90000e+01
337 -5.80000e+01
412 -5.70000e+01
469 -5.60000e+01
505 -5.50000e+01
529 -5.40000e+01
541 -5.30000e+01
602 -5.20000e+01
659 -5.10000e+01
704 -5.00000e+01
809 -4.90000e+01
852 -4.80000e+01
990 -4.70000e+01
1038 -4.60000e+01
1076 -4.50000e+01
1095 -4.40000e+01
1219 -4.30000e+01
1274 -4.20000e+01
1413 -4.10000e+01
1436 -4.00000e+01
1460 -3.90000e+01
1500 -3.80000e+01
1574 -3.70000e+01
1632 -3.60000e+01
1676 -3.50000e+01
1690 -3.40000e+01
1729 -3.30000e+01
1848 -3.20000e+01
1912 -3.10000e+01
1916 -3.00000e+01
2005 -2.90000e+01
2070 -2.80000e+01
2226 -2.70000e+01
2262 -2.60000e+01
2401 -2.50000e+01
2521 -2.40000e+01
2557 -2.30000e+01
2721 -2.20000e+01
2764 -2.10000e+01
2838 -2.00000e+01
2866 -1.90000e+01
2960 -1.80000e+01
3015 -1.70000e+01
3238 -1.60000e+01
3248 -1.50000e+01
3380 -1.40000e+01
3573 -1.30000e+01
3740 -1.20000e+01
3907 -1.10000e+01
4051 -1.00000e+01
4176 -9.00000e+00
4379 -8.00000e+00
4571 -7.00000e+00
4670 -6.00000e+00
4785 -5.00000e+00
4799 -4.00000e+00
4923 -3.00000e+00
4984 -2.00000e+00
5186 -1.00000e+00
5431 +6.03000e+02
5573 +6.14000e+02
5726 +6.18000e+02
6037 +6.27000e+02
6057 +6.30000e+02
8470 +6.32000e+02
9779 +6.45000e+02
9981 +6.45000e+02
"function evaluation" "best-so-far f(x)"
1 -6.60000e+01
104 -6.50000e+01
186 -6.40000e+01
274 -6.30000e+01
311 -6.20000e+01
354 -6.10000e+01
355 -6.00000e+01
462 -5.90000e+01
563 -5.80000e+01
604 -5.70000e+01
670 -5.60000e+01
712 -5.50000e+01
758 -5.40000e+01
769 -5.30000e+01
821 -5.20000e+01
931 -5.10000e+01
967 -5.00000e+01
1028 -4.90000e+01
1075 -4.80000e+01
1151 -4.70000e+01
1234 -4.60000e+01
1236 -4.50000e+01
1259 -4.40000e+01
1355 -4.30000e+01
1370 -4.10000e+01
1502 -4.00000e+01
1616 -3.90000e+01
1747 -3.80000e+01
1782 -3.70000e+01
1859 -3.50000e+01
1954 -3.40000e+01
2125 -3.30000e+01
2135 -3.20000e+01
2244 -3.10000e+01
2344 -3.00000e+01
2418 -2.90000e+01
2456 -2.80000e+01
2568 -2.70000e+01
2628 -2.60000e+01
2768 -2.50000e+01
2903 -2.40000e+01
2933 -2.20000e+01
2962 -2.10000e+01
3152 -1.90000e+01
3277 -1.80000e+01
3534 -1.70000e+01
3543 -1.60000e+01
3621 -1.50000e+01
3637 -1.40000e+01
3857 -1.30000e+01
3975 -1.20000e+01
4180 -1.10000e+01
4234 -1.00000e+01
4299 -9.00000e+00
4319 -8.00000e+00
4491 -7.00000e+00
4790 -6.00000e+00
4845 -5.00000e+00
4975 -4.00000e+00
5234 -3.00000e+00
5277 -2.00000e+00
5710 -1.00000e+00
5774 +5.68000e+02
5811 +5.97000e+02
6206 +6.02000e+02
6394 +6.17000e+02
6475 +6.26000e+02
6620 +6.33000e+02
7200 +6.44000e+02
7311 +6.52000e+02
7579 +6.59000e+02
8336 +6.60000e+02
9340 +6.64000e+02
9981 +6.64000e+02
"function evaluation" "best-so-far f(x)"
1 -6.60000e+01
62 -6.50000e+01
124 -6.40000e+01
191 -6.30000e+01
336 -6.20000e+01
375 -6.10000e+01
452 -6.00000e+01
528 -5.90000e+01
562 -5.80000e+01
569 -5.70000e+01
609 -5.60000e+01
671 -5.50000e+01
691 -5.40000e+01
743 -5.30000e+01
782 -5.10000e+01
860 -5.00000e+01
864 -4.80000e+01
931 -4.70000e+01
986 -4.60000e+01
1069 -4.50000e+01
1252 -4.40000e+01
1364 -4.30000e+01
1375 -4.20000e+01
1423 -4.10000e+01
1441 -4.00000e+01
1524 -3.90000e+01
1624 -3.80000e+01
1704 -3.70000e+01
1797 -3.50000e+01
1901 -3.40000e+01
2073 -3.30000e+01
2143 -3.20000e+01
2186 -3.10000e+01
2318 -3.00000e+01
2345 -2.90000e+01
2475 -2.80000e+01
2559 -2.70000e+01
2818 -2.60000e+01
2914 -2.50000e+01
2944 -2.40000e+01
2953 -2.30000e+01
3076 -2.20000e+01
3161 -2.10000e+01
3312 -2.00000e+01
3357 -1.90000e+01
3383 -1.80000e+01
3580 -1.70000e+01
3655 -1.60000e+01
3728 -1.50000e+01
3772 -1.40000e+01
3830 -1.30000e+01
3884 -1.20000e+01
3940 -1.10000e+01
4073 -1.00000e+01
4179 -9.00000e+00
4470 -8.00000e+00
4581 -7.00000e+00
4785 -6.00000e+00
4895 -5.00000e+00
5070 -4.00000e+00
5391 -3.00000e+00
5455 -2.00000e+00
5494 -1.00000e+00
5532 +6.03000e+02
7134 +6.10000e+02
7392 +6.30000e+02
8243 +6.49000e+02
9981 +6.49000e+02
"function evaluation" "best-so-far f(x)"
1 -6.60000e+01
21 -6.50000e+01
39 -6.40000e+01
106 -6.30000e+01
142 -6.20000e+01
159 -6.10000e+01
205 -6.00000e+01
310 -5.90000e+01
349 -5.80000e+01
394 -5.70000e+01
512 -5.60000e+01
545 -5.50000e+01
619 -5.40000e+01
665 -5.30000e+01
699 -5.20000e+01
702 -5.10000e+01
742 -5.00000e+01
812 -4.90000e+01
837 -4.80000e+01
914 -4.70000e+01
966 -4.60000e+01
1111 -4.50000e+01
1202 -4.40000e+01
1207 -4.30000e+01
1336 -4.20000e+01
1411 -4.10000e+01
1474 -4.00000e+01
1552 -3.90000e+01
1629 -3.80000e+01
1664 -3.70000e+01
1780 -3.60000e+01
1836 -3.50000e+01
1876 -3.40000e+01
1916 -3.30000e+01
2005 -3.20000e+01
2084 -3.10000e+01
2226 -3.00000e+01
2266 -2.90000e+01
2332 -2.80000e+01
2379 -2.70000e+01
2524 -2.60000e+01
2559 -2.50000e+01
2587 -2.40000e+01
2668 -2.30000e+01
2737 -2.20000e+01
2914 -2.10000e+01
3012 -2.00000e+01
3066 -1.90000e+01
3152 -1.80000e+01
3163 -1.70000e+01
3397 -1.60000e+01
3593 -1.50000e+01
3598 -1.40000e+01
3622 -1.30000e+01
3828 -1.20000e+01
3960 -1.10000e+01
4114 -1.00000e+01
4205 -9.00000e+00
4264 -8.00000e+00
4442 -7.00000e+00
4496 -6.00000e+00
4548 -5.00000e+00
4623 -4.00000e+00
4805 -3.00000e+00
4816 -2.00000e+00
4983 -1.00000e+00
5232 +5.88000e+02
5815 +5.94000e+02
6099 +6.07000e+02
7677 +6.08000e+02
8137 +6.19000e+02
8497 +6.33000e+02
9981 +6.33000e+02
"function evaluation" "best-so-far f(x)"
1 -6.60000e+01
17 -6.50000e+01
38 -6.40000e+01
51 -6.30000e+01
113 -6.10000e+01
130 -6.00000e+01
156 -5.90000e+01
188 -5.80000e+01
251 -5.70000e+01
337 -5.60000e+01
414 -5.50000e+01
471 -5.30000e+01
485 -5.20000e+01
531 -5.10000e+01
713 -5.00000e+01
728 -4.90000e+01
771 -4.80000e+01
819 -4.70000e+01
846 -4.60000e+01
895 -4.50000e+01
925 -4.40000e+01
1002 -4.30000e+01
1038 -4.20000e+01
1082 -4.10000e+01
1092 -4.00000e+01
1155 -3.90000e+01
1238 -3.80000e+01
1306 -3.60000e+01
1486 -3.50000e+01
1523 -3.40000e+01
1622 -3.30000e+01
1679 -3.20000e+01
1739 -3.10000e+01
1751 -3.00000e+01
1790 -2.90000e+01
1849 -2.80000e+01
1921 -2.70000e+01
1933 -2.60000e+01
1935 -2.50000e+01
2006 -2.40000e+01
2114 -2.30000e+01
2143 -2.20000e+01
2211 -2.10000e+01
2506 -2.00000e+01
2593 -1.90000e+01
2683 -1.80000e+01
2728 -1.70000e+01
2987 -1.60000e+01
3058 -1.50000e+01
3088 -1.40000e+01
3107 -1.30000e+01
3194 -1.20000e+01
3225 -1.10000e+01
3343 -1.00000e+01
3452 -9.00000e+00
3519 -8.00000e+00
3919 -7.00000e+00
4024 -6.00000e+00
4191 -5.00000e+00
4243 -4.00000e+00
4552 -3.00000e+00
4566 -2.00000e+00
4856 -1.00000e+00
5070 +5.66000e+02
5241 +5.82000e+02
5504 +5.83000e+02
5784 +5.86000e+02
5816 +6.06000e+02
6157 +6.07000e+02
6800 +6.17000e+02
7944 +6.21000e+02
8102 +6.35000e+02
8541 +6.39000e+02
8940 +6.42000e+02
9198 +6.46000e+02
9281 +6.50000e+02
9382 +6.59000e+02
9901 +6.67000e+02
9981 +6.67000e+02
"function evaluation" "best-so-far f(x)"
1 -6.60000e+01
2 -6.50000e+01
42 -6.40000e+01
139 -6.30000e+01
184 -6.20000e+01
236 -6.10000e+01
299 -6.00000e+01
454 -5.90000e+01
515 -5.80000e+01
536 -5.70000e+01
577 -5.60000e+01
579 -5.50000e+01
641 -5.40000e+01
714 -5.30000e+01
814 -5.20000e+01
866 -5.00000e+01
887 -4.90000e+01
936 -4.80000e+01
1038 -4.70000e+01
1074 -4.60000e+01
1100 -4.50000e+01
1110 -4.40000e+01
1127 -4.30000e+01
1204 -4.20000e+01
1320 -4.10000e+01
1388 -3.90000e+01
1440 -3.80000e+01
1543 -3.70000e+01
1551 -3.60000e+01
1571 -3.50000e+01
1598 -3.40000e+01
1657 -3.30000e+01
1723 -3.20000e+01
1795 -3.10000e+01
1857 -3.00000e+01
2007 -2.90000e+01
2208 -2.80000e+01
2249 -2.70000e+01
2279 -2.60000e+01
2479 -2.50000e+01
2522 -2.40000e+01
2564 -2.30000e+01
2568 -2.10000e+01
2600 -2.00000e+01
2677 -1.90000e+01
2786 -1.80000e+01
2937 -1.70000e+01
2955 -1.60000e+01
3116 -1.50000e+01
3229 -1.40000e+01
3549 -1.30000e+01
3616 -1.20000e+01
3672 -1.10000e+01
3764 -1.00000e+01
3822 -9.00000e+00
3877 -8.00000e+00
3960 -7.00000e+00
4054 -6.00000e+00
4227 -5.00000e+00
4279 -4.00000e+00
4509 -3.00000e+00
4667 -2.00000e+00
4952 -1.00000e+00
5081 +6.00000e+02
5433 +6.18000e+02
5625 +6.27000e+02
5932 +6.28000e+02
6436 +6.38000e+02
7952 +6.41000e+02
9030 +6.43000e+02
9981 +6.43000e+02
"function evaluation" "best-so-far f(x)"
1 -6.60000e+01
50 -6.50000e+01
110 -6.40000e+01
169 -6.30000e+01
203 -6.20000e+01
227 -6.00000e+01
234 -5.90000e+01
261 -5.80000e+01
264 -5.70000e+01
326 -5.60000e+01
344 -5.50000e+01
405 -5.40000e+01
514 -5.30000e+01
562 -5.20000e+01
643 -5.10000e+01
714 -5.00000e+01
752 -4.90000e+01
773 -4.80000e+01
777 -4.70000e+01
840 -4.60000e+01
843 -4.50000e+01
993 -4.40000e+01
996 -4.30000e+01
1034 -4.20000e+01
1070 -4.10000e+01
1132 -4.00000e+01
1169 -3.90000e+01
1271 -3.80000e+01
1272 -3.70000e+01
1319 -3.60000e+01
1376 -3.50000e+01
1418 -3.40000e+01
1498 -3.30000e+01
1538 -3.20000e+01
1676 -3.10000e+01
1745 -3.00000e+01
1872 -2.90000e+01
1929 -2.80000e+01
1966 -2.70000e+01
2014 -2.60000e+01
2140 -2.50000e+01
2196 -2.40000e+01
2344 -2.30000e+01
2475 -2.20000e+01
2492 -2.10000e+01
2540 -2.00000e+01
2669 -1.90000e+01
2803 -1.80000e+01
3025 -1.70000e+01
3170 -1.60000e+01
3315 -1.50000e+01
3485 -1.40000e+01
3517 -1.30000e+01
3715 -1.20000e+01
3756 -1.10000e+01
3834 -1.00000e+01
3927 -9.00000e+00
4022 -8.00000e+00
4103 -7.00000e+00
4142 -6.00000e+00
4371 -5.00000e+00
4807 -4.00000e+00
5032 -3.00000e+00
5385 -2.00000e+00
5446 -1.00000e+00
6233 +6.09000e+02
6386 +6.11000e+02
6635 +6.20000e+02
6885 +6.21000e+02
7116 +6.23000e+02
7235 +6.28000e+02
9589 +6.29000e+02
9981 +6.29000e+02
"function evaluation" "best-so-far f(x)"
1 -6.60000e+01
95 -6.50000e+01
166 -6.30000e+01
202 -6.20000e+01
236 -6.10000e+01
270 -6.00000e+01
276 -5.90000e+01
350 -5.80000e+01
364 -5.70000e+01
408 -5.60000e+01
514 -5.50000e+01
570 -5.40000e+01
671 -5.30000e+01
756 -5.20000e+01
790 -5.10000e+01
865 -5.00000e+01
988 -4.90000e+01
1015 -4.80000e+01
1037 -4.70000e+01
1090 -4.60000e+01
1106 -4.50000e+01
1229 -4.40000e+01
1334 -4.30000e+01
1416 -4.20000e+01
1514 -4.10000e+01
1521 -4.00000e+01
1525 -3.90000e+01
1563 -3.80000e+01
1578 -3.70000e+01
1638 -3.60000e+01
1693 -3.50000e+01
1784 -3.40000e+01
1844 -3.30000e+01
1944 -3.20000e+01
2089 -3.10000e+01
2178 -3.00000e+01
2355 -2.90000e+01
2416 -2.80000e+01
2462 -2.70000e+01
2568 -2.60000e+01
2668 -2.50000e+01
2727 -2.40000e+01
2871 -2.30000e+01
2910 -2.20000e+01
2968 -2.10000e+01
3078 -2.00000e+01
3136 -1.90000e+01
3214 -1.80000e+01
3330 -1.70000e+01
3426 -1.60000e+01
3523 -1.50000e+01
3585 -1.40000e+01
3740 -1.30000e+01
3799 -1.20000e+01
3961 -1.10000e+01
3976 -1.00000e+01
4410 -9.00000e+00
4528 -8.00000e+00
4566 -7.00000e+00
4736 -6.00000e+00
4859 -5.00000e+00
4944 -4.00000e+00
4975 -3.00000e+00
5041 -2.00000e+00
5103 +5.90000e+02
5296 +6.18000e+02
5391 +6.25000e+02
5834 +6.27000e+02
6043 +6.28000e+02
6586 +6.30000e+02
6680 +6.31000e+02
6989 +6.35000e+02
8134 +6.36000e+02
8353 +6.46000e+02
9981 +6.46000e+02
"function evaluation" "best-so-far f(x)"
1 -6.60000e+01
21 -6.50000e+01
79 -6.40000e+01
81 -6.30000e+01
113 -6.20000e+01
119 -6.10000e+01
144 -6.00000e+01
202 -5.90000e+01
232 -5.80000e+01
239 -5.70000e+01
292 -5.60000e+01
482 -5.50000e+01
540 -5.40000e+01
583 -5.30000e+01
653 -5.20000e+01
723 -5.10000e+01
739 -5.00000e+01
822 -4.90000e+01
863 -4.80000e+01
864 -4.70000e+01
944 -4.60000e+01
955 -4.50000e+01
974 -4.40000e+01
995 -4.30000e+01
1031 -4.20000e+01
1057 -4.10000e+01
1158 -4.00000e+01
1187 -3.90000e+01
1276 -3.80000e+01
1302 -3.70000e+01
1436 -3.60000e+01
1525 -3.50000e+01
1553 -3.40000e+01
1606 -3.30000e+01
1695 -3.20000e+01
1782 -3.10000e+01
1799 -3.00000e+01
1806 -2.90000e+01
1897 -2.80000e+01
1939 -2.70000e+01
2022 -2.60000e+01
2144 -2.50000e+01
2183 -2.40000e+01
2228 -2.30000e+01
2249 -2.20000e+01
2316 -2.10000e+01
2347 -2.00000e+01
2439 -1.90000e+01
2616 -1.80000e+01
2788 -1.70000e+01
2957 -1.60000e+01
3013 -1.50000e+01
3032 -1.30000e+01
3247 -1.20000e+01
3446 -1.10000e+01
3581 -1.00000e+01
3731 -9.00000e+00
3897 -8.00000e+00
4077 -7.00000e+00
4120 -6.00000e+00
4149 -5.00000e+00
4199 -4.00000e+00
4324 -3.00000e+00
4484 -2.00000e+00
4714 -1.00000e+00
4854 +5.81000e+02
5280 +5.98000e+02
5655 +6.09000e+02
5703 +6.31000e+02
7708 +6.39000e+02
8360 +6.41000e+02
9710 +6.45000e+02
9981 +6.45000e+02
"function evaluation" "best-so-far f(x)"
1 -6.60000e+01
5 -6.50000e+01
18 -6.40000e+01
111 -6.30000e+01
194 -6.20000e+01
227 -6.10000e+01
312 -6.00000e+01
377 -5.90000e+01
437 -5.80000e+01
470 -5.70000e+01
522 -5.60000e+01
556 -5.50000e+01
570 -5.40000e+01
623 -5.30000e+01
631 -5.20000e+01
690 -5.10000e+01
777 -5.00000e+01
924 -4.90000e+01
980 -4.80000e+01
1031 -4.70000e+01
1059 -4.60000e+01
1074 -4.50000e+01
1146 -4.30000e+01
1231 -4.20000e+01
1354 -4.10000e+01
1373 -4.00000e+01
1404 -3.90000e+01
1413 -3.80000e+01
1483 -3.70000e+01
1488 -3.60000e+01
1583 -3.40000e+01
1634 -3.30000e+01
1889 -3.20000e+01
1950 -3.10000e+01
2038 -3.00000e+01
2150 -2.90000e+01
2277 -2.80000e+01
2314 -2.70000e+01
2421 -2.60000e+01
2478 -2.50000e+01
2597 -2.40000e+01
2709 -2.30000e+01
2734 -2.20000e+01
2884 -2.10000e+01
2929 -2.00000e+01
3004 -1.90000e+01
3042 -1.80000e+01
3057 -1.70000e+01
3091 -1.60000e+01
3155 -1.50000e+01
3193 -1.40000e+01
3291 -1.30000e+01
3772 -1.20000e+01
3903 -1.10000e+01
3953 -1.00000e+01
4006 -9.00000e+00
4263 -8.00000e+00
4372 -7.00000e+00
4807 -6.00000e+00
4869 -5.00000e+00
4928 -4.00000e+00
5078 -3.00000e+00
5102 -2.00000e+00
5556 -1.00000e+00
6125 +5.73000e+02
6750 +5.97000e+02
6814 +6.11000e+02
6853 +6.13000e+02
6968 +6.17000e+02
7103 +6.20000e+02
7258 +6.30000e+02
7480 +6.42000e+02
8491 +6.51000e+02
9377 +6.53000e+02
9981 +6.53000e+02
"function evaluation" "best-so-far f(x)"
1 -6.60000e+01
51 -6.50000e+01
87 -6.40000e+01
94 -6.30000e+01
110 -6.20000e+01
112 -6.10000e+01
148 -6.00000e+01
278 -5.90000e+01
296 -5.80000e+01
325 -5.70000e+01
385 -5.60000e+01
410 -5.50000e+01
463 -5.40000e+01
507 -5.30000e+01
534 -5.10000e+01
605 -5.00000e+01
741 -4.90000e+01
840 -4.80000e+01
903 -4.70000e+01
925 -4.60000e+01
950 -4.50000e+01
1136 -4.40000e+01
1162 -4.30000e+01
1223 -4.20000e+01
1296 -4.10000e+01
1411 -4.00000e+01
1435 -3.90000e+01
1467 -3.80000e+01
1483 -3.70000e+01
1500 -3.60000e+01
1557 -3.50000e+01
1577 -3.40000e+01
1585 -3.30000e+01
1625 -3.20000e+01
1738 -3.10000e+01
1821 -3.00000e+01
1906 -2.90000e+01
1940 -2.80000e+01
1981 -2.70000e+01
2114 -2.60000e+01
2181 -2.50000e+01
2306 -2.40000e+01
2370 -2.30000e+01
2462 -2.20000e+01
2538 -2.10000e+01
2560 -2.00000e+01
2667 -1.90000e+01
2678 -1.80000e+01
2702 -1.70000e+01
2822 -1.60000e+01
2928 -1.50000e+01
3104 -1.40000e+01
3204 -1.30000e+01
3300 -1.10000e+01
3383 -1.00000e+01
3505 -9.00000e+00
3538 -7.00000e+00
3597 -6.00000e+00
4004 -5.00000e+00
4046 -4.00000e+00
4057 -3.00000e+00
4134 -2.00000e+00
4174 -1.00000e+00
4304 +6.21000e+02
4674 +6.32000e+02
4732 +6.38000e+02
5398 +6.42000e+02
5528 +6.46000e+02
9336 +6.49000e+02
9981 +6.49000e+02
"function evaluation" "best-so-far f(x)"
1 -6.60000e+01
22 -6.50000e+01
55 -6.40000e+01
85 -6.30000e+01
112 -6.20000e+01
155 -6.10000e+01
178 -6.00000e+01
246 -5.90000e+01
274 -5.80000e+01
328 -5.70000e+01
357 -5.60000e+01
365 -5.50000e+01
514 -5.40000e+01
608 -5.20000e+01
658 -5.10000e+01
709 -5.00000e+01
720 -4.90000e+01
741 -4.80000e+01
798 -4.70000e+01
805 -4.60000e+01
827 -4.50000e+01
846 -4.40000e+01
895 -4.30000e+01
1007 -4.20000e+01
1074 -4.10000e+01
1099 -4.00000e+01
1195 -3.90000e+01
1197 -3.80000e+01
1233 -3.70000e+01
1292 -3.60000e+01
1345 -3.40000e+01
1378 -3.30000e+01
1477 -3.20000e+01
1502 -3.10000e+01
1535 -3.00000e+01
1660 -2.90000e+01
1701 -2.80000e+01
1753 -2.70000e+01
1833 -2.60000e+01
1909 -2.50000e+01
1951 -2.40000e+01
1989 -2.30000e+01
2042 -2.20000e+01
2090 -2.10000e+01
2173 -2.00000e+01
2271 -1.90000e+01
2320 -1.80000e+01
2411 -1.70000e+01
2737 -1.60000e+01
2841 -1.50000e+01
2874 -1.40000e+01
2880 -1.30000e+01
2952 -1.20000e+01
3157 -1.10000e+01
3217 -1.00000e+01
3350 -9.00000e+00
3384 -8.00000e+00
3530 -7.00000e+00
3671 -6.00000e+00
3699 -5.00000e+00
3707 -4.00000e+00
3851 -3.00000e+00
4021 -2.00000e+00
4168 -1.00000e+00
4358 +5.88000e+02
4362 +5.95000e+02
4463 +6.00000e+02
5205 +6.24000e+02
5337 +6.27000e+02
8213 +6.38000e+02
8751 +6.54000e+02
9981 +6.54000e+02
"function evaluation" "best-so-far f(x)"
1 -6.60000e+01
30 -6.40000e+01
70 -6.20000e+01
170 -6.10000e+01
186 -6.00000e+01
339 -5.90000e+01
406 -5.80000e+01
421 -5.70000e+01
478 -5.60000e+01
527 -5.40000e+01
531 -5.30000e+01
592 -5.20000e+01
643 -5.00000e+01
907 -4.90000e+01
930 -4.80000e+01
979 -4.70000e+01
1100 -4.60000e+01
1116 -4.50000e+01
1139 -4.40000e+01
1212 -4.30000e+01
1252 -4.20000e+01
1277 -4.10000e+01
1292 -4.00000e+01
1454 -3.90000e+01
1519 -3.80000e+01
1541 -3.70000e+01
1570 -3.60000e+01
1609 -3.50000e+01
1679 -3.40000e+01
1702 -3.30000e+01
1798 -3.20000e+01
1840 -3.10000e+01
2159 -3.00000e+01
2200 -2.90000e+01
2273 -2.80000e+01
2286 -2.70000e+01
2311 -2.60000e+01
2416 -2.50000e+01
2456 -2.40000e+01
2699 -2.30000e+01
2712 -2.20000e+01
2804 -2.10000e+01
2880 -2.00000e+01
3090 -1.90000e+01
3236 -1.80000e+01
3338 -1.70000e+01
3385 -1.60000e+01
3442 -1.50000e+01
3556 -1.40000e+01
4124 -1.30000e+01
4225 -1.20000e+01
4374 -1.10000e+01
4605 -1.00000e+01
4661 -9.00000e+00
4894 -8.00000e+00
4971 -7.00000e+00
5269 -6.00000e+00
5379 -5.00000e+00
5500 -4.00000e+00
5617 -3.00000e+00
5706 -2.00000e+00
5759 -1.00000e+00
6664 +4.35000e+02
6777 +4.92000e+02
6829 +5.53000e+02
6923 +5.77000e+02
7586 +5.90000e+02
8040 +6.00000e+02
9548 +6.07000e+02
9749 +6.15000e+02
9981 +6.15000e+02
"function evaluation" "best-so-far f(x)"
1 -6.60000e+01
9 -6.50000e+01
61 -6.40000e+01
101 -6.30000e+01
191 -6.20000e+01
199 -6.10000e+01
277 -6.00000e+01
347 -5.90000e+01
386 -5.80000e+01
417 -5.70000e+01
447 -5.50000e+01
464 -5.40000e+01
523 -5.30000e+01
607 -5.20000e+01
660 -5.10000e+01
715 -5.00000e+01
744 -4.80000e+01
789 -4.70000e+01
883 -4.60000e+01
901 -4.50000e+01
965 -4.40000e+01
1019 -4.30000e+01
1059 -4.20000e+01
1165 -4.10000e+01
1239 -4.00000e+01
1266 -3.90000e+01
1268 -3.80000e+01
1674 -3.70000e+01
1741 -3.60000e+01
1772 -3.50000e+01
1921 -3.40000e+01
2036 -3.20000e+01
2165 -3.10000e+01
2187 -2.90000e+01
2348 -2.80000e+01
2431 -2.70000e+01
2437 -2.60000e+01
2698 -2.50000e+01
2806 -2.40000e+01
2888 -2.30000e+01
2946 -2.20000e+01
3040 -2.10000e+01
3132 -2.00000e+01
3312 -1.90000e+01
3392 -1.80000e+01
3560 -1.70000e+01
3617 -1.60000e+01
3746 -1.50000e+01
3795 -1.40000e+01
3819 -1.30000e+01
3861 -1.20000e+01
3904 -1.00000e+01
4110 -9.00000e+00
4146 -8.00000e+00
4240 -7.00000e+00
4289 -6.00000e+00
4370 -5.00000e+00
4918 -4.00000e+00
5375 -3.00000e+00
5378 -2.00000e+00
5842 -1.00000e+00
5910 +6.23000e+02
5941 +6.27000e+02
6990 +6.43000e+02
7426 +6.44000e+02
7775 +6.45000e+02
8408 +6.49000e+02
8433 +6.51000e+02
8678 +6.57000e+02
9306 +6.64000e+02
9604 +6.67000e+02
9981 +6.67000e+02
"function evaluation" "best-so-far f(x)"
1 -6.60000e+01
93 -6.50000e+01
164 -6.40000e+01
203 -6.30000e+01
289 -6.20000e+01
311 -6.10000e+01
339 -6.00000e+01
380 -5.90000e+01
530 -5.80000e+01
573 -5.70000e+01
600 -5.60000e+01
675 -5.50000e+01
743 -5.40000e+01
766 -5.30000e+01
803 -5.10000e+01
839 -5.00000e+01
936 -4.90000e+01
1014 -4.80000e+01
1049 -4.70000e+01
1088 -4.50000e+01
1128 -4.40000e+01
1141 -4.30000e+01
1219 -4.20000e+01
1232 -4.10000e+01
1265 -3.90000e+01
1335 -3.80000e+01
1402 -3.70000e+01
1471 -3.60000e+01
1502 -3.50000e+01
1548 -3.40000e+01
1614 -3.30000e+01
1661 -3.20000e+01
1817 -3.10000e+01
1850 -3.00000e+01
1925 -2.90000e+01
1979 -2.80000e+01
1989 -2.70000e+01
2067 -2.60000e+01
2206 -2.50000e+01
2241 -2.40000e+01
2303 -2.30000e+01
2355 -2.20000e+01
2511 -2.10000e+01
2673 -2.00000e+01
2786 -1.90000e+01
3033 -1.80000e+01
3127 -1.70000e+01
3275 -1.60000e+01
3365 -1.50000e+01
3407 -1.40000e+01
3675 -1.30000e+01
3835 -1.20000e+01
3947 -1.10000e+01
4019 -1.00000e+01
4134 -9.00000e+00
4167 -8.00000e+00
4547 -7.00000e+00
4901 -6.00000e+00
5001 -5.00000e+00
5113 -4.00000e+00
5162 -3.00000e+00
5328 -2.00000e+00
5695 -1.00000e+00
5745 +5.96000e+02
6168 +5.98000e+02
6374 +6.19000e+02
6664 +6.26000e+02
7503 +6.30000e+02
9510 +6.31000e+02
9602 +6.33000e+02
9707 +6.36000e+02
9981 +6.36000e+02
"function evaluation" "best-so-far f(x)"
1 -6.60000e+01
28 -6.50000e+01
112 -6.40000e+01
154 -6.30000e+01
207 -6.20000e+01
220 -6.10000e+01
290 -6.00000e+01
338 -5.90000e+01
357 -5.80000e+01
465 -5.70000e+01
516 -5.60000e+01
588 -5.50000e+01
610 -5.40000e+01
669 -5.30000e+01
687 -5.10000e+01
723 -5.00000e+01
750 -4.90000e+01
786 -4.80000e+01
812 -4.70000e+01
843 -4.60000e+01
892 -4.50000e+01
948 -4.40000e+01
1020 -4.30000e+01
1049 -4.20000e+01
1091 -4.10000e+01
1179 -4.00000e+01
1257 -3.90000e+01
1260 -3.80000e+01
1316 -3.70000e+01
1588 -3.60000e+01
1694 -3.50000e+01
1736 -3.40000e+01
1867 -3.30000e+01
1905 -3.20000e+01
2091 -3.10000e+01
2236 -3.00000e+01
2262 -2.90000e+01
2423 -2.80000e+01
2618 -2.70000e+01
2622 -2.60000e+01
2720 -2.50000e+01
2821 -2.40000e+01
2951 -2.30000e+01
3024 -2.20000e+01
3050 -2.10000e+01
3152 -2.00000e+01
3164 -1.90000e+01
3172 -1.80000e+01
3282 -1.70000e+01
3676 -1.60000e+01
3801 -1.50000e+01
3804 -1.40000e+01
4226 -1.30000e+01
4450 -1.20000e+01
4477 -1.10000e+01
4491 -1.00000e+01
4608 -9.00000e+00
4706 -8.00000e+00
4885 -7.00000e+00
4997 -6.00000e+00
5159 -5.00000e+00
5446 -4.00000e+00
5500 -3.00000e+00
5720 -2.00000e+00
5905 -1.00000e+00
5982 +6.18000e+02
6015 +6.22000e+02
6584 +6.23000e+02
6689 +6.28000e+02
6705 +6.31000e+02
6911 +6.39000e+02
7073 +6.43000e+02
7842 +6.55000e+02
8970 +6.57000e+02
9024 +6.58000e+02
9943 +6.60000e+02
9949 +6.61000e+02
9981 +6.61000e+02
"function evaluation" "best-so-far f(x)"
1 -6.60000e+01
52 -6.50000e+01
94 -6.40000e+01
246 -6.30000e+01
285 -6.20000e+01
311 -6.10000e+01
363 -6.00000e+01
432 -5.90000e+01
442 -5.80000e+01
466 -5.70000e+01
471 -5.60000e+01
519 -5.50000e+01
597 -5.40000e+01
620 -5.30000e+01
662 -5.20000e+01
673 -5.10000e+01
717 -5.00000e+01
796 -4.90000e+01
864 -4.80000e+01
980 -4.70000e+01
1088 -4.60000e+01
1214 -4.50000e+01
1249 -4.40000e+01
1324 -4.30000e+01
1334 -4.20000e+01
1387 -4.10000e+01
1493 -4.00000e+01
1526 -3.90000e+01
1612 -3.80000e+01
1706 -3.70000e+01
1737 -3.60000e+01
1779 -3.50000e+01
1850 -3.40000e+01
1935 -3.30000e+01
1943 -3.20000e+01
1971 -3.10000e+01
1998 -3.00000e+01
2080 -2.90000e+01
2179 -2.80000e+01
2349 -2.70000e+01
2453 -2.60000e+01
2492 -2.50000e+01
2583 -2.40000e+01
2599 -2.30000e+01
2647 -2.20000e+01
2699 -2.10000e+01
2758 -1.90000e+01
2801 -1.80000e+01
2831 -1.70000e+01
2913 -1.60000e+01
2961 -1.50000e+01
3032 -1.40000e+01
3181 -1.30000e+01
3255 -1.20000e+01
3663 -1.10000e+01
3836 -1.00000e+01
3954 -9.00000e+00
4005 -8.00000e+00
4390 -7.00000e+00
4499 -6.00000e+00
4528 -5.00000e+00
4609 -4.00000e+00
4901 -3.00000e+00
5795 -2.00000e+00
6245 -1.00000e+00
6429 +6.08000e+02
6863 +6.13000e+02
7496 +6.16000e+02
7995 +6.17000e+02
9595 +6.29000e+02
9981 +6.29000e+02
"function evaluation" "best-so-far f(x)"
1 -6.60000e+01
16 -6.50000e+01
44 -6.40000e+01
134 -6.30000e+01
167 -6.20000e+01
203 -6.10000e+01
258 -6.00000e+01
327 -5.90000e+01
367 -5.80000e+01
408 -5.70000e+01
444 -5.60000e+01
491 -5.50000e+01
513 -5.40000e+01
547 -5.30000e+01
588 -5.20000e+01
676 -5.10000e+01
677 -5.00000e+01
742 -4.80000e+01
795 -4.70000e+01
810 -4.60000e+01
819 -4.50000e+01
840 -4.40000e+01
869 -4.30000e+01
957 -4.20000e+01
1060 -4.10000e+01
1113 -4.00000e+01
1197 -3.90000e+01
1225 -3.80000e+01
1281 -3.70000e+01
1323 -3.60000e+01
1346 -3.50000e+01
1386 -3.40000e+01
1476 -3.30000e+01
1507 -3.20000e+01
1533 -3.10000e+01
1548 -3.00000e+01
1621 -2.90000e+01
1720 -2.80000e+01
1769 -2.70000e+01
1804 -2.60000e+01
1872 -2.50000e+01
1947 -2.40000e+01
1963 -2.30000e+01
2001 -2.20000e+01
2153 -2.10000e+01
2403 -2.00000e+01
2593 -1.90000e+01
2637 -1.80000e+01
2695 -1.60000e+01
2890 -1.50000e+01
3025 -1.40000e+01
3153 -1.30000e+01
3237 -1.20000e+01
3370 -1.10000e+01
3378 -1.00000e+01
3434 -9.00000e+00
3483 -8.00000e+00
3557 -7.00000e+00
3589 -6.00000e+00
3688 -5.00000e+00
3808 -4.00000e+00
3861 -2.00000e+00
3905 -1.00000e+00
4113 +5.98000e+02
4322 +6.10000e+02
4957 +6.24000e+02
5291 +6.27000e+02
6190 +6.39000e+02
6912 +6.47000e+02
7624 +6.52000e+02
9981 +6.52000e+02
"function evaluation" "best-so-far f(x)"
1 -6.60000e+01
53 -6.50000e+01
69 -6.40000e+01
168 -6.30000e+01
178 -6.20000e+01
228 -6.10000e+01
341 -6.00000e+01
368 -5.90000e+01
425 -5.80000e+01
459 -5.70000e+01
490 -5.60000e+01
563 -5.50000e+01
645 -5.40000e+01
743 -5.30000e+01
752 -5.20000e+01
825 -5.10000e+01
948 -5.00000e+01
989 -4.90000e+01
1038 -4.70000e+01
1157 -4.60000e+01
1274 -4.50000e+01
1363 -4.40000e+01
1456 -4.20000e+01
1472 -4.10000e+01
1541 -4.00000e+01
1620 -3.90000e+01
1667 -3.80000e+01
1733 -3.70000e+01
1791 -3.60000e+01
1796 -3.50000e+01
1907 -3.40000e+01
1943 -3.30000e+01
2086 -3.20000e+01
2383 -3.10000e+01
2412 -3.00000e+01
2515 -2.90000e+01
2604 -2.80000e+01
2674 -2.70000e+01
2773 -2.60000e+01
2826 -2.50000e+01
2907 -2.40000e+01
2967 -2.30000e+01
3077 -2.20000e+01
3137 -2.10000e+01
3170 -2.00000e+01
3266 -1.90000e+01
3304 -1.80000e+01
3421 -1.70000e+01
3463 -1.60000e+01
3609 -1.50000e+01
3676 -1.40000e+01
3737 -1.30000e+01
3939 -1.20000e+01
4141 -1.10000e+01
4303 -1.00000e+01
4352 -9.00000e+00
4431 -8.00000e+00
4541 -7.00000e+00
4629 -6.00000e+00
4676 -5.00000e+00
4878 -4.00000e+00
5070 -3.00000e+00
5287 -2.00000e+00
5400 -1.00000e+00
5480 +6.03000e+02
6682 +6.07000e+02
6840 +6.17000e+02
9981 +6.17000e+02
"function evaluation" "best-so-far f(x)"
1 -6.60000e+01
15 -6.50000e+01
140 -6.40000e+01
242 -6.30000e+01
332 -6.20000e+01
359 -6.10000e+01
435 -6.00000e+01
467 -5.90000e+01
506 -5.80000e+01
533 -5.70000e+01
583 -5.60000e+01
625 -5.50000e+01
717 -5.40000e+01
732 -5.30000e+01
808 -5.10000e+01
897 -5.00000e+01
932 -4.80000e+01
960 -4.70000e+01
1000 -4.60000e+01
1038 -4.50000e+01
1059 -4.40000e+01
1127 -4.30000e+01
1146 -4.20000e+01
1274 -4.10000e+01
1318 -4.00000e+01
1379 -3.90000e+01
1391 -3.80000e+01
1408 -3.70000e+01
1440 -3.60000e+01
1465 -3.50000e+01
1493 -3.40000e+01
1541 -3.30000e+01
1635 -3.20000e+01
1716 -3.10000e+01
1781 -3.00000e+01
1891 -2.90000e+01
1907 -2.80000e+01
2084 -2.70000e+01
2107 -2.60000e+01
2118 -2.50000e+01
2225 -2.40000e+01
2395 -2.30000e+01
2469 -2.20000e+01
2530 -2.10000e+01
2578 -2.00000e+01
2582 -1.90000e+01
2659 -1.80000e+01
2699 -1.70000e+01
2741 -1.60000e+01
2814 -1.50000e+01
2924 -1.30000e+01
3098 -1.20000e+01
3171 -1.10000e+01
3248 -1.00000e+01
3681 -9.00000e+00
3828 -8.00000e+00
3905 -7.00000e+00
4177 -6.00000e+00
4263 -5.00000e+00
4404 -4.00000e+00
4442 -3.00000e+00
4578 -2.00000e+00
4712 -1.00000e+00
5239 +5.44000e+02
5487 +5.70000e+02
5786 +5.96000e+02
5799 +6.08000e+02
6445 +6.11000e+02
7005 +6.22000e+02
8980 +6.28000e+02
9395 +6.36000e+02
9885 +6.38000e+02
9981 +6.38000e+02
"function evaluation" "best-so-far f(x)"
1 -6.60000e+01
27 -6.50000e+01
98 -6.40000e+01
162 -6.30000e+01
222 -6.20000e+01
262 -6.10000e+01
263 -6.00000e+01
345 -5.90000e+01
371 -5.80000e+01
407 -5.70000e+01
455 -5.60000e+01
542 -5.50000e+01
570 -5.40000e+01
578 -5.30000e+01
642 -5.20000e+01
691 -5.10000e+01
724 -5.00000e+01
813 -4.90000e+01
856 -4.80000e+01
899 -4.70000e+01
968 -4.60000e+01
1032 -4.50000e+01
1146 -4.40000e+01
1184 -4.30000e+01
1203 -4.20000e+01
1401 -4.10000e+01
1457 -4.00000e+01
1619 -3.90000e+01
1625 -3.80000e+01
1761 -3.70000e+01
1831 -3.60000e+01
2011 -3.50000e+01
2057 -3.40000e+01
2101 -3.30000e+01
2102 -3.20000e+01
2197 -3.10000e+01
2279 -3.00000e+01
2321 -2.90000e+01
2343 -2.80000e+01
2476 -2.70000e+01
2492 -2.60000e+01
2665 -2.50000e+01
2761 -2.40000e+01
2846 -2.30000e+01
2906 -2.20000e+01
2998 -2.10000e+01
3047 -2.00000e+01
3086 -1.90000e+01
3123 -1.80000e+01
3196 -1.70000e+01
3405 -1.60000e+01
3466 -1.50000e+01
3658 -1.40000e+01
3704 -1.30000e+01
3888 -1.20000e+01
3972 -1.10000e+01
4068 -1.00000e+01
4416 -9.00000e+00
4591 -8.00000e+00
4761 -7.00000e+00
4903 -6.00000e+00
4962 -5.00000e+00
5142 -4.00000e+00
5249 -3.00000e+00
5628 -2.00000e+00
5737 -1.00000e+00
6031 +5.52000e+02
6336 +5.67000e+02
6918 +6.04000e+02
7030 +6.10000e+02
7540 +6.25000e+02
7892 +6.33000e+02
8195 +6.41000e+02
8761 +6.43000e+02
9981 +6.43000e+02
"function evaluation" "best-so-far f(x)"
1 -6.60000e+01
20 -6.50000e+01
123 -6.40000e+01
194 -6.30000e+01
214 -6.20000e+01
336 -6.10000e+01
369 -6.00000e+01
385 -5.90000e+01
452 -5.80000e+01
541 -5.70000e+01
603 -5.60000e+01
752 -5.50000e+01
787 -5.40000e+01
791 -5.30000e+01
831 -5.20000e+01
903 -5.10000e+01
927 -5.00000e+01
982 -4.90000e+01
1024 -4.80000e+01
1040 -4.70000e+01
1072 -4.60000e+01
1159 -4.50000e+01
1178 -4.40000e+01
1206 -4.30000e+01
1253 -4.20000e+01
1293 -4.10000e+01
1416 -4.00000e+01
1488 -3.90000e+01
1619 -3.80000e+01
1661 -3.70000e+01
1703 -3.60000e+01
1704 -3.50000e+01
1732 -3.40000e+01
1807 -3.30000e+01
1876 -3.20000e+01
1944 -3.10000e+01
2014 -3.00000e+01
2068 -2.90000e+01
2075 -2.80000e+01
2139 -2.70000e+01
2226 -2.60000e+01
2390 -2.50000e+01
2469 -2.40000e+01
2651 -2.30000e+01
2720 -2.20000e+01
2781 -2.10000e+01
2975 -2.00000e+01
3052 -1.90000e+01
3131 -1.80000e+01
3270 -1.70000e+01
3289 -1.60000e+01
3446 -1.50000e+01
3464 -1.40000e+01
3772 -1.30000e+01
3874 -1.20000e+01
3926 -1.10000e+01
4049 -1.00000e+01
4091 -9.00000e+00
4225 -8.00000e+00
4306 -7.00000e+00
4403 -6.00000e+00
4636 -5.00000e+00
4818 -4.00000e+00
4943 -3.00000e+00
5040 -2.00000e+00
5584 -1.00000e+00
5723 +5.83000e+02
6450 +6.13000e+02
6899 +6.23000e+02
7868 +6.31000e+02
7973 +6.34000e+02
8238 +6.38000e+02
8331 +6.41000e+02
8749 +6.44000e+02
9981 +6.44000e+02
"function evaluation" "best-so-far f(x)"
1 -6.60000e+01
16 -6.50000e+01
84 -6.40000e+01
116 -6.30000e+01
144 -6.20000e+01
150 -6.10000e+01
211 -6.00000e+01
254 -5.90000e+01
381 -5.80000e+01
406 -5.70000e+01
419 -5.60000e+01
446 -5.50000e+01
520 -5.40000e+01
626 -5.30000e+01
667 -5.20000e+01
723 -5.10000e+01
761 -5.00000e+01
812 -4.90000e+01
878 -4.80000e+01
977 -4.70000e+01
1021 -4.60000e+01
1051 -4.50000e+01
1148 -4.40000e+01
1202 -4.30000e+01
1233 -4.20000e+01
1297 -4.10000e+01
1344 -4.00000e+01
1409 -3.90000e+01
1603 -3.80000e+01
1702 -3.70000e+01
1763 -3.60000e+01
1789 -3.50000e+01
1838 -3.40000e+01
1900 -3.20000e+01
1980 -3.10000e+01
2109 -3.00000e+01
2119 -2.90000e+01
2161 -2.80000e+01
2264 -2.70000e+01
2302 -2.60000e+01
2333 -2.50000e+01
2391 -2.40000e+01
2440 -2.30000e+01
2742 -2.20000e+01
2854 -2.10000e+01
2899 -2.00000e+01
2912 -1.90000e+01
3032 -1.80000e+01
3067 -1.70000e+01
3206 -1.60000e+01
3255 -1.50000e+01
3342 -1.40000e+01
3441 -1.30000e+01
3572 -1.20000e+01
3701 -1.10000e+01
3816 -1.00000e+01
3919 -9.00000e+00
4064 -8.00000e+00
4148 -7.00000e+00
4337 -6.00000e+00
4538 -5.00000e+00
4723 -4.00000e+00
4758 -3.00000e+00
5042 -2.00000e+00
5910 -1.00000e+00
6784 +5.92000e+02
7467 +5.98000e+02
7630 +6.02000e+02
8408 +6.10000e+02
8665 +6.30000e+02
8688 +6.32000e+02
9161 +6.44000e+02
9981 +6.44000e+02
"function evaluation" "best-so-far f(x)"
1 -6.60000e+01
73 -6.50000e+01
143 -6.40000e+01
167 -6.30000e+01
185 -6.20000e+01
224 -6.10000e+01
283 -6.00000e+01
346 -5.90000e+01
375 -5.80000e+01
476 -5.70000e+01
504 -5.60000e+01
555 -5.50000e+01
565 -5.40000e+01
584 -5.30000e+01
605 -5.20000e+01
699 -5.10000e+01
810 -5.00000e+01
876 -4.90000e+01
925 -4.80000e+01
1011 -4.70000e+01
1029 -4.60000e+01
1068 -4.50000e+01
1181 -4.40000e+01
1235 -4.30000e+01
1265 -4.20000e+01
1370 -4.10000e+01
1424 -4.00000e+01
1592 -3.90000e+01
1646 -3.80000e+01
1676 -3.70000e+01
1745 -3.60000e+01
1877 -3.50000e+01
2044 -3.40000e+01
2068 -3.30000e+01
2091 -3.20000e+01
2114 -3.10000e+01
2160 -3.00000e+01
2271 -2.90000e+01
2378 -2.80000e+01
2500 -2.70000e+01
2555 -2.60000e+01
2632 -2.50000e+01
2698 -2.40000e+01
2786 -2.30000e+01
2844 -2.20000e+01
2898 -2.10000e+01
2968 -2.00000e+01
3146 -1.90000e+01
3180 -1.80000e+01
3220 -1.70000e+01
3285 -1.60000e+01
3366 -1.50000e+01
3456 -1.40000e+01
3510 -1.30000e+01
3571 -1.20000e+01
3612 -1.10000e+01
3732 -1.00000e+01
4246 -9.00000e+00
4333 -8.00000e+00
4372 -6.00000e+00
4429 -5.00000e+00
4491 -4.00000e+00
4615 -3.00000e+00
4646 -2.00000e+00
4816 -1.00000e+00
4995 +5.18000e+02
5582 +5.70000e+02
5670 +5.77000e+02
5942 +5.93000e+02
7952 +5.97000e+02
8789 +6.02000e+02
9441 +6.11000e+02
9599 +6.22000e+02
9738 +6.34000e+02
9981 +6.34000e+02
"function evaluation" "best-so-far f(x)"
1 -6.60000e+01
23 -6.50000e+01
51 -6.40000e+01
63 -6.30000e+01
94 -6.20000e+01
227 -6.10000e+01
278 -6.00000e+01
296 -5.90000e+01
307 -5.80000e+01
348 -5.70000e+01
401 -5.60000e+01
462 -5.50000e+01
541 -5.40000e+01
668 -5.30000e+01
687 -5.20000e+01
755 -5.10000e+01
815 -5.00000e+01
874 -4.90000e+01
879 -4.80000e+01
935 -4.70000e+01
948 -4.60000e+01
995 -4.50000e+01
1295 -4.30000e+01
1328 -4.20000e+01
1334 -4.10000e+01
1417 -4.00000e+01
1443 -3.90000e+01
1517 -3.80000e+01
1522 -3.70000e+01
1590 -3.60000e+01
1619 -3.50000e+01
1760 -3.40000e+01
1977 -3.30000e+01
2028 -3.20000e+01
2069 -3.10000e+01
2180 -3.00000e+01
2284 -2.90000e+01
2580 -2.80000e+01
2632 -2.70000e+01
2749 -2.60000e+01
2785 -2.50000e+01
2853 -2.40000e+01
3011 -2.30000e+01
3082 -2.20000e+01
3213 -2.10000e+01
3281 -2.00000e+01
3309 -1.90000e+01
3576 -1.80000e+01
3748 -1.70000e+01
3758 -1.60000e+01
3912 -1.50000e+01
4039 -1.40000e+01
4096 -1.30000e+01
4131 -1.20000e+01
4260 -1.10000e+01
4369 -1.00000e+01
4467 -9.00000e+00
4597 -8.00000e+00
4650 -7.00000e+00
4714 -6.00000e+00
5287 -5.00000e+00
5334 -4.00000e+00
5465 -3.00000e+00
5906 -2.00000e+00
6023 -1.00000e+00
6657 +6.09000e+02
6761 +6.19000e+02
7147 +6.28000e+02
7438 +6.42000e+02
7883 +6.52000e+02
9981 +6.52000e+02
"function evaluation" "best-so-far f(x)"
1 -6.60000e+01
19 -6.50000e+01
25 -6.40000e+01
84 -6.30000e+01
132 -6.20000e+01
169 -6.10000e+01
312 -6.00000e+01
343 -5.90000e+01
381 -5.80000e+01
419 -5.70000e+01
475 -5.60000e+01
520 -5.50000e+01
620 -5.40000e+01
671 -5.30000e+01
823 -5.20000e+01
873 -5.10000e+01
913 -5.00000e+01
960 -4.90000e+01
987 -4.80000e+01
1057 -4.70000e+01
1091 -4.60000e+01
1144 -4.50000e+01
1188 -4.40000e+01
1260 -4.30000e+01
1329 -4.20000e+01
1377 -4.10000e+01
1422 -4.00000e+01
1517 -3.90000e+01
1648 -3.80000e+01
1748 -3.70000e+01
1846 -3.50000e+01
1968 -3.40000e+01
2196 -3.30000e+01
2370 -3.20000e+01
2509 -3.10000e+01
2674 -3.00000e+01
2757 -2.90000e+01
2846 -2.80000e+01
2918 -2.70000e+01
2956 -2.60000e+01
2975 -2.50000e+01
3072 -2.40000e+01
3291 -2.30000e+01
3324 -2.20000e+01
3446 -2.10000e+01
3523 -2.00000e+01
3580 -1.90000e+01
3626 -1.80000e+01
3695 -1.70000e+01
3865 -1.60000e+01
4017 -1.50000e+01
4048 -1.40000e+01
4073 -1.30000e+01
4205 -1.20000e+01
4250 -1.10000e+01
4324 -1.00000e+01
4408 -9.00000e+00
4595 -8.00000e+00
4801 -7.00000e+00
4941 -6.00000e+00
4974 -5.00000e+00
5158 -4.00000e+00
5331 -3.00000e+00
5467 -2.00000e+00
5668 -1.00000e+00
5787 +5.78000e+02
6270 +5.93000e+02
6908 +6.00000e+02
7578 +6.19000e+02
7743 +6.35000e+02
8807 +6.46000e+02
9470 +6.48000e+02
9981 +6.48000e+02
