"function evaluation" "best-so-far f(x)"
1 -6.60000e+01
24 -6.50000e+01
110 -6.40000e+01
157 -6.30000e+01
374 -6.20000e+01
376 -6.10000e+01
497 -6.00000e+01
520 -5.90000e+01
748 -5.80000e+01
829 -5.70000e+01
941 -5.60000e+01
1000 -5.50000e+01
1071 -5.40000e+01
1089 -5.30000e+01
1146 -5.20000e+01
1161 -5.10000e+01
1377 -5.00000e+01
1386 -4.90000e+01
1416 -4.80000e+01
1449 -4.70000e+01
1539 -4.60000e+01
1654 -4.50000e+01
1686 -4.40000e+01
1803 -4.30000e+01
1954 -4.20000e+01
2090 -4.10000e+01
2111 -4.00000e+01
2235 -3.90000e+01
2300 -3.70000e+01
2370 -3.60000e+01
2484 -3.50000e+01
2508 -3.40000e+01
2630 -3.30000e+01
2724 -3.20000e+01
2829 -3.10000e+01
2893 -3.00000e+01
2966 -2.90000e+01
3418 -2.80000e+01
3482 -2.70000e+01
3712 -2.60000e+01
3789 -2.50000e+01
4007 -2.40000e+01
4245 -2.30000e+01
4682 -2.20000e+01
4837 -2.10000e+01
5084 -2.00000e+01
5176 -1.90000e+01
5206 -1.80000e+01
5717 -1.70000e+01
6053 -1.60000e+01
6115 -1.50000e+01
6162 -1.40000e+01
6425 -1.30000e+01
6516 -1.20000e+01
7063 -1.10000e+01
7240 -1.00000e+01
7379 -9.00000e+00
7800 -8.00000e+00
8055 -7.00000e+00
8065 -6.00000e+00
8209 -4.00000e+00
8239 -3.00000e+00
9129 -2.00000e+00
9670 -1.00000e+00
9991 -1.00000e+00
"function evaluation" "best-so-far f(x)"
1 -6.60000e+01
10 -6.50000e+01
34 -6.40000e+01
146 -6.30000e+01
225 -6.20000e+01
335 -6.10000e+01
393 -6.00000e+01
527 -5.90000e+01
703 -5.80000e+01
746 -5.70000e+01
831 -5.60000e+01
908 -5.50000e+01
952 -5.40000e+01
1006 -5.30000e+01
1034 -5.20000e+01
1035 -5.10000e+01
1193 -5.00000e+01
1286 -4.90000e+01
1335 -4.80000e+01
1974 -4.70000e+01
2066 -4.60000e+01
2141 -4.50000e+01
2287 -4.40000e+01
2340 -4.30000e+01
2342 -4.20000e+01
2376 -4.10000e+01
2406 -4.00000e+01
2710 -3.90000e+01
2729 -3.80000e+01
2919 -3.70000e+01
3181 -3.60000e+01
3213 -3.50000e+01
3291 -3.40000e+01
3337 -3.30000e+01
3402 -3.20000e+01
3655 -3.10000e+01
3696 -3.00000e+01
4431 -2.90000e+01
4533 -2.80000e+01
5033 -2.70000e+01
5088 -2.60000e+01
5215 -2.50000e+01
5414 -2.40000e+01
5793 -2.30000e+01
5894 -2.20000e+01
6114 -2.10000e+01
6121 -2.00000e+01
6386 -1.90000e+01
6451 -1.80000e+01
6559 -1.70000e+01
6822 -1.60000e+01
7216 -1.50000e+01
7373 -1.40000e+01
7839 -1.30000e+01
7956 -1.20000e+01
8008 -1.10000e+01
8764 -1.00000e+01
8785 -9.00000e+00
8873 -8.00000e+00
8881 -7.00000e+00
8912 -6.00000e+00
9413 -5.00000e+00
9745 -4.00000e+00
9991 -4.00000e+00
"function evaluation" "best-so-far f(x)"
1 -6.60000e+01
26 -6.50000e+01
136 -6.40000e+01
145 -6.30000e+01
164 -6.20000e+01
180 -6.10000e+01
492 -6.00000e+01
529 -5.90000e+01
638 -5.80000e+01
670 -5.70000e+01
685 -5.60000e+01
933 -5.50000e+01
934 -5.40000e+01
1048 -5.30000e+01
1355 -5.20000e+01
1397 -5.10000e+01
1434 -5.00000e+01
1464 -4.90000e+01
1522 -4.80000e+01
1725 -4.70000e+01
1869 -4.50000e+01
1957 -4.40000e+01
2080 -4.30000e+01
2086 -4.20000e+01
2411 -4.10000e+01
2810 -4.00000e+01
2868 -3.90000e+01
2972 -3.80000e+01
2981 -3.70000e+01
3033 -3.60000e+01
3035 -3.50000e+01
3150 -3.40000e+01
3166 -3.30000e+01
3240 -3.20000e+01
3283 -3.10000e+01
3352 -3.00000e+01
3732 -2.90000e+01
3774 -2.80000e+01
3981 -2.70000e+01
4191 -2.60000e+01
4244 -2.50000e+01
4297 -2.40000e+01
4779 -2.30000e+01
4959 -2.20000e+01
4999 -2.10000e+01
5160 -2.00000e+01
5174 -1.80000e+01
5339 -1.70000e+01
6534 -1.60000e+01
6947 -1.50000e+01
7208 -1.40000e+01
7373 -1.30000e+01
7376 -1.20000e+01
7456 -1.10000e+01
8596 -1.00000e+01
9079 -9.00000e+00
9227 -8.00000e+00
9991 -8.00000e+00
"function evaluation" "best-so-far f(x)"
1 -6.60000e+01
4 -6.50000e+01
47 -6.40000e+01
64 -6.30000e+01
216 -6.20000e+01
285 -6.10000e+01
370 -6.00000e+01
497 -5.90000e+01
523 -5.80000e+01
560 -5.70000e+01
655 -5.60000e+01
774 -5.50000e+01
797 -5.40000e+01
943 -5.30000e+01
980 -5.20000e+01
1030 -5.10000e+01
1254 -5.00000e+01
1556 -4.90000e+01
1583 -4.80000e+01
1615 -4.70000e+01
1679 -4.60000e+01
1986 -4.50000e+01
2262 -4.40000e+01
2484 -4.30000e+01
2760 -4.10000e+01
2925 -4.00000e+01
2979 -3.90000e+01
3206 -3.80000e+01
3230 -3.70000e+01
3444 -3.60000e+01
3684 -3.50000e+01
3725 -3.40000e+01
3747 -3.30000e+01
4053 -3.20000e+01
4093 -3.10000e+01
4270 -3.00000e+01
4282 -2.90000e+01
4362 -2.80000e+01
4398 -2.70000e+01
4426 -2.60000e+01
4703 -2.50000e+01
5008 -2.40000e+01
5027 -2.30000e+01
5096 -2.20000e+01
5139 -2.10000e+01
5239 -2.00000e+01
5322 -1.90000e+01
5384 -1.80000e+01
5838 -1.70000e+01
5936 -1.60000e+01
5985 -1.50000e+01
6137 -1.40000e+01
6481 -1.30000e+01
7989 -1.20000e+01
8102 -1.10000e+01
8791 -1.00000e+01
9582 -9.00000e+00
9756 -8.00000e+00
9991 -8.00000e+00
"function evaluation" "best-so-far f(x)"
1 -6.60000e+01
53 -6.50000e+01
193 -6.40000e+01
205 -6.30000e+01
209 -6.20000e+01
236 -6.10000e+01
269 -6.00000e+01
293 -5.90000e+01
333 -5.80000e+01
373 -5.70000e+01
608 -5.60000e+01
629 -5.50000e+01
704 -5.40000e+01
736 -5.30000e+01
834 -5.20000e+01
973 -5.10000e+01
1017 -5.00000e+01
1252 -4.90000e+01
1276 -4.80000e+01
1330 -4.70000e+01
1425 -4.60000e+01
1455 -4.50000e+01
1795 -4.40000e+01
1815 -4.30000e+01
2148 -4.20000e+01
2174 -4.10000e+01
2346 -4.00000e+01
2372 -3.90000e+01
2400 -3.80000e+01
2615 -3.70000e+01
3033 -3.60000e+01
3096 -3.50000e+01
3102 -3.40000e+01
3128 -3.30000e+01
3139 -3.20000e+01
3526 -3.10000e+01
3666 -3.00000e+01
3978 -2.90000e+01
4044 -2.80000e+01
4203 -2.70000e+01
4344 -2.60000e+01
4381 -2.40000e+01
4392 -2.30000e+01
4397 -2.20000e+01
4887 -2.10000e+01
5009 -2.00000e+01
5090 -1.90000e+01
5393 -1.80000e+01
5980 -1.70000e+01
6229 -1.60000e+01
6296 -1.50000e+01
6378 -1.40000e+01
6488 -1.30000e+01
6549 -1.20000e+01
6984 -1.10000e+01
7000 -1.00000e+01
7087 -9.00000e+00
7493 -8.00000e+00
7820 -7.00000e+00
8520 -6.00000e+00
8773 -5.00000e+00
9051 -4.00000e+00
9107 -3.00000e+00
9228 -2.00000e+00
9724 -1.00000e+00
9991 -1.00000e+00
"function evaluation" "best-so-far f(x)"
1 -6.60000e+01
54 -6.50000e+01
73 -6.40000e+01
84 -6.30000e+01
178 -6.20000e+01
181 -6.10000e+01
272 -6.00000e+01
293 -5.90000e+01
418 -5.80000e+01
468 -5.70000e+01
568 -5.60000e+01
609 -5.50000e+01
760 -5.40000e+01
761 -5.30000e+01
787 -5.20000e+01
1139 -5.10000e+01
1254 -4.90000e+01
1303 -4.80000e+01
1348 -4.70000e+01
1470 -4.60000e+01
1517 -4.50000e+01
1575 -4.40000e+01
1904 -4.30000e+01
1979 -4.20000e+01
2049 -4.10000e+01
2187 -4.00000e+01
2248 -3.90000e+01
2334 -3.80000e+01
2358 -3.70000e+01
2381 -3.60000e+01
2384 -3.50000e+01
2567 -3.40000e+01
2624 -3.30000e+01
3096 -3.20000e+01
3125 -3.10000e+01
3177 -3.00000e+01
3223 -2.90000e+01
3456 -2.80000e+01
3665 -2.70000e+01
3795 -2.60000e+01
4713 -2.50000e+01
4767 -2.40000e+01
5215 -2.30000e+01
5310 -2.20000e+01
5391 -2.10000e+01
5552 -2.00000e+01
5729 -1.80000e+01
5857 -1.70000e+01
6052 -1.60000e+01
6132 -1.50000e+01
6662 -1.40000e+01
6840 -1.30000e+01
7318 -1.20000e+01
7359 -1.10000e+01
7431 -1.00000e+01
7989 -9.00000e+00
8085 -8.00000e+00
8135 -7.00000e+00
8286 -6.00000e+00
9284 -5.00000e+00
9991 -5.00000e+00
"function evaluation" "best-so-far f(x)"
1 -6.60000e+01
24 -6.50000e+01
76 -6.40000e+01
93 -6.30000e+01
185 -6.20000e+01
243 -6.10000e+01
308 -6.00000e+01
353 -5.90000e+01
564 -5.80000e+01
686 -5.70000e+01
718 -5.60000e+01
719 -5.50000e+01
771 -5.40000e+01
864 -5.30000e+01
1116 -5.20000e+01
1311 -5.10000e+01
1335 -5.00000e+01
1488 -4.90000e+01
1499 -4.80000e+01
1560 -4.70000e+01
1567 -4.60000e+01
1707 -4.50000e+01
1831 -4.40000e+01
2218 -4.30000e+01
2413 -4.20000e+01
2507 -4.10000e+01
2532 -4.00000e+01
2957 -3.90000e+01
3123 -3.80000e+01
3531 -3.70000e+01
3591 -3.60000e+01
3710 -3.50000e+01
3937 -3.40000e+01
4001 -3.30000e+01
4581 -3.20000e+01
4679 -3.10000e+01
4814 -3.00000e+01
4945 -2.90000e+01
5054 -2.80000e+01
5088 -2.70000e+01
5126 -2.60000e+01
5237 -2.50000e+01
5239 -2.40000e+01
5265 -2.30000e+01
5478 -2.20000e+01
5862 -2.10000e+01
5867 -2.00000e+01
5913 -1.90000e+01
6100 -1.80000e+01
6169 -1.70000e+01
6756 -1.60000e+01
6988 -1.50000e+01
7420 -1.40000e+01
7822 -1.30000e+01
8589 -1.20000e+01
8711 -1.10000e+01
8734 -1.00000e+01
8884 -9.00000e+00
8971 -8.00000e+00
9089 -7.00000e+00
9526 -6.00000e+00
9853 -5.00000e+00
9991 -5.00000e+00
"function evaluation" "best-so-far f(x)"
1 -6.60000e+01
22 -6.50000e+01
60 -6.40000e+01
103 -6.30000e+01
187 -6.20000e+01
261 -6.10000e+01
306 -6.00000e+01
325 -5.90000e+01
431 -5.80000e+01
544 -5.70000e+01
694 -5.60000e+01
795 -5.50000e+01
893 -5.40000e+01
925 -5.30000e+01
960 -5.20000e+01
1014 -5.10000e+01
1255 -5.00000e+01
1300 -4.90000e+01
1315 -4.80000e+01
1696 -4.70000e+01
1750 -4.60000e+01
1757 -4.50000e+01
1770 -4.40000e+01
2169 -4.30000e+01
2239 -4.20000e+01
2302 -4.10000e+01
2309 -4.00000e+01
2421 -3.90000e+01
2514 -3.80000e+01
2811 -3.70000e+01
2814 -3.60000e+01
2850 -3.50000e+01
2979 -3.40000e+01
3027 -3.30000e+01
3267 -3.20000e+01
3292 -3.10000e+01
3339 -3.00000e+01
3667 -2.90000e+01
3929 -2.80000e+01
4283 -2.70000e+01
4549 -2.60000e+01
4844 -2.50000e+01
5104 -2.40000e+01
5185 -2.30000e+01
5464 -2.20000e+01
5485 -2.10000e+01
5661 -2.00000e+01
5793 -1.90000e+01
6046 -1.80000e+01
6073 -1.70000e+01
6379 -1.60000e+01
6989 -1.50000e+01
7369 -1.40000e+01
7575 -1.30000e+01
7682 -1.20000e+01
9058 -1.10000e+01
9096 -1.00000e+01
9165 -9.00000e+00
9256 -8.00000e+00
9323 -7.00000e+00
9512 -6.00000e+00
9699 -5.00000e+00
9821 -4.00000e+00
9991 -4.00000e+00
"function evaluation" "best-so-far f(x)"
1 -6.60000e+01
55 -6.50000e+01
83 -6.40000e+01
165 -6.30000e+01
180 -6.20000e+01
270 -6.10000e+01
335 -6.00000e+01
474 -5.90000e+01
488 -5.80000e+01
577 -5.70000e+01
697 -5.60000e+01
788 -5.50000e+01
962 -5.40000e+01
1033 -5.30000e+01
1234 -5.20000e+01
1285 -5.10000e+01
1299 -5.00000e+01
1312 -4.90000e+01
1373 -4.80000e+01
1413 -4.70000e+01
1538 -4.60000e+01
1982 -4.50000e+01
2111 -4.40000e+01
2115 -4.20000e+01
2350 -4.10000e+01
2530 -4.00000e+01
2802 -3.90000e+01
2885 -3.80000e+01
2933 -3.70000e+01
2970 -3.60000e+01
3245 -3.50000e+01
3278 -3.40000e+01
3546 -3.30000e+01
3654 -3.10000e+01
3766 -3.00000e+01
3836 -2.90000e+01
4036 -2.80000e+01
4120 -2.70000e+01
4160 -2.60000e+01
4413 -2.50000e+01
4462 -2.40000e+01
4667 -2.30000e+01
4700 -2.20000e+01
4916 -2.10000e+01
5332 -2.00000e+01
5335 -1.90000e+01
5417 -1.80000e+01
5547 -1.70000e+01
5654 -1.60000e+01
5696 -1.50000e+01
6168 -1.40000e+01
6196 -1.30000e+01
6559 -1.20000e+01
6960 -1.10000e+01
7248 -1.00000e+01
8150 -9.00000e+00
8828 -8.00000e+00
9559 -7.00000e+00
9571 -6.00000e+00
9991 -6.00000e+00
"function evaluation" "best-so-far f(x)"
1 -6.60000e+01
33 -6.50000e+01
151 -6.40000e+01
186 -6.30000e+01
189 -6.20000e+01
347 -6.10000e+01
360 -6.00000e+01
373 -5.90000e+01
456 -5.80000e+01
549 -5.70000e+01
699 -5.60000e+01
810 -5.50000e+01
818 -5.40000e+01
919 -5.30000e+01
923 -5.20000e+01
1035 -5.10000e+01
1100 -5.00000e+01
1123 -4.90000e+01
1223 -4.80000e+01
1430 -4.70000e+01
1698 -4.60000e+01
2050 -4.50000e+01
2407 -4.40000e+01
2615 -4.30000e+01
2700 -4.20000e+01
2896 -4.10000e+01
3052 -4.00000e+01
3286 -3.90000e+01
3561 -3.80000e+01
3787 -3.70000e+01
3825 -3.60000e+01
3857 -3.50000e+01
4009 -3.40000e+01
4273 -3.30000e+01
4301 -3.20000e+01
4652 -3.10000e+01
4703 -3.00000e+01
4982 -2.90000e+01
5194 -2.80000e+01
5216 -2.70000e+01
5233 -2.60000e+01
5315 -2.40000e+01
5415 -2.30000e+01
5780 -2.20000e+01
5988 -2.10000e+01
6059 -2.00000e+01
6285 -1.90000e+01
6597 -1.80000e+01
7297 -1.70000e+01
7433 -1.60000e+01
8207 -1.50000e+01
8625 -1.40000e+01
8672 -1.30000e+01
8820 -1.20000e+01
8847 -1.10000e+01
9953 -1.00000e+01
9991 -1.00000e+01
"function evaluation" "best-so-far f(x)"
1 -6.60000e+01
2 -6.50000e+01
22 -6.40000e+01
113 -6.30000e+01
208 -6.20000e+01
253 -6.10000e+01
386 -6.00000e+01
542 -5.90000e+01
598 -5.80000e+01
611 -5.70000e+01
612 -5.60000e+01
619 -5.50000e+01
800 -5.40000e+01
916 -5.30000e+01
934 -5.20000e+01
1214 -5.10000e+01
1339 -5.00000e+01
1391 -4.90000e+01
1405 -4.80000e+01
1524 -4.70000e+01
1541 -4.60000e+01
1620 -4.40000e+01
1774 -4.30000e+01
1777 -4.20000e+01
1842 -4.10000e+01
2297 -4.00000e+01
2636 -3.90000e+01
2898 -3.80000e+01
2916 -3.70000e+01
2968 -3.60000e+01
3091 -3.50000e+01
3294 -3.40000e+01
3883 -3.30000e+01
4004 -3.20000e+01
4248 -3.10000e+01
4608 -3.00000e+01
4683 -2.90000e+01
4817 -2.80000e+01
4934 -2.70000e+01
5074 -2.60000e+01
5268 -2.50000e+01
5517 -2.40000e+01
5736 -2.30000e+01
5768 -2.20000e+01
6045 -2.10000e+01
6396 -2.00000e+01
6639 -1.90000e+01
7386 -1.80000e+01
7634 -1.70000e+01
7773 -1.60000e+01
8254 -1.50000e+01
8277 -1.40000e+01
8399 -1.30000e+01
8523 -1.20000e+01
9147 -1.10000e+01
9954 -1.00000e+01
9991 -1.00000e+01
"function evaluation" "best-so-far f(x)"
1 -6.60000e+01
37 -6.50000e+01
96 -6.40000e+01
367 -6.30000e+01
533 -6.20000e+01
564 -6.10000e+01
644 -6.00000e+01
821 -5.90000e+01
923 -5.80000e+01
1099 -5.70000e+01
1138 -5.60000e+01
1493 -5.50000e+01
1545 -5.40000e+01
1676 -5.30000e+01
1802 -5.20000e+01
1834 -5.10000e+01
1841 -5.00000e+01
1925 -4.90000e+01
1963 -4.80000e+01
2081 -4.70000e+01
2228 -4.60000e+01
2453 -4.40000e+01
2477 -4.20000e+01
2597 -4.10000e+01
2668 -4.00000e+01
3414 -3.90000e+01
3532 -3.80000e+01
3657 -3.70000e+01
3766 -3.60000e+01
3776 -3.50000e+01
3933 -3.40000e+01
4020 -3.30000e+01
4049 -3.20000e+01
4355 -3.10000e+01
4444 -3.00000e+01
4742 -2.90000e+01
4869 -2.80000e+01
5094 -2.70000e+01
5392 -2.60000e+01
5902 -2.50000e+01
5945 -2.40000e+01
5964 -2.30000e+01
6264 -2.20000e+01
6797 -2.10000e+01
6849 -2.00000e+01
6882 -1.90000e+01
7181 -1.80000e+01
8071 -1.70000e+01
8717 -1.60000e+01
8836 -1.50000e+01
9276 -1.40000e+01
9343 -1.30000e+01
9617 -1.20000e+01
9692 -1.10000e+01
9753 -1.00000e+01
9991 -1.00000e+01
"function evaluation" "best-so-far f(x)"
1 -6.60000e+01
19 -6.50000e+01
38 -6.40000e+01
145 -6.30000e+01
215 -6.10000e+01
232 -6.00000e+01
373 -5.90000e+01
396 -5.80000e+01
432 -5.70000e+01
564 -5.60000e+01
677 -5.50000e+01
681 -5.40000e+01
723 -5.30000e+01
747 -5.20000e+01
831 -5.10000e+01
894 -5.00000e+01
928 -4.90000e+01
941 -4.80000e+01
966 -4.70000e+01
1024 -4.60000e+01
1339 -4.40000e+01
1478 -4.30000e+01
1482 -4.20000e+01
1576 -4.10000e+01
1702 -4.00000e+01
1920 -3.90000e+01
2252 -3.80000e+01
2294 -3.70000e+01
2371 -3.60000e+01
2434 -3.50000e+01
2513 -3.40000e+01
2611 -3.30000e+01
2629 -3.20000e+01
2716 -3.10000e+01
2764 -3.00000e+01
3060 -2.90000e+01
3154 -2.80000e+01
3173 -2.70000e+01
3448 -2.60000e+01
3621 -2.50000e+01
3956 -2.40000e+01
4650 -2.30000e+01
4670 -2.20000e+01
4967 -2.10000e+01
5049 -2.00000e+01
5352 -1.90000e+01
5395 -1.80000e+01
6011 -1.70000e+01
6316 -1.60000e+01
6426 -1.50000e+01
7440 -1.40000e+01
7470 -1.30000e+01
7528 -1.20000e+01
7880 -1.10000e+01
7921 -1.00000e+01
8872 -9.00000e+00
9328 -8.00000e+00
9387 -7.00000e+00
9417 -6.00000e+00
9494 -5.00000e+00
9698 -4.00000e+00
9713 -3.00000e+00
9934 -2.00000e+00
9991 -2.00000e+00
"function evaluation" "best-so-far f(x)"
1 -6.60000e+01
7 -6.50000e+01
45 -6.40000e+01
88 -6.30000e+01
107 -6.20000e+01
244 -6.10000e+01
292 -6.00000e+01
320 -5.90000e+01
450 -5.80000e+01
460 -5.70000e+01
574 -5.60000e+01
891 -5.50000e+01
1061 -5.40000e+01
1153 -5.20000e+01
1177 -5.10000e+01
1285 -5.00000e+01
1578 -4.90000e+01
1658 -4.80000e+01
1888 -4.70000e+01
2065 -4.60000e+01
2081 -4.50000e+01
2171 -4.40000e+01
2453 -4.30000e+01
2770 -4.20000e+01
2831 -4.10000e+01
2965 -3.90000e+01
3019 -3.80000e+01
3306 -3.70000e+01
3461 -3.60000e+01
3681 -3.50000e+01
3875 -3.40000e+01
3906 -3.30000e+01
3913 -3.20000e+01
3953 -3.10000e+01
4161 -2.90000e+01
4270 -2.80000e+01
4470 -2.70000e+01
4606 -2.60000e+01
4616 -2.50000e+01
4754 -2.40000e+01
4917 -2.30000e+01
4973 -2.20000e+01
5084 -2.10000e+01
5191 -2.00000e+01
5223 -1.90000e+01
5228 -1.80000e+01
5345 -1.70000e+01
5872 -1.60000e+01
6228 -1.50000e+01
6231 -1.40000e+01
6526 -1.30000e+01
6553 -1.20000e+01
7392 -1.10000e+01
7662 -1.00000e+01
7759 -9.00000e+00
7829 -8.00000e+00
8328 -7.00000e+00
8835 -6.00000e+00
9616 -5.00000e+00
9847 -4.00000e+00
9991 -4.00000e+00
"function evaluation" "best-so-far f(x)"
1 -6.60000e+01
15 -6.50000e+01
34 -6.40000e+01
145 -6.30000e+01
166 -6.20000e+01
192 -6.10000e+01
208 -6.00000e+01
215 -5.90000e+01
325 -5.70000e+01
347 -5.60000e+01
356 -5.40000e+01
499 -5.30000e+01
530 -5.20000e+01
559 -5.10000e+01
590 -5.00000e+01
603 -4.90000e+01
754 -4.80000e+01
817 -4.70000e+01
1061 -4.60000e+01
1108 -4.50000e+01
1128 -4.40000e+01
1195 -4.30000e+01
1211 -4.20000e+01
1388 -4.10000e+01
1392 -4.00000e+01
1567 -3.90000e+01
1676 -3.80000e+01
1686 -3.70000e+01
1727 -3.60000e+01
1762 -3.50000e+01
1785 -3.40000e+01
1834 -3.30000e+01
2221 -3.20000e+01
2281 -3.10000e+01
2292 -3.00000e+01
2639 -2.90000e+01
2724 -2.80000e+01
3061 -2.70000e+01
3166 -2.50000e+01
3211 -2.40000e+01
3767 -2.20000e+01
3891 -2.10000e+01
4574 -2.00000e+01
4657 -1.90000e+01
4665 -1.80000e+01
4838 -1.70000e+01
4861 -1.60000e+01
5025 -1.50000e+01
5149 -1.40000e+01
5371 -1.30000e+01
5659 -1.20000e+01
5767 -1.10000e+01
6149 -1.00000e+01
6266 -9.00000e+00
6308 -8.00000e+00
6458 -7.00000e+00
6596 -6.00000e+00
6748 -5.00000e+00
7512 -4.00000e+00
7594 -3.00000e+00
8358 -2.00000e+00
9152 -1.00000e+00
9991 -1.00000e+00
"function evaluation" "best-so-far f(x)"
1 -6.60000e+01
11 -6.50000e+01
27 -6.40000e+01
88 -6.30000e+01
150 -6.10000e+01
183 -6.00000e+01
264 -5.90000e+01
395 -5.80000e+01
400 -5.70000e+01
455 -5.60000e+01
577 -5.50000e+01
719 -5.40000e+01
741 -5.30000e+01
821 -5.20000e+01
863 -5.10000e+01
888 -5.00000e+01
958 -4.90000e+01
1002 -4.80000e+01
1075 -4.70000e+01
1344 -4.60000e+01
1387 -4.50000e+01
1514 -4.40000e+01
1761 -4.30000e+01
1823 -4.20000e+01
1889 -4.10000e+01
2112 -4.00000e+01
2135 -3.90000e+01
2247 -3.80000e+01
2328 -3.70000e+01
2426 -3.60000e+01
2921 -3.50000e+01
3133 -3.40000e+01
3510 -3.30000e+01
3597 -3.20000e+01
3622 -3.10000e+01
3891 -3.00000e+01
4501 -2.90000e+01
4578 -2.80000e+01
4705 -2.70000e+01
4957 -2.60000e+01
4972 -2.50000e+01
5026 -2.40000e+01
5386 -2.30000e+01
5426 -2.20000e+01
6075 -2.10000e+01
6220 -2.00000e+01
6281 -1.90000e+01
6356 -1.80000e+01
6420 -1.70000e+01
6538 -1.60000e+01
6558 -1.50000e+01
7185 -1.40000e+01
7339 -1.30000e+01
7738 -1.20000e+01
7898 -1.10000e+01
7961 -1.00000e+01
7963 -9.00000e+00
8689 -8.00000e+00
8872 -7.00000e+00
9521 -6.00000e+00
9545 -5.00000e+00
9648 -4.00000e+00
9991 -4.00000e+00
"function evaluation" "best-so-far f(x)"
1 -6.60000e+01
21 -6.50000e+01
116 -6.40000e+01
202 -6.30000e+01
257 -6.20000e+01
312 -6.10000e+01
341 -6.00000e+01
502 -5.90000e+01
514 -5.80000e+01
709 -5.70000e+01
803 -5.60000e+01
907 -5.50000e+01
1006 -5.40000e+01
1095 -5.30000e+01
1098 -5.20000e+01
1197 -5.10000e+01
1286 -5.00000e+01
1353 -4.90000e+01
1452 -4.80000e+01
1459 -4.70000e+01
1657 -4.60000e+01
1744 -4.50000e+01
1819 -4.40000e+01
1836 -4.30000e+01
1845 -4.20000e+01
1947 -4.10000e+01
1966 -4.00000e+01
2009 -3.90000e+01
2249 -3.80000e+01
2383 -3.70000e+01
2531 -3.60000e+01
2547 -3.50000e+01
2556 -3.40000e+01
2926 -3.30000e+01
2974 -3.20000e+01
3104 -3.10000e+01
3126 -3.00000e+01
3228 -2.90000e+01
3274 -2.80000e+01
3291 -2.70000e+01
3329 -2.60000e+01
3764 -2.50000e+01
3786 -2.40000e+01
3800 -2.30000e+01
3854 -2.20000e+01
3868 -2.10000e+01
5346 -2.00000e+01
5645 -1.90000e+01
5916 -1.80000e+01
6467 -1.70000e+01
6490 -1.60000e+01
6542 -1.50000e+01
6957 -1.40000e+01
7313 -1.30000e+01
7676 -1.20000e+01
8068 -1.10000e+01
8225 -1.00000e+01
8240 -9.00000e+00
8460 -8.00000e+00
8659 -7.00000e+00
9175 -6.00000e+00
9444 -5.00000e+00
9894 -4.00000e+00
9991 -4.00000e+00
"function evaluation" "best-so-far f(x)"
1 -6.60000e+01
33 -6.50000e+01
94 -6.40000e+01
285 -6.30000e+01
338 -6.20000e+01
428 -6.00000e+01
434 -5.90000e+01
437 -5.80000e+01
933 -5.70000e+01
960 -5.50000e+01
967 -5.40000e+01
1056 -5.30000e+01
1089 -5.20000e+01
1228 -5.10000e+01
1300 -5.00000e+01
1433 -4.90000e+01
1497 -4.80000e+01
1517 -4.70000e+01
1535 -4.60000e+01
1539 -4.50000e+01
1549 -4.40000e+01
1585 -4.30000e+01
1822 -4.20000e+01
1949 -4.10000e+01
2029 -4.00000e+01
2144 -3.90000e+01
2169 -3.80000e+01
2874 -3.70000e+01
3084 -3.60000e+01
3257 -3.50000e+01
3399 -3.40000e+01
3443 -3.30000e+01
3499 -3.20000e+01
3684 -3.00000e+01
3698 -2.90000e+01
3836 -2.80000e+01
3931 -2.70000e+01
4055 -2.60000e+01
4126 -2.50000e+01
4262 -2.40000e+01
4289 -2.30000e+01
4496 -2.20000e+01
4883 -2.10000e+01
4921 -2.00000e+01
5356 -1.90000e+01
5477 -1.80000e+01
6880 -1.70000e+01
6978 -1.60000e+01
7078 -1.50000e+01
8095 -1.30000e+01
8101 -1.20000e+01
8397 -1.10000e+01
8491 -1.00000e+01
8775 -9.00000e+00
9166 -8.00000e+00
9586 -7.00000e+00
9762 -6.00000e+00
9977 -5.00000e+00
9991 -5.00000e+00
"function evaluation" "best-so-far f(x)"
1 -6.60000e+01
10 -6.50000e+01
41 -6.40000e+01
198 -6.20000e+01
261 -6.10000e+01
272 -5.90000e+01
360 -5.80000e+01
399 -5.70000e+01
523 -5.60000e+01
564 -5.50000e+01
608 -5.40000e+01
618 -5.30000e+01
882 -5.20000e+01
1118 -5.10000e+01
1240 -5.00000e+01
1345 -4.90000e+01
1395 -4.80000e+01
1899 -4.70000e+01
2446 -4.60000e+01
2628 -4.50000e+01
2656 -4.40000e+01
2685 -4.30000e+01
2735 -4.20000e+01
2914 -4.00000e+01
2942 -3.90000e+01
2988 -3.80000e+01
3046 -3.70000e+01
3056 -3.60000e+01
3078 -3.50000e+01
3116 -3.40000e+01
3266 -3.30000e+01
3645 -3.20000e+01
3775 -3.10000e+01
3834 -3.00000e+01
3910 -2.90000e+01
4093 -2.80000e+01
4186 -2.70000e+01
4220 -2.60000e+01
4665 -2.50000e+01
4878 -2.40000e+01
4932 -2.30000e+01
5367 -2.20000e+01
5836 -2.10000e+01
5874 -2.00000e+01
5950 -1.90000e+01
5956 -1.80000e+01
6013 -1.70000e+01
6051 -1.60000e+01
6165 -1.50000e+01
6415 -1.40000e+01
6460 -1.30000e+01
6481 -1.20000e+01
6614 -1.10000e+01
6665 -1.00000e+01
8266 -9.00000e+00
8751 -8.00000e+00
8800 -7.00000e+00
9004 -6.00000e+00
9139 -5.00000e+00
9183 -4.00000e+00
9395 -3.00000e+00
9443 -2.00000e+00
9657 -1.00000e+00
9991 -1.00000e+00
"function evaluation" "best-so-far f(x)"
1 -6.60000e+01
9 -6.50000e+01
147 -6.40000e+01
227 -6.30000e+01
403 -6.20000e+01
463 -6.10000e+01
467 -6.00000e+01
486 -5.90000e+01
599 -5.80000e+01
641 -5.70000e+01
682 -5.60000e+01
716 -5.50000e+01
811 -5.40000e+01
899 -5.30000e+01
923 -5.20000e+01
924 -5.10000e+01
990 -5.00000e+01
1052 -4.90000e+01
1273 -4.80000e+01
1361 -4.60000e+01
1447 -4.50000e+01
1816 -4.40000e+01
1960 -4.30000e+01
1974 -4.20000e+01
2245 -4.10000e+01
2276 -4.00000e+01
2424 -3.90000e+01
2610 -3.80000e+01
2634 -3.70000e+01
2697 -3.60000e+01
2896 -3.50000e+01
2897 -3.40000e+01
2919 -3.30000e+01
3201 -3.20000e+01
3529 -3.10000e+01
3577 -3.00000e+01
3904 -2.90000e+01
4086 -2.80000e+01
4520 -2.70000e+01
5138 -2.60000e+01
5343 -2.50000e+01
5383 -2.40000e+01
5649 -2.30000e+01
5812 -2.20000e+01
5990 -2.10000e+01
6447 -2.00000e+01
6474 -1.90000e+01
6998 -1.80000e+01
7117 -1.60000e+01
7358 -1.50000e+01
7938 -1.40000e+01
8029 -1.30000e+01
8216 -1.20000e+01
8295 -1.10000e+01
9071 -1.00000e+01
9212 -9.00000e+00
9488 -8.00000e+00
9567 -7.00000e+00
9798 -6.00000e+00
9925 -5.00000e+00
9991 -5.00000e+00
"function evaluation" "best-so-far f(x)"
1 -6.60000e+01
33 -6.50000e+01
89 -6.40000e+01
109 -6.30000e+01
135 -6.20000e+01
186 -6.10000e+01
218 -6.00000e+01
240 -5.80000e+01
244 -5.70000e+01
260 -5.60000e+01
305 -5.50000e+01
473 -5.40000e+01
539 -5.30000e+01
552 -5.20000e+01
588 -5.10000e+01
776 -5.00000e+01
821 -4.90000e+01
901 -4.80000e+01
926 -4.70000e+01
1057 -4.50000e+01
1152 -4.40000e+01
1155 -4.30000e+01
1212 -4.20000e+01
1395 -4.00000e+01
1555 -3.90000e+01
1562 -3.80000e+01
1769 -3.70000e+01
1862 -3.60000e+01
1874 -3.50000e+01
1972 -3.40000e+01
2074 -3.30000e+01
2482 -3.20000e+01
2500 -3.10000e+01
2664 -3.00000e+01
2828 -2.90000e+01
2922 -2.80000e+01
3069 -2.70000e+01
3282 -2.60000e+01
3709 -2.50000e+01
3714 -2.40000e+01
3746 -2.30000e+01
3851 -2.20000e+01
3892 -2.10000e+01
3915 -2.00000e+01
4305 -1.90000e+01
4387 -1.80000e+01
4761 -1.70000e+01
5354 -1.60000e+01
5438 -1.50000e+01
5546 -1.40000e+01
5751 -1.30000e+01
5944 -1.20000e+01
6331 -1.10000e+01
6672 -1.00000e+01
7331 -9.00000e+00
7377 -8.00000e+00
7821 -7.00000e+00
8531 -6.00000e+00
8773 -5.00000e+00
9205 -4.00000e+00
9796 -3.00000e+00
9827 -2.00000e+00
9991 -2.00000e+00
"function evaluation" "best-so-far f(x)"
1 -6.60000e+01
37 -6.50000e+01
134 -6.40000e+01
270 -6.20000e+01
279 -6.10000e+01
395 -6.00000e+01
403 -5.90000e+01
466 -5.80000e+01
528 -5.70000e+01
569 -5.60000e+01
616 -5.50000e+01
774 -5.40000e+01
793 -5.30000e+01
838 -5.20000e+01
902 -5.10000e+01
1048 -5.00000e+01
1087 -4.90000e+01
1497 -4.70000e+01
1569 -4.60000e+01
1718 -4.50000e+01
1727 -4.40000e+01
1897 -4.30000e+01
1916 -4.20000e+01
2009 -4.10000e+01
2049 -3.90000e+01
2252 -3.80000e+01
2371 -3.70000e+01
2464 -3.60000e+01
2931 -3.50000e+01
3011 -3.40000e+01
3109 -3.30000e+01
4040 -3.20000e+01
4060 -3.10000e+01
4417 -3.00000e+01
4897 -2.90000e+01
5044 -2.80000e+01
5532 -2.60000e+01
5741 -2.50000e+01
5778 -2.40000e+01
6050 -2.30000e+01
6161 -2.20000e+01
6246 -2.10000e+01
6299 -2.00000e+01
6476 -1.90000e+01
6701 -1.70000e+01
6808 -1.60000e+01
6854 -1.50000e+01
6927 -1.40000e+01
6961 -1.20000e+01
7316 -1.00000e+01
7849 -9.00000e+00
8078 -8.00000e+00
8836 -7.00000e+00
8982 -6.00000e+00
9511 -5.00000e+00
9536 -4.00000e+00
9785 -3.00000e+00
9991 -3.00000e+00
"function evaluation" "best-so-far f(x)"
1 -6.60000e+01
14 -6.50000e+01
26 -6.40000e+01
70 -6.30000e+01
117 -6.20000e+01
171 -6.10000e+01
213 -6.00000e+01
315 -5.90000e+01
405 -5.80000e+01
549 -5.70000e+01
585 -5.60000e+01
641 -5.50000e+01
1001 -5.40000e+01
1002 -5.30000e+01
1022 -5.20000e+01
1165 -5.10000e+01
1213 -5.00000e+01
1271 -4.90000e+01
1313 -4.80000e+01
1412 -4.70000e+01
1516 -4.60000e+01
1577 -4.50000e+01
1587 -4.40000e+01
1620 -4.30000e+01
1623 -4.20000e+01
1649 -4.10000e+01
1715 -4.00000e+01
1871 -3.90000e+01
2107 -3.80000e+01
2148 -3.70000e+01
2332 -3.60000e+01
2425 -3.50000e+01
2603 -3.40000e+01
2627 -3.30000e+01
2703 -3.20000e+01
3019 -3.10000e+01
3206 -3.00000e+01
3245 -2.90000e+01
3286 -2.80000e+01
3661 -2.70000e+01
3899 -2.60000e+01
3926 -2.50000e+01
4006 -2.40000e+01
4261 -2.30000e+01
4632 -2.20000e+01
5020 -2.10000e+01
5040 -2.00000e+01
5236 -1.90000e+01
5479 -1.80000e+01
5700 -1.70000e+01
5788 -1.60000e+01
6117 -1.50000e+01
6225 -1.40000e+01
6240 -1.30000e+01
6373 -1.20000e+01
6409 -1.10000e+01
6484 -1.00000e+01
6515 -9.00000e+00
7093 -8.00000e+00
7279 -7.00000e+00
7310 -6.00000e+00
7659 -5.00000e+00
7767 -4.00000e+00
8673 -3.00000e+00
8700 -2.00000e+00
9351 -1.00000e+00
9991 -1.00000e+00
"function evaluation" "best-so-far f(x)"
1 -6.60000e+01
7 -6.50000e+01
23 -6.30000e+01
28 -6.20000e+01
53 -6.10000e+01
122 -6.00000e+01
205 -5.80000e+01
234 -5.70000e+01
411 -5.60000e+01
432 -5.50000e+01
473 -5.40000e+01
505 -5.30000e+01
519 -5.20000e+01
550 -5.10000e+01
674 -5.00000e+01
694 -4.90000e+01
711 -4.80000e+01
880 -4.70000e+01
899 -4.60000e+01
1284 -4.50000e+01
1406 -4.40000e+01
1488 -4.30000e+01
1553 -4.20000e+01
1674 -4.00000e+01
1767 -3.90000e+01
1879 -3.80000e+01
2037 -3.70000e+01
2073 -3.60000e+01
2200 -3.50000e+01
2345 -3.40000e+01
2407 -3.30000e+01
2481 -3.20000e+01
2567 -3.10000e+01
2755 -3.00000e+01
2848 -2.90000e+01
2896 -2.80000e+01
3113 -2.70000e+01
3260 -2.60000e+01
3417 -2.50000e+01
3429 -2.40000e+01
3432 -2.30000e+01
3652 -2.20000e+01
3711 -2.10000e+01
3861 -2.00000e+01
3879 -1.90000e+01
4129 -1.80000e+01
4285 -1.70000e+01
4499 -1.60000e+01
4771 -1.50000e+01
4794 -1.40000e+01
5383 -1.30000e+01
5755 -1.20000e+01
6121 -1.10000e+01
6170 -1.00000e+01
6680 -9.00000e+00
7518 -8.00000e+00
7780 -7.00000e+00
8045 -6.00000e+00
8063 -5.00000e+00
8136 -4.00000e+00
8359 -3.00000e+00
8842 -2.00000e+00
8848 -1.00000e+00
9991 -1.00000e+00
"function evaluation" "best-so-far f(x)"
1 -6.60000e+01
17 -6.50000e+01
228 -6.40000e+01
240 -6.30000e+01
251 -6.20000e+01
382 -6.10000e+01
394 -6.00000e+01
423 -5.90000e+01
491 -5.80000e+01
554 -5.70000e+01
571 -5.60000e+01
745 -5.50000e+01
749 -5.40000e+01
802 -5.30000e+01
837 -5.20000e+01
861 -5.10000e+01
867 -5.00000e+01
1125 -4.90000e+01
1305 -4.80000e+01
1399 -4.70000e+01
1569 -4.60000e+01
1755 -4.50000e+01
1777 -4.40000e+01
1799 -4.30000e+01
1985 -4.20000e+01
2174 -4.10000e+01
2399 -4.00000e+01
2883 -3.90000e+01
3328 -3.80000e+01
3531 -3.70000e+01
3592 -3.60000e+01
3633 -3.50000e+01
3738 -3.40000e+01
3826 -3.30000e+01
3911 -3.20000e+01
4003 -3.10000e+01
4025 -3.00000e+01
4061 -2.90000e+01
4148 -2.80000e+01
4496 -2.70000e+01
4670 -2.60000e+01
4897 -2.50000e+01
5049 -2.40000e+01
5277 -2.30000e+01
5320 -2.20000e+01
5347 -2.10000e+01
5441 -2.00000e+01
5866 -1.90000e+01
6716 -1.80000e+01
6789 -1.70000e+01
7413 -1.60000e+01
7768 -1.50000e+01
7970 -1.40000e+01
8197 -1.30000e+01
8263 -1.20000e+01
8469 -1.10000e+01
8513 -1.00000e+01
8670 -9.00000e+00
9653 -8.00000e+00
9991 -8.00000e+00
"function evaluation" "best-so-far f(x)"
1 -6.60000e+01
9 -6.50000e+01
64 -6.40000e+01
148 -6.30000e+01
230 -6.20000e+01
254 -6.10000e+01
291 -6.00000e+01
314 -5.90000e+01
419 -5.80000e+01
661 -5.70000e+01
684 -5.60000e+01
791 -5.50000e+01
860 -5.40000e+01
932 -5.20000e+01
951 -5.10000e+01
969 -5.00000e+01
981 -4.90000e+01
995 -4.80000e+01
1108 -4.70000e+01
1380 -4.60000e+01
1415 -4.50000e+01
1469 -4.40000e+01
1832 -4.20000e+01
1912 -4.10000e+01
2030 -4.00000e+01
2101 -3.80000e+01
2121 -3.70000e+01
2137 -3.60000e+01
2208 -3.50000e+01
2242 -3.40000e+01
2387 -3.30000e+01
2494 -3.20000e+01
2681 -3.10000e+01
2703 -3.00000e+01
3050 -2.90000e+01
3067 -2.80000e+01
3105 -2.70000e+01
3252 -2.60000e+01
3501 -2.50000e+01
3583 -2.40000e+01
3630 -2.30000e+01
4558 -2.20000e+01
4596 -2.10000e+01
5090 -2.00000e+01
5256 -1.90000e+01
5392 -1.80000e+01
5410 -1.70000e+01
5603 -1.60000e+01
6002 -1.50000e+01
6012 -1.40000e+01
6175 -1.30000e+01
6526 -1.20000e+01
7319 -1.10000e+01
7408 -1.00000e+01
8734 -9.00000e+00
8879 -8.00000e+00
9262 -7.00000e+00
9683 -6.00000e+00
9991 -6.00000e+00
"function evaluation" "best-so-far f(x)"
1 -6.60000e+01
12 -6.50000e+01
30 -6.40000e+01
42 -6.30000e+01
87 -6.20000e+01
205 -6.10000e+01
265 -6.00000e+01
271 -5.90000e+01
363 -5.80000e+01
520 -5.70000e+01
543 -5.60000e+01
680 -5.50000e+01
708 -5.40000e+01
1031 -5.30000e+01
1107 -5.20000e+01
1110 -5.10000e+01
1173 -5.00000e+01
1180 -4.90000e+01
1208 -4.80000e+01
1238 -4.70000e+01
1344 -4.60000e+01
1690 -4.50000e+01
1713 -4.40000e+01
1755 -4.30000e+01
1813 -4.20000e+01
1855 -4.10000e+01
2270 -4.00000e+01
2318 -3.90000e+01
2405 -3.80000e+01
2609 -3.70000e+01
2789 -3.60000e+01
2792 -3.50000e+01
2798 -3.40000e+01
2809 -3.30000e+01
2825 -3.20000e+01
3085 -3.10000e+01
3291 -3.00000e+01
3806 -2.80000e+01
3819 -2.70000e+01
3850 -2.60000e+01
3933 -2.50000e+01
4320 -2.40000e+01
4562 -2.30000e+01
4648 -2.20000e+01
4804 -2.10000e+01
5053 -2.00000e+01
5374 -1.90000e+01
5408 -1.80000e+01
5489 -1.70000e+01
6098 -1.60000e+01
6395 -1.50000e+01
6479 -1.40000e+01
6687 -1.30000e+01
7320 -1.20000e+01
8709 -1.10000e+01
9230 -1.00000e+01
9299 -9.00000e+00
9991 -9.00000e+00
"function evaluation" "best-so-far f(x)"
1 -6.60000e+01
15 -6.30000e+01
50 -6.20000e+01
60 -6.10000e+01
111 -6.00000e+01
138 -5.90000e+01
285 -5.80000e+01
433 -5.60000e+01
625 -5.50000e+01
761 -5.40000e+01
809 -5.30000e+01
882 -5.20000e+01
915 -5.10000e+01
1044 -5.00000e+01
1051 -4.90000e+01
1215 -4.80000e+01
1362 -4.70000e+01
1769 -4.60000e+01
1777 -4.50000e+01
1781 -4.40000e+01
1810 -4.30000e+01
1860 -4.20000e+01
1910 -4.10000e+01
1919 -4.00000e+01
1988 -3.90000e+01
2101 -3.80000e+01
2420 -3.70000e+01
2637 -3.60000e+01
2672 -3.50000e+01
2715 -3.40000e+01
2747 -3.30000e+01
2767 -3.20000e+01
3081 -3.10000e+01
3116 -3.00000e+01
3190 -2.80000e+01
3403 -2.70000e+01
4035 -2.60000e+01
4038 -2.50000e+01
4161 -2.40000e+01
4205 -2.30000e+01
4305 -2.20000e+01
4382 -2.10000e+01
4685 -2.00000e+01
4798 -1.90000e+01
5051 -1.80000e+01
5139 -1.70000e+01
5340 -1.60000e+01
5559 -1.50000e+01
5726 -1.40000e+01
6075 -1.30000e+01
7023 -1.20000e+01
7670 -1.10000e+01
7920 -1.00000e+01
8378 -9.00000e+00
8581 -8.00000e+00
8787 -7.00000e+00
9510 -6.00000e+00
9574 -5.00000e+00
9876 -4.00000e+00
9925 -3.00000e+00
9991 -3.00000e+00
"function evaluation" "best-so-far f(x)"
1 -6.60000e+01
6 -6.50000e+01
56 -6.40000e+01
158 -6.30000e+01
226 -6.20000e+01
290 -6.10000e+01
300 -6.00000e+01
374 -5.90000e+01
389 -5.80000e+01
418 -5.70000e+01
508 -5.60000e+01
635 -5.50000e+01
761 -5.40000e+01
783 -5.30000e+01
888 -5.20000e+01
911 -5.10000e+01
951 -5.00000e+01
976 -4.90000e+01
989 -4.80000e+01
1012 -4.70000e+01
1055 -4.60000e+01
1147 -4.50000e+01
1411 -4.40000e+01
1458 -4.30000e+01
1628 -4.20000e+01
1716 -4.10000e+01
1743 -4.00000e+01
1809 -3.90000e+01
1894 -3.80000e+01
1964 -3.70000e+01
2018 -3.60000e+01
2159 -3.50000e+01
2407 -3.40000e+01
2420 -3.30000e+01
2879 -3.20000e+01
2891 -3.10000e+01
2995 -3.00000e+01
3161 -2.90000e+01
3316 -2.80000e+01
3405 -2.70000e+01
3496 -2.60000e+01
3618 -2.40000e+01
3996 -2.30000e+01
4041 -2.20000e+01
4176 -2.10000e+01
4262 -2.00000e+01
4358 -1.90000e+01
4601 -1.80000e+01
4843 -1.70000e+01
5037 -1.60000e+01
5251 -1.50000e+01
5552 -1.40000e+01
5556 -1.30000e+01
5577 -1.20000e+01
5832 -1.10000e+01
6528 -1.00000e+01
7530 -9.00000e+00
8031 -8.00000e+00
8934 -7.00000e+00
9059 -6.00000e+00
9081 -5.00000e+00
9599 -4.00000e+00
9653 -3.00000e+00
9991 -3.00000e+00
"function evaluation" "best-so-far f(x)"
1 -6.60000e+01
11 -6.50000e+01
17 -6.40000e+01
61 -6.30000e+01
132 -6.20000e+01
192 -6.10000e+01
202 -6.00000e+01
283 -5.90000e+01
311 -5.80000e+01
335 -5.70000e+01
365 -5.60000e+01
521 -5.50000e+01
741 -5.40000e+01
952 -5.30000e+01
1135 -5.20000e+01
1279 -5.10000e+01
1464 -5.00000e+01
1482 -4.90000e+01
1549 -4.80000e+01
1593 -4.70000e+01
1610 -4.60000e+01
1927 -4.50000e+01
1965 -4.40000e+01
1998 -4.30000e+01
2052 -4.20000e+01
2068 -4.10000e+01
2278 -4.00000e+01
2405 -3.90000e+01
2574 -3.80000e+01
2648 -3.70000e+01
2717 -3.60000e+01
2774 -3.50000e+01
2831 -3.40000e+01
2998 -3.30000e+01
3158 -3.20000e+01
3363 -3.10000e+01
3604 -3.00000e+01
4061 -2.90000e+01
4264 -2.80000e+01
4320 -2.70000e+01
4640 -2.60000e+01
4648 -2.50000e+01
5101 -2.40000e+01
5428 -2.30000e+01
6013 -2.20000e+01
6745 -2.10000e+01
6858 -2.00000e+01
6866 -1.90000e+01
7407 -1.80000e+01
7674 -1.70000e+01
8057 -1.60000e+01
8137 -1.50000e+01
8293 -1.40000e+01
8442 -1.30000e+01
8514 -1.20000e+01
8774 -1.10000e+01
8932 -1.00000e+01
9202 -9.00000e+00
9357 -8.00000e+00
9386 -7.00000e+00
9777 -6.00000e+00
9991 -6.00000e+00
