"function evaluation" "best-so-far f(x)"
1 -6.60000e+01
10 -6.50000e+01
146 -6.40000e+01
207 -6.30000e+01
232 -6.20000e+01
315 -6.10000e+01
412 -6.00000e+01
461 -5.90000e+01
612 -5.80000e+01
644 -5.70000e+01
794 -5.60000e+01
823 -5.50000e+01
849 -5.40000e+01
879 -5.30000e+01
921 -5.20000e+01
932 -5.10000e+01
974 -5.00000e+01
978 -4.90000e+01
1099 -4.80000e+01
1122 -4.60000e+01
1173 -4.50000e+01
1358 -4.40000e+01
1411 -4.30000e+01
1505 -4.10000e+01
1567 -4.00000e+01
1659 -3.90000e+01
1724 -3.80000e+01
1823 -3.70000e+01
1876 -3.60000e+01
1955 -3.50000e+01
2126 -3.40000e+01
2163 -3.30000e+01
2178 -3.20000e+01
2206 -3.10000e+01
2249 -3.00000e+01
2270 -2.90000e+01
2323 -2.80000e+01
2575 -2.70000e+01
2925 -2.60000e+01
2990 -2.50000e+01
3077 -2.40000e+01
3139 -2.30000e+01
3277 -2.20000e+01
3300 -2.10000e+01
3335 -2.00000e+01
3504 -1.90000e+01
3891 -1.80000e+01
4214 -1.70000e+01
4830 -1.60000e+01
4983 -1.50000e+01
5088 -1.40000e+01
5109 -1.30000e+01
5268 -1.20000e+01
5287 -1.10000e+01
5348 -1.00000e+01
5590 -9.00000e+00
5613 -8.00000e+00
5639 -7.00000e+00
5791 -6.00000e+00
5970 -5.00000e+00
6076 -4.00000e+00
6170 -3.00000e+00
6192 -2.00000e+00
6214 -1.00000e+00
6855 +6.08000e+02
7619 +6.15000e+02
8016 +6.19000e+02
8088 +6.31000e+02
8207 +6.40000e+02
8523 +6.41000e+02
8655 +6.44000e+02
8982 +6.46000e+02
9981 +6.46000e+02
"function evaluation" "best-so-far f(x)"
1 -6.60000e+01
26 -6.50000e+01
60 -6.40000e+01
110 -6.30000e+01
142 -6.20000e+01
151 -6.10000e+01
217 -6.00000e+01
297 -5.90000e+01
381 -5.80000e+01
463 -5.70000e+01
524 -5.60000e+01
610 -5.50000e+01
665 -5.40000e+01
674 -5.30000e+01
695 -5.20000e+01
823 -5.10000e+01
881 -5.00000e+01
982 -4.90000e+01
1123 -4.80000e+01
1211 -4.70000e+01
1281 -4.60000e+01
1379 -4.50000e+01
1458 -4.40000e+01
1517 -4.30000e+01
1552 -4.20000e+01
1753 -4.10000e+01
1813 -4.00000e+01
1831 -3.90000e+01
1847 -3.80000e+01
1923 -3.70000e+01
1992 -3.60000e+01
2061 -3.50000e+01
2131 -3.40000e+01
2238 -3.30000e+01
2319 -3.20000e+01
2452 -3.10000e+01
2473 -3.00000e+01
2621 -2.90000e+01
2842 -2.80000e+01
2947 -2.70000e+01
2994 -2.60000e+01
3104 -2.50000e+01
3136 -2.40000e+01
3184 -2.30000e+01
3284 -2.20000e+01
3455 -2.10000e+01
3497 -2.00000e+01
3609 -1.90000e+01
3656 -1.80000e+01
3672 -1.70000e+01
3799 -1.60000e+01
3865 -1.50000e+01
3895 -1.40000e+01
4413 -1.30000e+01
4448 -1.20000e+01
4498 -1.10000e+01
4572 -1.00000e+01
4896 -9.00000e+00
4950 -8.00000e+00
4962 -7.00000e+00
5252 -6.00000e+00
5479 -5.00000e+00
5893 -4.00000e+00
6364 -3.00000e+00
6554 -2.00000e+00
6978 -1.00000e+00
7044 +6.09000e+02
7163 +6.10000e+02
7174 +6.18000e+02
8039 +6.23000e+02
8055 +6.26000e+02
8502 +6.38000e+02
8628 +6.43000e+02
9268 +6.49000e+02
9497 +6.55000e+02
9500 +6.59000e+02
9636 +6.62000e+02
9665 +6.66000e+02
9972 +6.68000e+02
9981 +6.68000e+02
"function evaluation" "best-so-far f(x)"
1 -6.60000e+01
69 -6.50000e+01
128 -6.40000e+01
196 -6.30000e+01
240 -6.20000e+01
344 -6.10000e+01
407 -6.00000e+01
484 -5.90000e+01
523 -5.80000e+01
564 -5.60000e+01
650 -5.50000e+01
711 -5.40000e+01
756 -5.30000e+01
888 -5.20000e+01
895 -5.10000e+01
919 -5.00000e+01
1004 -4.90000e+01
1045 -4.80000e+01
1102 -4.70000e+01
1123 -4.60000e+01
1185 -4.50000e+01
1200 -4.40000e+01
1400 -4.30000e+01
1518 -4.20000e+01
1575 -4.10000e+01
1593 -4.00000e+01
1618 -3.90000e+01
1762 -3.80000e+01
1780 -3.70000e+01
1808 -3.60000e+01
1864 -3.50000e+01
1976 -3.40000e+01
1978 -3.30000e+01
2058 -3.20000e+01
2157 -3.10000e+01
2229 -2.90000e+01
2453 -2.80000e+01
2516 -2.70000e+01
2594 -2.60000e+01
2731 -2.50000e+01
2835 -2.40000e+01
2972 -2.30000e+01
3002 -2.20000e+01
3105 -2.10000e+01
3199 -2.00000e+01
3279 -1.90000e+01
3462 -1.80000e+01
3631 -1.70000e+01
3688 -1.60000e+01
3925 -1.50000e+01
3962 -1.40000e+01
4304 -1.30000e+01
4429 -1.20000e+01
4451 -1.10000e+01
4521 -1.00000e+01
4787 -9.00000e+00
4835 -8.00000e+00
5064 -7.00000e+00
5200 -6.00000e+00
5228 -5.00000e+00
5498 -4.00000e+00
5648 -3.00000e+00
5746 -2.00000e+00
5942 -1.00000e+00
6042 +5.42000e+02
7246 +5.53000e+02
7566 +5.69000e+02
7650 +5.75000e+02
8815 +5.84000e+02
8869 +6.03000e+02
9045 +6.18000e+02
9113 +6.22000e+02
9981 +6.22000e+02
"function evaluation" "best-so-far f(x)"
1 -6.60000e+01
87 -6.50000e+01
105 -6.40000e+01
109 -6.30000e+01
261 -6.20000e+01
345 -6.10000e+01
365 -6.00000e+01
462 -5.90000e+01
472 -5.80000e+01
527 -5.60000e+01
541 -5.50000e+01
610 -5.40000e+01
613 -5.30000e+01
626 -5.20000e+01
672 -5.10000e+01
727 -5.00000e+01
951 -4.90000e+01
1100 -4.80000e+01
1179 -4.70000e+01
1228 -4.60000e+01
1370 -4.50000e+01
1683 -4.40000e+01
1710 -4.30000e+01
1742 -4.20000e+01
1746 -4.10000e+01
1803 -4.00000e+01
1901 -3.90000e+01
1925 -3.80000e+01
1992 -3.70000e+01
2103 -3.60000e+01
2273 -3.50000e+01
2320 -3.40000e+01
2332 -3.30000e+01
2363 -3.20000e+01
2466 -3.10000e+01
2607 -3.00000e+01
2630 -2.90000e+01
2671 -2.80000e+01
2745 -2.70000e+01
2759 -2.60000e+01
2834 -2.50000e+01
2843 -2.40000e+01
2966 -2.30000e+01
3136 -2.20000e+01
3337 -2.10000e+01
3512 -2.00000e+01
3621 -1.90000e+01
3769 -1.80000e+01
3797 -1.70000e+01
3835 -1.60000e+01
3989 -1.50000e+01
4022 -1.40000e+01
4208 -1.30000e+01
4279 -1.20000e+01
4599 -1.10000e+01
4663 -1.00000e+01
4680 -9.00000e+00
4826 -8.00000e+00
5007 -7.00000e+00
5051 -6.00000e+00
5281 -5.00000e+00
5575 -4.00000e+00
5681 -3.00000e+00
6112 -2.00000e+00
6348 -1.00000e+00
6381 +5.82000e+02
6736 +6.02000e+02
7023 +6.06000e+02
7327 +6.09000e+02
7863 +6.19000e+02
9981 +6.19000e+02
"function evaluation" "best-so-far f(x)"
1 -6.60000e+01
19 -6.50000e+01
48 -6.40000e+01
163 -6.30000e+01
195 -6.20000e+01
241 -6.10000e+01
375 -6.00000e+01
394 -5.90000e+01
455 -5.80000e+01
546 -5.70000e+01
590 -5.60000e+01
676 -5.50000e+01
734 -5.40000e+01
767 -5.30000e+01
834 -5.20000e+01
926 -5.10000e+01
967 -5.00000e+01
1076 -4.90000e+01
1103 -4.80000e+01
1202 -4.70000e+01
1273 -4.60000e+01
1313 -4.50000e+01
1358 -4.40000e+01
1490 -4.30000e+01
1544 -4.20000e+01
1610 -4.10000e+01
1678 -3.90000e+01
1703 -3.80000e+01
1727 -3.70000e+01
1806 -3.60000e+01
1901 -3.50000e+01
1924 -3.40000e+01
2177 -3.30000e+01
2354 -3.20000e+01
2410 -3.10000e+01
2452 -3.00000e+01
2469 -2.90000e+01
2666 -2.80000e+01
2680 -2.70000e+01
2691 -2.60000e+01
2841 -2.50000e+01
2866 -2.40000e+01
2931 -2.30000e+01
2980 -2.20000e+01
2990 -2.10000e+01
3021 -2.00000e+01
3122 -1.90000e+01
3160 -1.80000e+01
3261 -1.70000e+01
3454 -1.60000e+01
3486 -1.50000e+01
3681 -1.40000e+01
3784 -1.30000e+01
4006 -1.20000e+01
4281 -1.10000e+01
4337 -1.00000e+01
4388 -9.00000e+00
4409 -8.00000e+00
4546 -7.00000e+00
4614 -6.00000e+00
4655 -5.00000e+00
4706 -4.00000e+00
4966 -3.00000e+00
5229 -2.00000e+00
5502 -1.00000e+00
5630 +5.96000e+02
5865 +5.97000e+02
6037 +6.07000e+02
6322 +6.11000e+02
6720 +6.12000e+02
6773 +6.19000e+02
6857 +6.22000e+02
7394 +6.26000e+02
7672 +6.36000e+02
7822 +6.38000e+02
8378 +6.43000e+02
8903 +6.48000e+02
8974 +6.50000e+02
9444 +6.51000e+02
9981 +6.51000e+02
"function evaluation" "best-so-far f(x)"
1 -6.60000e+01
17 -6.50000e+01
51 -6.40000e+01
115 -6.30000e+01
162 -6.20000e+01
181 -6.10000e+01
212 -6.00000e+01
225 -5.90000e+01
287 -5.80000e+01
318 -5.70000e+01
403 -5.60000e+01
426 -5.50000e+01
429 -5.40000e+01
503 -5.30000e+01
509 -5.20000e+01
529 -5.10000e+01
546 -5.00000e+01
595 -4.90000e+01
633 -4.80000e+01
688 -4.70000e+01
774 -4.60000e+01
809 -4.50000e+01
867 -4.40000e+01
903 -4.30000e+01
970 -4.20000e+01
1144 -4.10000e+01
1263 -4.00000e+01
1291 -3.90000e+01
1400 -3.80000e+01
1429 -3.70000e+01
1513 -3.60000e+01
1517 -3.50000e+01
1634 -3.40000e+01
1753 -3.30000e+01
1785 -3.20000e+01
1978 -3.10000e+01
2296 -3.00000e+01
2336 -2.90000e+01
2422 -2.80000e+01
2642 -2.70000e+01
2741 -2.60000e+01
2960 -2.50000e+01
3029 -2.40000e+01
3146 -2.30000e+01
3197 -2.20000e+01
3269 -2.10000e+01
3309 -2.00000e+01
3427 -1.90000e+01
3533 -1.80000e+01
3622 -1.70000e+01
3648 -1.60000e+01
3769 -1.50000e+01
4143 -1.40000e+01
4342 -1.30000e+01
4365 -1.20000e+01
4643 -1.10000e+01
4668 -1.00000e+01
5265 -9.00000e+00
5324 -8.00000e+00
5522 -7.00000e+00
5836 -6.00000e+00
5869 -5.00000e+00
6151 -4.00000e+00
6181 -3.00000e+00
6232 -2.00000e+00
6307 -1.00000e+00
6672 +6.04000e+02
7169 +6.09000e+02
7181 +6.11000e+02
7449 +6.28000e+02
8433 +6.30000e+02
8737 +6.42000e+02
9981 +6.42000e+02
"function evaluation" "best-so-far f(x)"
1 -6.60000e+01
26 -6.50000e+01
91 -6.40000e+01
159 -6.30000e+01
199 -6.20000e+01
254 -6.10000e+01
315 -5.90000e+01
384 -5.80000e+01
479 -5.70000e+01
521 -5.60000e+01
574 -5.50000e+01
709 -5.40000e+01
727 -5.30000e+01
794 -5.20000e+01
975 -5.10000e+01
976 -5.00000e+01
992 -4.90000e+01
1015 -4.80000e+01
1268 -4.70000e+01
1422 -4.60000e+01
1463 -4.50000e+01
1633 -4.40000e+01
1686 -4.30000e+01
1732 -4.20000e+01
1756 -4.10000e+01
1793 -4.00000e+01
1796 -3.90000e+01
1847 -3.80000e+01
1875 -3.70000e+01
2065 -3.60000e+01
2108 -3.50000e+01
2190 -3.30000e+01
2312 -3.20000e+01
2327 -3.10000e+01
2398 -3.00000e+01
2437 -2.90000e+01
2541 -2.80000e+01
2577 -2.70000e+01
2697 -2.60000e+01
2849 -2.50000e+01
2905 -2.40000e+01
3051 -2.30000e+01
3079 -2.20000e+01
3220 -2.10000e+01
3327 -2.00000e+01
3429 -1.90000e+01
3493 -1.80000e+01
3532 -1.70000e+01
3623 -1.60000e+01
3626 -1.50000e+01
3777 -1.40000e+01
3828 -1.30000e+01
4001 -1.20000e+01
4391 -1.10000e+01
4476 -1.00000e+01
4685 -9.00000e+00
4713 -8.00000e+00
5117 -7.00000e+00
5218 -6.00000e+00
5371 -5.00000e+00
5561 -4.00000e+00
5681 -3.00000e+00
5721 -2.00000e+00
6170 -1.00000e+00
6513 +6.14000e+02
6555 +6.15000e+02
8123 +6.22000e+02
8162 +6.27000e+02
8237 +6.31000e+02
9240 +6.33000e+02
9412 +6.34000e+02
9717 +6.41000e+02
9981 +6.41000e+02
"function evaluation" "best-so-far f(x)"
1 -6.60000e+01
54 -6.50000e+01
81 -6.40000e+01
203 -6.30000e+01
345 -6.20000e+01
373 -6.10000e+01
397 -6.00000e+01
442 -5.90000e+01
485 -5.70000e+01
532 -5.60000e+01
611 -5.50000e+01
641 -5.40000e+01
645 -5.30000e+01
806 -5.20000e+01
877 -5.10000e+01
950 -5.00000e+01
1066 -4.90000e+01
1133 -4.80000e+01
1177 -4.70000e+01
1233 -4.60000e+01
1261 -4.50000e+01
1408 -4.40000e+01
1496 -4.30000e+01
1511 -4.20000e+01
1565 -4.10000e+01
1652 -4.00000e+01
1730 -3.90000e+01
1793 -3.80000e+01
1819 -3.70000e+01
1843 -3.60000e+01
1861 -3.50000e+01
1921 -3.40000e+01
1974 -3.30000e+01
1988 -3.20000e+01
2115 -3.10000e+01
2193 -3.00000e+01
2281 -2.90000e+01
2405 -2.80000e+01
2567 -2.70000e+01
2641 -2.60000e+01
2797 -2.50000e+01
2894 -2.40000e+01
2929 -2.30000e+01
3082 -2.20000e+01
3112 -2.10000e+01
3179 -2.00000e+01
3432 -1.90000e+01
3494 -1.80000e+01
3573 -1.70000e+01
3970 -1.60000e+01
3981 -1.40000e+01
4136 -1.30000e+01
4193 -1.20000e+01
4397 -1.10000e+01
4633 -1.00000e+01
4675 -9.00000e+00
4767 -8.00000e+00
5246 -7.00000e+00
5311 -6.00000e+00
5941 -5.00000e+00
6405 -4.00000e+00
6485 -3.00000e+00
6565 -2.00000e+00
6617 -1.00000e+00
6809 +5.86000e+02
6964 +5.93000e+02
7937 +6.05000e+02
8295 +6.08000e+02
9906 +6.13000e+02
9930 +6.18000e+02
9981 +6.18000e+02
"function evaluation" "best-so-far f(x)"
1 -6.60000e+01
38 -6.50000e+01
86 -6.40000e+01
121 -6.30000e+01
295 -6.20000e+01
372 -6.10000e+01
455 -6.00000e+01
597 -5.90000e+01
683 -5.70000e+01
741 -5.60000e+01
813 -5.50000e+01
846 -5.40000e+01
874 -5.30000e+01
887 -5.20000e+01
914 -5.10000e+01
982 -5.00000e+01
1025 -4.90000e+01
1061 -4.80000e+01
1113 -4.60000e+01
1164 -4.50000e+01
1200 -4.40000e+01
1260 -4.30000e+01
1298 -4.20000e+01
1352 -4.10000e+01
1434 -4.00000e+01
1655 -3.90000e+01
1656 -3.80000e+01
1818 -3.70000e+01
2112 -3.60000e+01
2116 -3.50000e+01
2180 -3.40000e+01
2195 -3.20000e+01
2235 -3.10000e+01
2378 -3.00000e+01
2469 -2.90000e+01
2594 -2.80000e+01
2711 -2.70000e+01
2848 -2.60000e+01
2903 -2.50000e+01
2920 -2.40000e+01
2965 -2.30000e+01
2983 -2.20000e+01
3050 -2.10000e+01
3157 -2.00000e+01
3214 -1.90000e+01
3298 -1.80000e+01
3409 -1.70000e+01
3556 -1.60000e+01
3898 -1.50000e+01
4116 -1.40000e+01
4265 -1.30000e+01
4288 -1.20000e+01
4424 -1.10000e+01
4573 -1.00000e+01
4637 -9.00000e+00
4699 -8.00000e+00
4836 -7.00000e+00
5003 -6.00000e+00
5387 -5.00000e+00
5590 -4.00000e+00
5748 -3.00000e+00
6123 -2.00000e+00
6282 -1.00000e+00
6890 +5.93000e+02
7365 +6.07000e+02
7789 +6.12000e+02
7791 +6.24000e+02
8823 +6.25000e+02
9380 +6.34000e+02
9555 +6.40000e+02
9981 +6.40000e+02
"function evaluation" "best-so-far f(x)"
1 -6.60000e+01
62 -6.50000e+01
132 -6.40000e+01
275 -6.30000e+01
328 -6.20000e+01
397 -6.10000e+01
436 -6.00000e+01
476 -5.90000e+01
485 -5.80000e+01
551 -5.70000e+01
658 -5.60000e+01
799 -5.50000e+01
897 -5.40000e+01
953 -5.30000e+01
973 -5.20000e+01
1201 -5.00000e+01
1350 -4.80000e+01
1384 -4.70000e+01
1397 -4.60000e+01
1399 -4.50000e+01
1438 -4.40000e+01
1529 -4.30000e+01
1575 -4.20000e+01
1625 -4.10000e+01
1633 -4.00000e+01
1634 -3.90000e+01
1766 -3.80000e+01
1807 -3.70000e+01
1841 -3.60000e+01
1861 -3.50000e+01
1894 -3.40000e+01
1959 -3.30000e+01
2001 -3.20000e+01
2086 -3.10000e+01
2149 -3.00000e+01
2158 -2.90000e+01
2240 -2.80000e+01
2361 -2.70000e+01
2410 -2.60000e+01
2524 -2.50000e+01
2565 -2.40000e+01
2638 -2.30000e+01
2766 -2.20000e+01
2825 -2.10000e+01
2832 -2.00000e+01
2971 -1.90000e+01
3197 -1.80000e+01
3248 -1.70000e+01
3525 -1.60000e+01
3849 -1.50000e+01
3915 -1.40000e+01
3956 -1.30000e+01
4032 -1.20000e+01
4312 -1.10000e+01
4393 -1.00000e+01
4457 -9.00000e+00
4647 -8.00000e+00
4738 -7.00000e+00
4868 -6.00000e+00
5119 -5.00000e+00
5607 -4.00000e+00
5691 -3.00000e+00
6484 -2.00000e+00
6585 -1.00000e+00
6666 +6.05000e+02
6862 +6.16000e+02
7057 +6.18000e+02
8318 +6.29000e+02
8676 +6.41000e+02
9981 +6.41000e+02
"function evaluation" "best-so-far f(x)"
1 -6.60000e+01
16 -6.40000e+01
64 -6.30000e+01
110 -6.20000e+01
166 -6.10000e+01
305 -6.00000e+01
407 -5.90000e+01
427 -5.80000e+01
450 -5.70000e+01
552 -5.60000e+01
677 -5.50000e+01
818 -5.40000e+01
829 -5.10000e+01
864 -5.00000e+01
914 -4.90000e+01
1059 -4.80000e+01
1141 -4.70000e+01
1305 -4.60000e+01
1309 -4.50000e+01
1348 -4.40000e+01
1379 -4.30000e+01
1463 -4.20000e+01
1498 -4.00000e+01
1542 -3.90000e+01
1760 -3.80000e+01
1910 -3.70000e+01
1959 -3.60000e+01
2052 -3.50000e+01
2216 -3.40000e+01
2341 -3.30000e+01
2470 -3.20000e+01
2560 -3.10000e+01
2760 -3.00000e+01
2812 -2.90000e+01
3044 -2.80000e+01
3100 -2.70000e+01
3128 -2.60000e+01
3156 -2.50000e+01
3227 -2.40000e+01
3272 -2.30000e+01
3568 -2.20000e+01
3570 -2.10000e+01
3661 -2.00000e+01
3970 -1.90000e+01
4073 -1.80000e+01
4139 -1.70000e+01
4252 -1.60000e+01
4283 -1.40000e+01
4450 -1.30000e+01
4512 -1.20000e+01
4581 -1.10000e+01
5137 -1.00000e+01
5232 -8.00000e+00
5287 -7.00000e+00
5386 -6.00000e+00
5476 -5.00000e+00
5725 -4.00000e+00
6649 -3.00000e+00
7569 -2.00000e+00
7673 -1.00000e+00
7768 +5.93000e+02
8772 +5.94000e+02
9062 +5.99000e+02
9236 +6.14000e+02
9951 +6.35000e+02
9981 +6.35000e+02
"function evaluation" "best-so-far f(x)"
1 -6.60000e+01
31 -6.40000e+01
123 -6.30000e+01
142 -6.20000e+01
207 -6.10000e+01
210 -6.00000e+01
277 -5.80000e+01
295 -5.70000e+01
409 -5.60000e+01
452 -5.50000e+01
523 -5.40000e+01
538 -5.30000e+01
556 -5.20000e+01
602 -5.10000e+01
654 -5.00000e+01
660 -4.90000e+01
823 -4.80000e+01
897 -4.70000e+01
1017 -4.60000e+01
1022 -4.50000e+01
1104 -4.40000e+01
1128 -4.30000e+01
1239 -4.20000e+01
1325 -4.10000e+01
1334 -4.00000e+01
1435 -3.90000e+01
1448 -3.80000e+01
1510 -3.70000e+01
1572 -3.50000e+01
1583 -3.40000e+01
1725 -3.30000e+01
1767 -3.20000e+01
1956 -3.10000e+01
1980 -3.00000e+01
2023 -2.90000e+01
2135 -2.80000e+01
2226 -2.70000e+01
2291 -2.60000e+01
2394 -2.50000e+01
2423 -2.40000e+01
2489 -2.30000e+01
2531 -2.20000e+01
2599 -2.10000e+01
2760 -2.00000e+01
2857 -1.90000e+01
2951 -1.80000e+01
3011 -1.70000e+01
3158 -1.60000e+01
3273 -1.50000e+01
3341 -1.40000e+01
3476 -1.30000e+01
3953 -1.20000e+01
3958 -1.10000e+01
4028 -1.00000e+01
4475 -9.00000e+00
4614 -8.00000e+00
5493 -7.00000e+00
5524 -6.00000e+00
5758 -5.00000e+00
5800 -4.00000e+00
5955 -3.00000e+00
6335 -2.00000e+00
7139 -1.00000e+00
7229 +6.23000e+02
7474 +6.30000e+02
8351 +6.31000e+02
8873 +6.36000e+02
9464 +6.38000e+02
9981 +6.38000e+02
"function evaluation" "best-so-far f(x)"
1 -6.60000e+01
30 -6.50000e+01
47 -6.40000e+01
74 -6.30000e+01
133 -6.20000e+01
157 -6.10000e+01
175 -6.00000e+01
195 -5.90000e+01
232 -5.80000e+01
296 -5.70000e+01
325 -5.60000e+01
357 -5.50000e+01
364 -5.40000e+01
371 -5.30000e+01
418 -5.20000e+01
476 -5.10000e+01
556 -5.00000e+01
605 -4.90000e+01
659 -4.80000e+01
772 -4.70000e+01
813 -4.60000e+01
885 -4.50000e+01
950 -4.40000e+01
1059 -4.30000e+01
1192 -4.20000e+01
1309 -4.10000e+01
1346 -4.00000e+01
1385 -3.90000e+01
1395 -3.80000e+01
1444 -3.70000e+01
1500 -3.60000e+01
1528 -3.50000e+01
1641 -3.40000e+01
1710 -3.30000e+01
1776 -3.20000e+01
1814 -3.10000e+01
1853 -3.00000e+01
1948 -2.90000e+01
1972 -2.80000e+01
2137 -2.70000e+01
2227 -2.60000e+01
2311 -2.50000e+01
2338 -2.40000e+01
2437 -2.30000e+01
2556 -2.20000e+01
2604 -2.10000e+01
2722 -2.00000e+01
2947 -1.90000e+01
3109 -1.80000e+01
3182 -1.70000e+01
3357 -1.60000e+01
3378 -1.50000e+01
3541 -1.40000e+01
3622 -1.30000e+01
3723 -1.20000e+01
3819 -1.10000e+01
4028 -1.00000e+01
4184 -9.00000e+00
4585 -8.00000e+00
4717 -7.00000e+00
4883 -6.00000e+00
5232 -5.00000e+00
5769 -4.00000e+00
5888 -3.00000e+00
6035 -2.00000e+00
6298 -1.00000e+00
6358 +6.12000e+02
7128 +6.16000e+02
7338 +6.20000e+02
7503 +6.24000e+02
9498 +6.28000e+02
9981 +6.28000e+02
"function evaluation" "best-so-far f(x)"
1 -6.60000e+01
41 -6.50000e+01
94 -6.40000e+01
100 -6.30000e+01
160 -6.20000e+01
209 -6.10000e+01
224 -6.00000e+01
330 -5.90000e+01
627 -5.80000e+01
680 -5.70000e+01
708 -5.60000e+01
741 -5.50000e+01
768 -5.40000e+01
779 -5.30000e+01
867 -5.20000e+01
885 -5.10000e+01
927 -5.00000e+01
1032 -4.90000e+01
1042 -4.80000e+01
1050 -4.70000e+01
1071 -4.60000e+01
1161 -4.50000e+01
1219 -4.30000e+01
1287 -4.20000e+01
1342 -4.10000e+01
1360 -4.00000e+01
1451 -3.90000e+01
1510 -3.80000e+01
1622 -3.70000e+01
1781 -3.60000e+01
1831 -3.50000e+01
1911 -3.40000e+01
1965 -3.30000e+01
2060 -3.20000e+01
2271 -3.00000e+01
2392 -2.90000e+01
2466 -2.80000e+01
2521 -2.70000e+01
2536 -2.60000e+01
2560 -2.50000e+01
2923 -2.40000e+01
2978 -2.30000e+01
3090 -2.20000e+01
3092 -2.10000e+01
3179 -2.00000e+01
3309 -1.90000e+01
3347 -1.80000e+01
3454 -1.70000e+01
3584 -1.60000e+01
3656 -1.50000e+01
3770 -1.40000e+01
3904 -1.30000e+01
3978 -1.20000e+01
4069 -1.10000e+01
4415 -1.00000e+01
4801 -9.00000e+00
5047 -8.00000e+00
5422 -7.00000e+00
5537 -6.00000e+00
5892 -5.00000e+00
5913 -4.00000e+00
6047 -3.00000e+00
6153 -2.00000e+00
7174 -1.00000e+00
7457 +5.67000e+02
7595 +5.75000e+02
7615 +5.83000e+02
7757 +5.90000e+02
8130 +5.97000e+02
8515 +6.01000e+02
8754 +6.25000e+02
8893 +6.42000e+02
9981 +6.42000e+02
"function evaluation" "best-so-far f(x)"
1 -6.60000e+01
11 -6.50000e+01
19 -6.40000e+01
51 -6.30000e+01
121 -6.20000e+01
172 -6.10000e+01
289 -6.00000e+01
369 -5.80000e+01
397 -5.70000e+01
505 -5.60000e+01
538 -5.50000e+01
541 -5.40000e+01
553 -5.20000e+01
706 -5.10000e+01
772 -5.00000e+01
793 -4.90000e+01
866 -4.80000e+01
886 -4.70000e+01
929 -4.60000e+01
1050 -4.50000e+01
1155 -4.40000e+01
1243 -4.30000e+01
1268 -4.20000e+01
1350 -4.10000e+01
1556 -4.00000e+01
1657 -3.90000e+01
1676 -3.80000e+01
1769 -3.70000e+01
1820 -3.60000e+01
2008 -3.50000e+01
2058 -3.40000e+01
2266 -3.30000e+01
2400 -3.20000e+01
2512 -3.10000e+01
2599 -3.00000e+01
2618 -2.90000e+01
2663 -2.80000e+01
3045 -2.70000e+01
3104 -2.60000e+01
3161 -2.50000e+01
3317 -2.40000e+01
3352 -2.30000e+01
3618 -2.20000e+01
3739 -2.10000e+01
4237 -2.00000e+01
4299 -1.90000e+01
4329 -1.80000e+01
4390 -1.70000e+01
4518 -1.60000e+01
4755 -1.50000e+01
4796 -1.30000e+01
4958 -1.20000e+01
5057 -1.10000e+01
5373 -1.00000e+01
5541 -9.00000e+00
5773 -8.00000e+00
5862 -7.00000e+00
5998 -6.00000e+00
6366 -5.00000e+00
6382 -4.00000e+00
6394 -3.00000e+00
6693 -2.00000e+00
6892 -1.00000e+00
7150 +5.95000e+02
7544 +6.04000e+02
7823 +6.21000e+02
7948 +6.32000e+02
9956 +6.40000e+02
9981 +6.40000e+02
"function evaluation" "best-so-far f(x)"
1 -6.60000e+01
17 -6.50000e+01
51 -6.40000e+01
80 -6.30000e+01
81 -6.20000e+01
125 -6.10000e+01
202 -6.00000e+01
256 -5.90000e+01
369 -5.80000e+01
458 -5.70000e+01
488 -5.50000e+01
506 -5.40000e+01
548 -5.30000e+01
593 -5.20000e+01
621 -5.10000e+01
665 -5.00000e+01
683 -4.90000e+01
705 -4.80000e+01
749 -4.70000e+01
779 -4.60000e+01
791 -4.50000e+01
920 -4.40000e+01
962 -4.20000e+01
1019 -4.10000e+01
1086 -4.00000e+01
1111 -3.90000e+01
1144 -3.80000e+01
1266 -3.70000e+01
1302 -3.60000e+01
1438 -3.40000e+01
1614 -3.30000e+01
1664 -3.20000e+01
1751 -3.10000e+01
1787 -3.00000e+01
1802 -2.90000e+01
2002 -2.80000e+01
2106 -2.70000e+01
2151 -2.60000e+01
2258 -2.50000e+01
2509 -2.40000e+01
2722 -2.30000e+01
2755 -2.20000e+01
2914 -2.10000e+01
3043 -2.00000e+01
3087 -1.90000e+01
3145 -1.80000e+01
3640 -1.70000e+01
3718 -1.60000e+01
3760 -1.50000e+01
4253 -1.40000e+01
4313 -1.30000e+01
4650 -1.20000e+01
4836 -1.10000e+01
4950 -1.00000e+01
5051 -9.00000e+00
5320 -8.00000e+00
5353 -7.00000e+00
5394 -6.00000e+00
5406 -5.00000e+00
6403 -4.00000e+00
6451 -3.00000e+00
6490 -2.00000e+00
6556 -1.00000e+00
6632 +5.78000e+02
6661 +5.79000e+02
6698 +5.90000e+02
7582 +6.07000e+02
7823 +6.12000e+02
8053 +6.24000e+02
8579 +6.31000e+02
9981 +6.31000e+02
"function evaluation" "best-so-far f(x)"
1 -6.60000e+01
11 -6.50000e+01
130 -6.40000e+01
185 -6.30000e+01
239 -6.20000e+01
267 -6.10000e+01
363 -6.00000e+01
387 -5.90000e+01
420 -5.80000e+01
443 -5.60000e+01
489 -5.50000e+01
612 -5.40000e+01
688 -5.30000e+01
741 -5.20000e+01
783 -5.10000e+01
797 -5.00000e+01
839 -4.90000e+01
894 -4.80000e+01
925 -4.70000e+01
973 -4.60000e+01
1036 -4.50000e+01
1082 -4.40000e+01
1197 -4.30000e+01
1205 -4.20000e+01
1246 -4.10000e+01
1301 -4.00000e+01
1348 -3.90000e+01
1443 -3.80000e+01
1577 -3.70000e+01
1579 -3.60000e+01
1668 -3.50000e+01
1728 -3.40000e+01
1733 -3.30000e+01
1823 -3.20000e+01
1862 -3.10000e+01
1985 -3.00000e+01
2061 -2.90000e+01
2118 -2.80000e+01
2154 -2.70000e+01
2218 -2.60000e+01
2307 -2.50000e+01
2475 -2.40000e+01
2664 -2.30000e+01
2739 -2.20000e+01
3040 -2.10000e+01
3181 -2.00000e+01
3232 -1.90000e+01
3370 -1.80000e+01
3466 -1.70000e+01
3685 -1.60000e+01
3783 -1.50000e+01
4010 -1.40000e+01
4259 -1.30000e+01
4323 -1.20000e+01
4389 -1.10000e+01
4561 -1.00000e+01
4580 -9.00000e+00
4779 -8.00000e+00
5546 -7.00000e+00
5639 -6.00000e+00
5738 -5.00000e+00
6006 -4.00000e+00
6674 -3.00000e+00
6759 -2.00000e+00
7224 -1.00000e+00
7339 +6.18000e+02
7430 +6.20000e+02
7717 +6.25000e+02
7814 +6.39000e+02
7867 +6.40000e+02
8446 +6.50000e+02
9411 +6.53000e+02
9915 +6.55000e+02
9981 +6.55000e+02
"function evaluation" "best-so-far f(x)"
1 -6.60000e+01
13 -6.50000e+01
25 -6.40000e+01
67 -6.30000e+01
129 -6.20000e+01
201 -6.00000e+01
269 -5.90000e+01
315 -5.80000e+01
356 -5.70000e+01
385 -5.60000e+01
426 -5.50000e+01
452 -5.40000e+01
511 -5.30000e+01
536 -5.10000e+01
602 -5.00000e+01
705 -4.90000e+01
719 -4.80000e+01
739 -4.70000e+01
785 -4.60000e+01
838 -4.50000e+01
889 -4.40000e+01
920 -4.30000e+01
1017 -4.20000e+01
1104 -4.10000e+01
1187 -4.00000e+01
1259 -3.90000e+01
1427 -3.80000e+01
1449 -3.70000e+01
1494 -3.60000e+01
1539 -3.50000e+01
1581 -3.40000e+01
1606 -3.30000e+01
1683 -3.20000e+01
1738 -3.10000e+01
1816 -3.00000e+01
2156 -2.90000e+01
2202 -2.80000e+01
2265 -2.70000e+01
2362 -2.60000e+01
2547 -2.50000e+01
2759 -2.40000e+01
2905 -2.30000e+01
2953 -2.20000e+01
3024 -2.10000e+01
3048 -2.00000e+01
3148 -1.90000e+01
3461 -1.80000e+01
3647 -1.70000e+01
3759 -1.60000e+01
3769 -1.50000e+01
3822 -1.40000e+01
4080 -1.30000e+01
4222 -1.20000e+01
4252 -1.10000e+01
4343 -1.00000e+01
4503 -9.00000e+00
4646 -8.00000e+00
4704 -7.00000e+00
4953 -6.00000e+00
5290 -5.00000e+00
5526 -4.00000e+00
5593 -3.00000e+00
5718 -2.00000e+00
5747 -1.00000e+00
5785 +6.00000e+02
5809 +6.03000e+02
5976 +6.09000e+02
5996 +6.27000e+02
6040 +6.35000e+02
6519 +6.38000e+02
7091 +6.56000e+02
7194 +6.61000e+02
7293 +6.68000e+02
9981 +6.68000e+02
"function evaluation" "best-so-far f(x)"
1 -6.60000e+01
11 -6.50000e+01
46 -6.40000e+01
88 -6.30000e+01
268 -6.20000e+01
349 -6.10000e+01
399 -6.00000e+01
514 -5.90000e+01
532 -5.80000e+01
543 -5.70000e+01
609 -5.60000e+01
702 -5.50000e+01
729 -5.40000e+01
764 -5.30000e+01
905 -5.20000e+01
950 -5.10000e+01
987 -5.00000e+01
1037 -4.90000e+01
1059 -4.80000e+01
1141 -4.70000e+01
1258 -4.60000e+01
1311 -4.50000e+01
1363 -4.40000e+01
1435 -4.30000e+01
1493 -4.20000e+01
1599 -4.10000e+01
1648 -4.00000e+01
1868 -3.90000e+01
1897 -3.80000e+01
1922 -3.70000e+01
2018 -3.60000e+01
2074 -3.50000e+01
2123 -3.40000e+01
2272 -3.30000e+01
2297 -3.20000e+01
2702 -3.10000e+01
2767 -3.00000e+01
2897 -2.90000e+01
3189 -2.80000e+01
3280 -2.70000e+01
3455 -2.60000e+01
3541 -2.50000e+01
3587 -2.40000e+01
3604 -2.30000e+01
3605 -2.20000e+01
3761 -2.10000e+01
4208 -2.00000e+01
4273 -1.90000e+01
4457 -1.80000e+01
4670 -1.70000e+01
4744 -1.60000e+01
5055 -1.50000e+01
5143 -1.40000e+01
5200 -1.30000e+01
5341 -1.20000e+01
5546 -1.10000e+01
5757 -1.00000e+01
6073 -9.00000e+00
6271 -8.00000e+00
6282 -7.00000e+00
6289 -6.00000e+00
6385 -5.00000e+00
6583 -4.00000e+00
6727 -3.00000e+00
6800 -2.00000e+00
6959 -1.00000e+00
7810 +6.18000e+02
8313 +6.24000e+02
8514 +6.26000e+02
9280 +6.30000e+02
9767 +6.34000e+02
9981 +6.34000e+02
"function evaluation" "best-so-far f(x)"
1 -6.60000e+01
19 -6.50000e+01
130 -6.40000e+01
214 -6.30000e+01
237 -6.20000e+01
250 -6.10000e+01
316 -6.00000e+01
390 -5.90000e+01
431 -5.80000e+01
487 -5.70000e+01
488 -5.60000e+01
495 -5.50000e+01
572 -5.40000e+01
680 -5.20000e+01
741 -5.10000e+01
768 -5.00000e+01
920 -4.90000e+01
1008 -4.80000e+01
1014 -4.70000e+01
1061 -4.60000e+01
1127 -4.50000e+01
1175 -4.40000e+01
1190 -4.30000e+01
1282 -4.20000e+01
1394 -4.10000e+01
1425 -4.00000e+01
1565 -3.90000e+01
1663 -3.80000e+01
1786 -3.70000e+01
1803 -3.60000e+01
1804 -3.50000e+01
1846 -3.40000e+01
1920 -3.30000e+01
1991 -3.20000e+01
2423 -3.10000e+01
2450 -3.00000e+01
2516 -2.90000e+01
2737 -2.80000e+01
2945 -2.70000e+01
2964 -2.60000e+01
3122 -2.50000e+01
3267 -2.40000e+01
3355 -2.30000e+01
3381 -2.20000e+01
3442 -2.10000e+01
3512 -2.00000e+01
3608 -1.90000e+01
3659 -1.80000e+01
3698 -1.70000e+01
3851 -1.60000e+01
4098 -1.50000e+01
4185 -1.40000e+01
4269 -1.30000e+01
4382 -1.20000e+01
4405 -1.10000e+01
4675 -1.00000e+01
4705 -8.00000e+00
4957 -7.00000e+00
5302 -6.00000e+00
5558 -5.00000e+00
6206 -4.00000e+00
6326 -3.00000e+00
6488 -2.00000e+00
6603 -1.00000e+00
6924 +5.20000e+02
7330 +5.32000e+02
7466 +5.66000e+02
7479 +5.71000e+02
7839 +5.73000e+02
8150 +5.97000e+02
8718 +6.15000e+02
9981 +6.15000e+02
"function evaluation" "best-so-far f(x)"
1 -6.60000e+01
112 -6.50000e+01
137 -6.40000e+01
203 -6.20000e+01
283 -6.10000e+01
357 -6.00000e+01
417 -5.80000e+01
483 -5.70000e+01
512 -5.60000e+01
560 -5.50000e+01
619 -5.40000e+01
675 -5.30000e+01
782 -5.20000e+01
861 -5.10000e+01
930 -5.00000e+01
945 -4.90000e+01
959 -4.80000e+01
985 -4.70000e+01
1053 -4.60000e+01
1120 -4.50000e+01
1144 -4.40000e+01
1194 -4.30000e+01
1266 -4.20000e+01
1450 -4.10000e+01
1493 -4.00000e+01
1527 -3.90000e+01
1555 -3.80000e+01
1597 -3.70000e+01
1658 -3.60000e+01
1664 -3.50000e+01
1709 -3.40000e+01
1747 -3.30000e+01
1916 -3.20000e+01
1959 -3.10000e+01
2146 -3.00000e+01
2208 -2.90000e+01
2242 -2.80000e+01
2327 -2.70000e+01
2405 -2.60000e+01
2470 -2.50000e+01
2558 -2.40000e+01
2633 -2.30000e+01
3002 -2.20000e+01
3150 -2.10000e+01
3224 -2.00000e+01
3274 -1.90000e+01
3387 -1.80000e+01
3455 -1.70000e+01
3560 -1.60000e+01
3599 -1.50000e+01
3718 -1.40000e+01
3923 -1.30000e+01
3978 -1.20000e+01
4005 -1.10000e+01
4103 -1.00000e+01
4114 -9.00000e+00
4264 -8.00000e+00
4502 -7.00000e+00
4636 -6.00000e+00
4891 -5.00000e+00
4979 -4.00000e+00
5164 -3.00000e+00
5275 -2.00000e+00
5743 -1.00000e+00
5873 +6.20000e+02
5957 +6.33000e+02
7473 +6.52000e+02
8848 +6.60000e+02
9111 +6.61000e+02
9981 +6.61000e+02
"function evaluation" "best-so-far f(x)"
1 -6.60000e+01
12 -6.50000e+01
29 -6.40000e+01
32 -6.30000e+01
120 -6.20000e+01
148 -6.10000e+01
221 -6.00000e+01
241 -5.90000e+01
278 -5.80000e+01
317 -5.70000e+01
408 -5.60000e+01
548 -5.50000e+01
573 -5.30000e+01
672 -5.20000e+01
714 -5.10000e+01
761 -5.00000e+01
855 -4.90000e+01
885 -4.80000e+01
913 -4.70000e+01
944 -4.60000e+01
965 -4.50000e+01
987 -4.40000e+01
994 -4.30000e+01
1070 -4.20000e+01
1100 -4.10000e+01
1186 -4.00000e+01
1195 -3.90000e+01
1290 -3.80000e+01
1294 -3.70000e+01
1502 -3.60000e+01
1654 -3.50000e+01
1743 -3.40000e+01
1796 -3.30000e+01
1824 -3.20000e+01
1842 -3.10000e+01
1899 -3.00000e+01
2029 -2.90000e+01
2095 -2.80000e+01
2317 -2.70000e+01
2615 -2.60000e+01
2647 -2.50000e+01
2734 -2.40000e+01
2805 -2.30000e+01
2868 -2.20000e+01
2973 -2.10000e+01
3170 -2.00000e+01
3480 -1.90000e+01
3571 -1.80000e+01
3858 -1.70000e+01
3864 -1.60000e+01
3877 -1.50000e+01
4025 -1.40000e+01
4194 -1.30000e+01
4321 -1.20000e+01
4385 -1.00000e+01
4413 -9.00000e+00
4664 -8.00000e+00
4687 -7.00000e+00
5053 -6.00000e+00
5267 -5.00000e+00
5424 -4.00000e+00
5914 -3.00000e+00
6006 -2.00000e+00
6060 -1.00000e+00
6109 +6.19000e+02
6379 +6.27000e+02
8113 +6.35000e+02
8300 +6.37000e+02
8727 +6.43000e+02
9281 +6.54000e+02
9953 +6.57000e+02
9981 +6.57000e+02
"function evaluation" "best-so-far f(x)"
1 -6.60000e+01
15 -6.50000e+01
46 -6.40000e+01
64 -6.30000e+01
106 -6.20000e+01
139 -6.10000e+01
176 -6.00000e+01
242 -5.90000e+01
293 -5.80000e+01
401 -5.70000e+01
440 -5.60000e+01
508 -5.50000e+01
601 -5.40000e+01
633 -5.30000e+01
655 -5.20000e+01
746 -5.10000e+01
760 -5.00000e+01
796 -4.90000e+01
860 -4.80000e+01
934 -4.70000e+01
1090 -4.60000e+01
1232 -4.50000e+01
1407 -4.40000e+01
1445 -4.30000e+01
1494 -4.20000e+01
1613 -4.10000e+01
1679 -4.00000e+01
1757 -3.90000e+01
1822 -3.80000e+01
1914 -3.70000e+01
2026 -3.60000e+01
2089 -3.50000e+01
2299 -3.40000e+01
2311 -3.30000e+01
2739 -3.20000e+01
2786 -3.10000e+01
2861 -3.00000e+01
3033 -2.90000e+01
3080 -2.80000e+01
3205 -2.70000e+01
3395 -2.60000e+01
3431 -2.50000e+01
3785 -2.40000e+01
3812 -2.30000e+01
3878 -2.20000e+01
4108 -2.10000e+01
4232 -2.00000e+01
4337 -1.90000e+01
4393 -1.80000e+01
4486 -1.70000e+01
4658 -1.60000e+01
5209 -1.50000e+01
5632 -1.40000e+01
5719 -1.30000e+01
5753 -1.20000e+01
6215 -1.10000e+01
6318 -1.00000e+01
6679 -9.00000e+00
6789 -8.00000e+00
7000 -7.00000e+00
7116 -6.00000e+00
7178 -5.00000e+00
7562 -4.00000e+00
7661 -3.00000e+00
7784 -2.00000e+00
8300 -1.00000e+00
8735 +6.14000e+02
9632 +6.29000e+02
9822 +6.44000e+02
9981 +6.44000e+02
"function evaluation" "best-so-far f(x)"
1 -6.60000e+01
14 -6.40000e+01
219 -6.30000e+01
288 -6.20000e+01
357 -6.10000e+01
418 -6.00000e+01
508 -5.90000e+01
553 -5.80000e+01
581 -5.70000e+01
591 -5.60000e+01
658 -5.50000e+01
685 -5.40000e+01
706 -5.30000e+01
773 -5.20000e+01
806 -5.10000e+01
807 -5.00000e+01
941 -4.90000e+01
957 -4.80000e+01
971 -4.70000e+01
1006 -4.60000e+01
1028 -4.50000e+01
1031 -4.40000e+01
1190 -4.30000e+01
1257 -4.20000e+01
1334 -4.10000e+01
1410 -4.00000e+01
1443 -3.90000e+01
1473 -3.80000e+01
1603 -3.70000e+01
1805 -3.60000e+01
2060 -3.50000e+01
2095 -3.40000e+01
2133 -3.30000e+01
2143 -3.20000e+01
2165 -3.10000e+01
2263 -3.00000e+01
2375 -2.90000e+01
2415 -2.80000e+01
2572 -2.70000e+01
2632 -2.60000e+01
2652 -2.50000e+01
2655 -2.40000e+01
2730 -2.30000e+01
2781 -2.20000e+01
2907 -2.10000e+01
3012 -2.00000e+01
3048 -1.90000e+01
3103 -1.80000e+01
3504 -1.70000e+01
3520 -1.60000e+01
3648 -1.50000e+01
3781 -1.40000e+01
3986 -1.30000e+01
4094 -1.20000e+01
4193 -1.10000e+01
4244 -1.00000e+01
4274 -9.00000e+00
4284 -8.00000e+00
4301 -7.00000e+00
4451 -6.00000e+00
4479 -5.00000e+00
4587 -4.00000e+00
4718 -3.00000e+00
4909 -2.00000e+00
5787 -1.00000e+00
6185 +5.89000e+02
6403 +5.91000e+02
7362 +6.02000e+02
7780 +6.04000e+02
8413 +6.13000e+02
8465 +6.20000e+02
8654 +6.22000e+02
8710 +6.34000e+02
8965 +6.36000e+02
9734 +6.40000e+02
9808 +6.41000e+02
9981 +6.41000e+02
"function evaluation" "best-so-far f(x)"
1 -6.60000e+01
36 -6.50000e+01
92 -6.40000e+01
177 -6.30000e+01
234 -6.20000e+01
424 -6.10000e+01
502 -6.00000e+01
555 -5.90000e+01
579 -5.80000e+01
650 -5.60000e+01
733 -5.50000e+01
748 -5.40000e+01
902 -5.30000e+01
961 -5.20000e+01
996 -5.10000e+01
1028 -5.00000e+01
1185 -4.90000e+01
1238 -4.80000e+01
1315 -4.70000e+01
1382 -4.60000e+01
1480 -4.50000e+01
1510 -4.40000e+01
1514 -4.30000e+01
1566 -4.20000e+01
1650 -4.10000e+01
1761 -4.00000e+01
1762 -3.90000e+01
1828 -3.80000e+01
1888 -3.60000e+01
1935 -3.50000e+01
1962 -3.40000e+01
2024 -3.30000e+01
2043 -3.20000e+01
2121 -3.10000e+01
2175 -3.00000e+01
2291 -2.90000e+01
2358 -2.80000e+01
2469 -2.70000e+01
2535 -2.60000e+01
2660 -2.50000e+01
2793 -2.40000e+01
2813 -2.30000e+01
2892 -2.20000e+01
3110 -2.10000e+01
3181 -2.00000e+01
3274 -1.90000e+01
3493 -1.80000e+01
3725 -1.70000e+01
3797 -1.60000e+01
3839 -1.50000e+01
3971 -1.40000e+01
4156 -1.30000e+01
4416 -1.20000e+01
4430 -1.10000e+01
4614 -1.00000e+01
5039 -9.00000e+00
5350 -8.00000e+00
5387 -7.00000e+00
5398 -6.00000e+00
6063 -5.00000e+00
6131 -4.00000e+00
6328 -3.00000e+00
6431 -2.00000e+00
6500 -1.00000e+00
6833 +5.91000e+02
6897 +6.11000e+02
6929 +6.25000e+02
7173 +6.33000e+02
7195 +6.38000e+02
7752 +6.42000e+02
7898 +6.44000e+02
8627 +6.53000e+02
9981 +6.53000e+02
"function evaluation" "best-so-far f(x)"
1 -6.60000e+01
17 -6.50000e+01
26 -6.40000e+01
129 -6.30000e+01
189 -6.20000e+01
214 -6.10000e+01
244 -6.00000e+01
269 -5.90000e+01
302 -5.80000e+01
367 -5.70000e+01
472 -5.60000e+01
506 -5.50000e+01
549 -5.40000e+01
586 -5.30000e+01
628 -5.20000e+01
652 -5.10000e+01
699 -5.00000e+01
765 -4.90000e+01
908 -4.80000e+01
945 -4.70000e+01
1030 -4.60000e+01
1096 -4.50000e+01
1102 -4.40000e+01
1184 -4.30000e+01
1210 -4.20000e+01
1271 -4.10000e+01
1280 -4.00000e+01
1293 -3.90000e+01
1345 -3.80000e+01
1384 -3.60000e+01
1476 -3.50000e+01
1555 -3.40000e+01
1587 -3.30000e+01
1760 -3.20000e+01
1917 -3.10000e+01
1923 -3.00000e+01
2152 -2.90000e+01
2250 -2.80000e+01
2296 -2.70000e+01
2446 -2.60000e+01
2500 -2.50000e+01
2587 -2.40000e+01
2694 -2.30000e+01
2717 -2.20000e+01
2816 -2.10000e+01
3055 -2.00000e+01
3162 -1.90000e+01
3892 -1.80000e+01
3927 -1.70000e+01
3968 -1.60000e+01
4195 -1.50000e+01
4370 -1.40000e+01
4389 -1.30000e+01
4493 -1.20000e+01
4852 -1.10000e+01
4956 -1.00000e+01
5093 -9.00000e+00
5328 -8.00000e+00
5345 -7.00000e+00
5919 -6.00000e+00
5967 -5.00000e+00
6045 -4.00000e+00
6290 -3.00000e+00
6680 -2.00000e+00
6815 -1.00000e+00
7971 +6.37000e+02
8648 +6.47000e+02
9242 +6.51000e+02
9363 +6.57000e+02
9981 +6.57000e+02
"function evaluation" "best-so-far f(x)"
1 -6.60000e+01
26 -6.50000e+01
33 -6.40000e+01
105 -6.30000e+01
112 -6.20000e+01
131 -6.10000e+01
167 -6.00000e+01
231 -5.90000e+01
246 -5.80000e+01
247 -5.70000e+01
271 -5.60000e+01
302 -5.50000e+01
401 -5.40000e+01
459 -5.30000e+01
547 -5.20000e+01
571 -5.10000e+01
662 -5.00000e+01
672 -4.90000e+01
728 -4.70000e+01
841 -4.60000e+01
881 -4.50000e+01
907 -4.40000e+01
920 -4.30000e+01
927 -4.20000e+01
961 -4.10000e+01
1114 -4.00000e+01
1181 -3.90000e+01
1231 -3.80000e+01
1265 -3.70000e+01
1304 -3.60000e+01
1488 -3.50000e+01
1616 -3.40000e+01
1650 -3.30000e+01
1797 -3.20000e+01
1897 -3.10000e+01
1906 -3.00000e+01
2188 -2.90000e+01
2190 -2.80000e+01
2391 -2.70000e+01
2468 -2.60000e+01
2495 -2.50000e+01
2550 -2.40000e+01
2649 -2.30000e+01
2739 -2.20000e+01
2764 -2.10000e+01
2781 -2.00000e+01
2922 -1.90000e+01
3048 -1.80000e+01
3534 -1.70000e+01
3552 -1.60000e+01
3571 -1.50000e+01
3668 -1.40000e+01
3719 -1.30000e+01
3796 -1.20000e+01
3835 -1.10000e+01
3954 -1.00000e+01
3998 -9.00000e+00
4073 -8.00000e+00
4074 -7.00000e+00
4112 -6.00000e+00
4877 -5.00000e+00
4918 -4.00000e+00
5254 -3.00000e+00
5843 -2.00000e+00
6152 -1.00000e+00
6315 +6.13000e+02
6544 +6.33000e+02
7991 +6.39000e+02
8182 +6.40000e+02
8368 +6.42000e+02
8768 +6.43000e+02
8915 +6.44000e+02
8919 +6.47000e+02
9116 +6.50000e+02
9934 +6.56000e+02
9981 +6.56000e+02
"function evaluation" "best-so-far f(x)"
1 -6.60000e+01
26 -6.50000e+01
32 -6.40000e+01
50 -6.30000e+01
73 -6.20000e+01
104 -6.10000e+01
146 -6.00000e+01
153 -5.90000e+01
298 -5.80000e+01
332 -5.70000e+01
360 -5.60000e+01
362 -5.50000e+01
466 -5.40000e+01
566 -5.30000e+01
636 -5.10000e+01
672 -5.00000e+01
729 -4.90000e+01
892 -4.80000e+01
911 -4.70000e+01
941 -4.60000e+01
942 -4.50000e+01
1010 -4.40000e+01
1054 -4.30000e+01
1084 -4.10000e+01
1092 -4.00000e+01
1156 -3.90000e+01
1411 -3.80000e+01
1432 -3.70000e+01
1445 -3.60000e+01
1488 -3.50000e+01
1525 -3.40000e+01
1616 -3.30000e+01
1745 -3.20000e+01
1908 -3.10000e+01
1981 -3.00000e+01
2301 -2.80000e+01
2550 -2.70000e+01
2660 -2.60000e+01
2680 -2.50000e+01
2796 -2.40000e+01
2817 -2.30000e+01
2874 -2.20000e+01
2885 -2.10000e+01
3009 -2.00000e+01
3087 -1.90000e+01
3170 -1.80000e+01
3239 -1.70000e+01
3421 -1.60000e+01
3694 -1.50000e+01
3784 -1.40000e+01
3888 -1.30000e+01
4033 -1.20000e+01
4223 -1.10000e+01
4706 -1.00000e+01
4769 -9.00000e+00
4918 -8.00000e+00
5147 -7.00000e+00
5381 -6.00000e+00
5437 -5.00000e+00
5518 -4.00000e+00
5855 -3.00000e+00
6059 -2.00000e+00
6633 -1.00000e+00
6781 +6.31000e+02
7085 +6.46000e+02
7977 +6.47000e+02
9222 +6.54000e+02
9509 +6.61000e+02
9939 +6.63000e+02
9981 +6.63000e+02
"function evaluation" "best-so-far f(x)"
1 -6.60000e+01
39 -6.50000e+01
79 -6.40000e+01
137 -6.30000e+01
225 -6.20000e+01
229 -6.10000e+01
316 -6.00000e+01
397 -5.90000e+01
410 -5.80000e+01
415 -5.70000e+01
469 -5.60000e+01
520 -5.50000e+01
545 -5.40000e+01
581 -5.30000e+01
616 -5.20000e+01
692 -5.10000e+01
707 -5.00000e+01
788 -4.90000e+01
920 -4.80000e+01
940 -4.70000e+01
970 -4.60000e+01
989 -4.50000e+01
1060 -4.40000e+01
1085 -4.30000e+01
1117 -4.20000e+01
1241 -4.10000e+01
1283 -4.00000e+01
1356 -3.90000e+01
1456 -3.80000e+01
1501 -3.70000e+01
1564 -3.60000e+01
1607 -3.50000e+01
1660 -3.40000e+01
1756 -3.30000e+01
1797 -3.20000e+01
1830 -3.10000e+01
1865 -3.00000e+01
1931 -2.90000e+01
1963 -2.80000e+01
2076 -2.70000e+01
2133 -2.60000e+01
2185 -2.50000e+01
2424 -2.40000e+01
2538 -2.30000e+01
2672 -2.20000e+01
2882 -2.10000e+01
2963 -1.90000e+01
3159 -1.80000e+01
3293 -1.70000e+01
3437 -1.60000e+01
3442 -1.50000e+01
3508 -1.40000e+01
3802 -1.30000e+01
3895 -1.20000e+01
3978 -1.10000e+01
4033 -1.00000e+01
4197 -9.00000e+00
4471 -8.00000e+00
4717 -7.00000e+00
4960 -6.00000e+00
5302 -5.00000e+00
5533 -4.00000e+00
5573 -3.00000e+00
6128 -2.00000e+00
6203 -1.00000e+00
6578 +5.99000e+02
6690 +6.00000e+02
6695 +6.09000e+02
7665 +6.29000e+02
7899 +6.40000e+02
8118 +6.49000e+02
9607 +6.56000e+02
9981 +6.56000e+02
"function evaluation" "best-so-far f(x)"
1 -6.60000e+01
46 -6.50000e+01
128 -6.40000e+01
170 -6.30000e+01
206 -6.20000e+01
257 -6.10000e+01
321 -6.00000e+01
361 -5.90000e+01
380 -5.80000e+01
391 -5.70000e+01
429 -5.60000e+01
445 -5.50000e+01
488 -5.40000e+01
534 -5.30000e+01
546 -5.20000e+01
622 -5.10000e+01
665 -5.00000e+01
789 -4.90000e+01
884 -4.80000e+01
922 -4.70000e+01
928 -4.60000e+01
995 -4.50000e+01
1123 -4.40000e+01
1187 -4.30000e+01
1326 -4.20000e+01
1436 -4.10000e+01
1489 -4.00000e+01
1492 -3.90000e+01
1540 -3.80000e+01
1554 -3.70000e+01
1590 -3.60000e+01
1729 -3.50000e+01
1773 -3.40000e+01
1825 -3.30000e+01
1853 -3.20000e+01
1933 -3.10000e+01
1969 -3.00000e+01
2230 -2.90000e+01
2280 -2.80000e+01
2366 -2.70000e+01
2536 -2.60000e+01
2606 -2.50000e+01
2660 -2.40000e+01
2854 -2.20000e+01
2865 -2.10000e+01
3057 -2.00000e+01
3077 -1.90000e+01
3191 -1.80000e+01
3295 -1.70000e+01
3497 -1.50000e+01
3600 -1.40000e+01
3646 -1.30000e+01
3761 -1.20000e+01
3794 -1.10000e+01
3999 -1.00000e+01
4098 -9.00000e+00
4149 -8.00000e+00
4264 -7.00000e+00
4631 -6.00000e+00
4669 -5.00000e+00
4676 -4.00000e+00
4778 -3.00000e+00
5549 -2.00000e+00
5639 -1.00000e+00
5687 +5.97000e+02
6053 +6.05000e+02
6181 +6.25000e+02
7041 +6.38000e+02
7179 +6.41000e+02
7492 +6.46000e+02
7658 +6.50000e+02
7777 +6.52000e+02
7953 +6.55000e+02
8517 +6.56000e+02
8938 +6.58000e+02
9968 +6.59000e+02
9981 +6.59000e+02
