"function evaluation" "best-so-far f(x)"
1 -3.50000e+01
8 -3.40000e+01
44 -3.30000e+01
125 -3.20000e+01
184 -3.10000e+01
202 -3.00000e+01
309 -2.90000e+01
324 -2.80000e+01
342 -2.70000e+01
424 -2.60000e+01
462 -2.50000e+01
483 -2.40000e+01
708 -2.30000e+01
726 -2.20000e+01
762 -2.10000e+01
857 -2.00000e+01
880 -1.90000e+01
927 -1.80000e+01
1050 -1.70000e+01
1073 -1.60000e+01
1190 -1.50000e+01
1192 -1.40000e+01
1320 -1.30000e+01
1439 -1.20000e+01
1541 -1.10000e+01
1602 -1.00000e+01
1668 -9.00000e+00
1841 -8.00000e+00
2019 -7.00000e+00
2038 -6.00000e+00
2154 -5.00000e+00
2258 -4.00000e+00
2341 -3.00000e+00
3083 -2.00000e+00
3150 -1.00000e+00
3312 +3.55000e+02
3520 +3.56000e+02
3577 +3.78000e+02
3804 +3.80000e+02
3839 +3.81000e+02
4069 +3.97000e+02
4178 +3.99000e+02
4679 +4.08000e+02
5470 +4.09000e+02
5534 +4.12000e+02
6630 +4.17000e+02
8247 +4.21000e+02
9981 +4.21000e+02
"function evaluation" "best-so-far f(x)"
1 -3.50000e+01
2 -3.40000e+01
79 -3.30000e+01
96 -3.20000e+01
251 -3.10000e+01
274 -3.00000e+01
299 -2.90000e+01
449 -2.80000e+01
478 -2.70000e+01
568 -2.60000e+01
647 -2.50000e+01
709 -2.40000e+01
807 -2.30000e+01
856 -2.20000e+01
928 -2.10000e+01
966 -2.00000e+01
1057 -1.90000e+01
1094 -1.80000e+01
1108 -1.70000e+01
1122 -1.60000e+01
1238 -1.50000e+01
1353 -1.40000e+01
1479 -1.30000e+01
1535 -1.20000e+01
1542 -1.10000e+01
1547 -1.00000e+01
1763 -9.00000e+00
1787 -8.00000e+00
1970 -7.00000e+00
2065 -6.00000e+00
2099 -5.00000e+00
2255 -4.00000e+00
2504 -3.00000e+00
2613 -2.00000e+00
2880 -1.00000e+00
2970 +3.61000e+02
3172 +3.75000e+02
3512 +3.77000e+02
3891 +3.80000e+02
4000 +3.81000e+02
4012 +3.87000e+02
4330 +3.90000e+02
4498 +3.99000e+02
4649 +4.02000e+02
4676 +4.03000e+02
4957 +4.07000e+02
5359 +4.12000e+02
6967 +4.14000e+02
9485 +4.16000e+02
9981 +4.16000e+02
"function evaluation" "best-so-far f(x)"
1 -3.50000e+01
17 -3.40000e+01
35 -3.30000e+01
44 -3.20000e+01
64 -3.10000e+01
114 -3.00000e+01
237 -2.90000e+01
304 -2.80000e+01
343 -2.70000e+01
501 -2.50000e+01
569 -2.40000e+01
669 -2.30000e+01
787 -2.20000e+01
884 -2.10000e+01
957 -2.00000e+01
1067 -1.90000e+01
1141 -1.80000e+01
1144 -1.70000e+01
1253 -1.60000e+01
1299 -1.50000e+01
1352 -1.40000e+01
1380 -1.30000e+01
1413 -1.20000e+01
1448 -1.10000e+01
1513 -1.00000e+01
1545 -9.00000e+00
1748 -8.00000e+00
1889 -7.00000e+00
2061 -6.00000e+00
2095 -5.00000e+00
2246 -4.00000e+00
2271 -3.00000e+00
2361 -2.00000e+00
2612 -1.00000e+00
2665 +3.70000e+02
2697 +3.74000e+02
2932 +3.80000e+02
3179 +3.89000e+02
4106 +3.92000e+02
4180 +3.99000e+02
4599 +4.05000e+02
5558 +4.07000e+02
5568 +4.11000e+02
5764 +4.13000e+02
5944 +4.16000e+02
6612 +4.19000e+02
8763 +4.20000e+02
9981 +4.20000e+02
"function evaluation" "best-so-far f(x)"
1 -3.50000e+01
34 -3.40000e+01
52 -3.30000e+01
70 -3.20000e+01
143 -3.10000e+01
164 -3.00000e+01
214 -2.90000e+01
250 -2.80000e+01
269 -2.70000e+01
289 -2.60000e+01
371 -2.50000e+01
488 -2.40000e+01
572 -2.30000e+01
647 -2.20000e+01
704 -2.10000e+01
729 -2.00000e+01
845 -1.90000e+01
988 -1.80000e+01
1218 -1.70000e+01
1242 -1.60000e+01
1252 -1.50000e+01
1269 -1.40000e+01
1463 -1.30000e+01
1622 -1.20000e+01
1669 -1.10000e+01
1760 -1.00000e+01
1851 -9.00000e+00
1909 -8.00000e+00
1991 -7.00000e+00
2072 -6.00000e+00
2350 -5.00000e+00
2550 -4.00000e+00
2733 -3.00000e+00
2846 -2.00000e+00
2855 -1.00000e+00
3294 +3.67000e+02
3352 +3.79000e+02
3451 +3.81000e+02
3479 +3.89000e+02
3540 +4.01000e+02
5007 +4.02000e+02
5955 +4.07000e+02
6564 +4.08000e+02
6747 +4.09000e+02
8615 +4.16000e+02
9504 +4.21000e+02
9981 +4.21000e+02
"function evaluation" "best-so-far f(x)"
1 -3.50000e+01
35 -3.40000e+01
55 -3.30000e+01
122 -3.20000e+01
216 -3.10000e+01
229 -3.00000e+01
288 -2.90000e+01
383 -2.80000e+01
457 -2.70000e+01
483 -2.60000e+01
543 -2.50000e+01
570 -2.40000e+01
605 -2.30000e+01
715 -2.20000e+01
849 -2.10000e+01
893 -2.00000e+01
908 -1.80000e+01
1248 -1.70000e+01
1582 -1.60000e+01
1657 -1.50000e+01
1765 -1.40000e+01
1860 -1.30000e+01
1978 -1.20000e+01
2058 -1.10000e+01
2066 -9.00000e+00
2108 -8.00000e+00
2526 -7.00000e+00
2676 -6.00000e+00
2763 -5.00000e+00
2920 -4.00000e+00
3093 -3.00000e+00
3111 -2.00000e+00
3250 -1.00000e+00
3502 +3.66000e+02
3561 +3.74000e+02
3567 +3.76000e+02
3586 +3.82000e+02
3866 +3.84000e+02
3938 +3.95000e+02
4452 +3.99000e+02
4593 +4.01000e+02
4957 +4.02000e+02
5046 +4.03000e+02
5599 +4.04000e+02
6116 +4.05000e+02
6181 +4.12000e+02
6337 +4.15000e+02
6412 +4.18000e+02
6424 +4.24000e+02
9624 +4.26000e+02
9679 +4.27000e+02
9720 +4.32000e+02
9875 +4.35000e+02
9981 +4.35000e+02
"function evaluation" "best-so-far f(x)"
1 -3.50000e+01
23 -3.40000e+01
80 -3.30000e+01
122 -3.20000e+01
164 -3.10000e+01
208 -3.00000e+01
262 -2.90000e+01
335 -2.80000e+01
363 -2.70000e+01
392 -2.60000e+01
736 -2.50000e+01
850 -2.40000e+01
978 -2.30000e+01
1027 -2.20000e+01
1099 -2.10000e+01
1105 -2.00000e+01
1148 -1.90000e+01
1237 -1.80000e+01
1280 -1.70000e+01
1295 -1.60000e+01
1338 -1.50000e+01
1648 -1.30000e+01
1743 -1.20000e+01
1857 -1.10000e+01
1909 -1.00000e+01
1929 -8.00000e+00
2026 -7.00000e+00
2185 -6.00000e+00
2235 -5.00000e+00
2414 -4.00000e+00
2475 -3.00000e+00
2583 -2.00000e+00
2607 -1.00000e+00
2823 +3.80000e+02
3363 +3.87000e+02
3568 +3.96000e+02
3695 +3.98000e+02
3957 +4.08000e+02
5436 +4.10000e+02
5494 +4.15000e+02
5786 +4.17000e+02
6201 +4.18000e+02
8711 +4.21000e+02
9981 +4.21000e+02
"function evaluation" "best-so-far f(x)"
1 -3.50000e+01
44 -3.40000e+01
56 -3.30000e+01
88 -3.20000e+01
160 -3.10000e+01
215 -3.00000e+01
281 -2.90000e+01
296 -2.80000e+01
413 -2.70000e+01
463 -2.60000e+01
498 -2.50000e+01
626 -2.40000e+01
661 -2.30000e+01
759 -2.20000e+01
804 -2.10000e+01
951 -2.00000e+01
1042 -1.90000e+01
1092 -1.80000e+01
1330 -1.70000e+01
1389 -1.60000e+01
1456 -1.50000e+01
1566 -1.40000e+01
1788 -1.30000e+01
1814 -1.20000e+01
1918 -1.10000e+01
2038 -1.00000e+01
2113 -9.00000e+00
2175 -8.00000e+00
2356 -7.00000e+00
2382 -6.00000e+00
2446 -5.00000e+00
2471 -4.00000e+00
2589 -3.00000e+00
2703 -2.00000e+00
2803 -1.00000e+00
2976 +3.59000e+02
3025 +3.73000e+02
3291 +3.85000e+02
3454 +3.88000e+02
4144 +3.92000e+02
5320 +3.97000e+02
5360 +4.01000e+02
5583 +4.02000e+02
5932 +4.03000e+02
6062 +4.07000e+02
6187 +4.09000e+02
6644 +4.11000e+02
8313 +4.12000e+02
9011 +4.18000e+02
9981 +4.18000e+02
"function evaluation" "best-so-far f(x)"
1 -3.50000e+01
3 -3.40000e+01
36 -3.30000e+01
67 -3.20000e+01
132 -3.10000e+01
209 -3.00000e+01
236 -2.90000e+01
271 -2.80000e+01
273 -2.70000e+01
348 -2.60000e+01
364 -2.50000e+01
422 -2.30000e+01
503 -2.20000e+01
592 -2.10000e+01
647 -2.00000e+01
670 -1.90000e+01
892 -1.80000e+01
967 -1.70000e+01
999 -1.60000e+01
1072 -1.50000e+01
1173 -1.40000e+01
1220 -1.30000e+01
1271 -1.20000e+01
1414 -1.10000e+01
1557 -1.00000e+01
1606 -9.00000e+00
1685 -8.00000e+00
1788 -7.00000e+00
1867 -6.00000e+00
2016 -5.00000e+00
2080 -4.00000e+00
2136 -3.00000e+00
2251 -2.00000e+00
2418 -1.00000e+00
2446 +3.63000e+02
2543 +3.64000e+02
2642 +3.71000e+02
3108 +3.79000e+02
3277 +3.87000e+02
3450 +3.93000e+02
4057 +3.98000e+02
4293 +4.02000e+02
6291 +4.07000e+02
6828 +4.16000e+02
8300 +4.21000e+02
9981 +4.21000e+02
"function evaluation" "best-so-far f(x)"
1 -3.50000e+01
61 -3.40000e+01
114 -3.30000e+01
132 -3.20000e+01
156 -3.10000e+01
190 -3.00000e+01
310 -2.80000e+01
354 -2.70000e+01
372 -2.60000e+01
410 -2.50000e+01
447 -2.40000e+01
487 -2.30000e+01
618 -2.20000e+01
660 -2.10000e+01
676 -2.00000e+01
741 -1.90000e+01
819 -1.80000e+01
847 -1.70000e+01
941 -1.60000e+01
1034 -1.50000e+01
1083 -1.40000e+01
1230 -1.30000e+01
1279 -1.20000e+01
1334 -1.10000e+01
1538 -1.00000e+01
1614 -9.00000e+00
1680 -8.00000e+00
1759 -7.00000e+00
1988 -6.00000e+00
2361 -5.00000e+00
2449 -4.00000e+00
2534 -3.00000e+00
3011 -2.00000e+00
3176 -1.00000e+00
3311 +3.91000e+02
3440 +3.99000e+02
4104 +4.06000e+02
5091 +4.09000e+02
5173 +4.10000e+02
6130 +4.13000e+02
6659 +4.14000e+02
7468 +4.21000e+02
7931 +4.23000e+02
9141 +4.24000e+02
9981 +4.24000e+02
"function evaluation" "best-so-far f(x)"
1 -3.50000e+01
14 -3.40000e+01
53 -3.30000e+01
64 -3.20000e+01
73 -3.10000e+01
130 -3.00000e+01
165 -2.80000e+01
266 -2.70000e+01
291 -2.60000e+01
337 -2.50000e+01
493 -2.40000e+01
503 -2.30000e+01
547 -2.20000e+01
638 -2.10000e+01
659 -2.00000e+01
690 -1.90000e+01
766 -1.80000e+01
836 -1.70000e+01
885 -1.60000e+01
992 -1.50000e+01
1070 -1.40000e+01
1233 -1.30000e+01
1285 -1.20000e+01
1316 -1.10000e+01
1492 -1.00000e+01
1877 -9.00000e+00
2062 -8.00000e+00
2068 -7.00000e+00
2142 -6.00000e+00
2174 -5.00000e+00
2217 -4.00000e+00
2273 -3.00000e+00
2362 -2.00000e+00
2462 -1.00000e+00
2504 +3.70000e+02
2609 +3.72000e+02
2642 +3.77000e+02
2927 +3.94000e+02
3018 +3.98000e+02
3463 +4.04000e+02
4192 +4.06000e+02
4302 +4.07000e+02
5143 +4.10000e+02
5607 +4.12000e+02
6991 +4.14000e+02
7112 +4.15000e+02
7628 +4.25000e+02
9404 +4.27000e+02
9981 +4.27000e+02
"function evaluation" "best-so-far f(x)"
1 -3.50000e+01
13 -3.40000e+01
16 -3.30000e+01
68 -3.20000e+01
89 -3.10000e+01
172 -3.00000e+01
188 -2.90000e+01
318 -2.80000e+01
340 -2.70000e+01
355 -2.60000e+01
420 -2.50000e+01
451 -2.40000e+01
467 -2.30000e+01
606 -2.20000e+01
628 -2.10000e+01
892 -2.00000e+01
1034 -1.90000e+01
1128 -1.80000e+01
1144 -1.70000e+01
1244 -1.60000e+01
1323 -1.50000e+01
1355 -1.40000e+01
1758 -1.30000e+01
1803 -1.20000e+01
1946 -1.10000e+01
1979 -1.00000e+01
1996 -9.00000e+00
2039 -8.00000e+00
2096 -7.00000e+00
2118 -6.00000e+00
2232 -5.00000e+00
2287 -4.00000e+00
2350 -3.00000e+00
2463 -2.00000e+00
2518 -1.00000e+00
2734 +3.97000e+02
3031 +3.98000e+02
3230 +4.06000e+02
3567 +4.08000e+02
4950 +4.13000e+02
6865 +4.15000e+02
7638 +4.19000e+02
8018 +4.22000e+02
8137 +4.24000e+02
8601 +4.26000e+02
9981 +4.26000e+02
"function evaluation" "best-so-far f(x)"
1 -3.50000e+01
68 -3.30000e+01
86 -3.20000e+01
92 -3.10000e+01
186 -3.00000e+01
225 -2.90000e+01
270 -2.80000e+01
367 -2.70000e+01
381 -2.60000e+01
440 -2.50000e+01
593 -2.40000e+01
601 -2.30000e+01
646 -2.20000e+01
690 -2.10000e+01
733 -2.00000e+01
776 -1.90000e+01
854 -1.80000e+01
999 -1.70000e+01
1140 -1.60000e+01
1179 -1.50000e+01
1331 -1.40000e+01
1512 -1.30000e+01
1532 -1.20000e+01
1679 -1.00000e+01
1817 -9.00000e+00
1935 -8.00000e+00
2172 -7.00000e+00
2279 -6.00000e+00
2318 -5.00000e+00
2388 -4.00000e+00
2470 -3.00000e+00
2543 -2.00000e+00
2866 -1.00000e+00
3357 +3.81000e+02
3495 +3.89000e+02
3540 +3.93000e+02
3641 +3.96000e+02
4049 +4.06000e+02
4227 +4.10000e+02
4619 +4.11000e+02
5119 +4.13000e+02
5625 +4.16000e+02
6023 +4.17000e+02
6593 +4.18000e+02
7408 +4.21000e+02
7966 +4.23000e+02
8358 +4.24000e+02
8607 +4.27000e+02
9981 +4.27000e+02
"function evaluation" "best-so-far f(x)"
1 -3.50000e+01
80 -3.40000e+01
134 -3.30000e+01
165 -3.20000e+01
201 -3.10000e+01
239 -3.00000e+01
241 -2.90000e+01
304 -2.80000e+01
452 -2.70000e+01
469 -2.60000e+01
507 -2.50000e+01
559 -2.40000e+01
576 -2.30000e+01
599 -2.20000e+01
830 -2.10000e+01
907 -2.00000e+01
1009 -1.90000e+01
1256 -1.80000e+01
1496 -1.70000e+01
1596 -1.60000e+01
1611 -1.50000e+01
1633 -1.40000e+01
1718 -1.30000e+01
1785 -1.20000e+01
1837 -1.10000e+01
1937 -1.00000e+01
1949 -9.00000e+00
1963 -8.00000e+00
1975 -7.00000e+00
1980 -6.00000e+00
2018 -5.00000e+00
2039 -4.00000e+00
2140 -3.00000e+00
2333 -2.00000e+00
2422 -1.00000e+00
2962 +3.60000e+02
3251 +3.84000e+02
3460 +3.89000e+02
3842 +3.90000e+02
3896 +3.93000e+02
4563 +4.00000e+02
4982 +4.10000e+02
4997 +4.15000e+02
5004 +4.21000e+02
5617 +4.24000e+02
6319 +4.26000e+02
8710 +4.27000e+02
8794 +4.28000e+02
9981 +4.28000e+02
"function evaluation" "best-so-far f(x)"
1 -3.50000e+01
53 -3.40000e+01
157 -3.30000e+01
190 -3.20000e+01
278 -3.00000e+01
314 -2.90000e+01
324 -2.80000e+01
401 -2.70000e+01
615 -2.60000e+01
677 -2.50000e+01
723 -2.40000e+01
739 -2.30000e+01
861 -2.20000e+01
1009 -2.10000e+01
1086 -2.00000e+01
1158 -1.90000e+01
1204 -1.80000e+01
1296 -1.70000e+01
1318 -1.60000e+01
1384 -1.50000e+01
1450 -1.40000e+01
1509 -1.30000e+01
1593 -1.20000e+01
1599 -1.00000e+01
1688 -9.00000e+00
1719 -8.00000e+00
2017 -7.00000e+00
2302 -6.00000e+00
2644 -5.00000e+00
2675 -4.00000e+00
2739 -3.00000e+00
2925 -2.00000e+00
3078 -1.00000e+00
3215 +3.90000e+02
3393 +3.92000e+02
3489 +4.06000e+02
4577 +4.13000e+02
6155 +4.15000e+02
6318 +4.20000e+02
7644 +4.21000e+02
9981 +4.21000e+02
"function evaluation" "best-so-far f(x)"
1 -3.50000e+01
2 -3.40000e+01
12 -3.30000e+01
73 -3.20000e+01
140 -3.10000e+01
182 -3.00000e+01
279 -2.90000e+01
323 -2.80000e+01
378 -2.70000e+01
384 -2.60000e+01
411 -2.50000e+01
434 -2.40000e+01
470 -2.30000e+01
502 -2.20000e+01
524 -2.10000e+01
538 -2.00000e+01
573 -1.90000e+01
648 -1.80000e+01
777 -1.70000e+01
807 -1.60000e+01
950 -1.50000e+01
1052 -1.40000e+01
1135 -1.30000e+01
1275 -1.20000e+01
1335 -9.00000e+00
1496 -8.00000e+00
1548 -7.00000e+00
1603 -6.00000e+00
1934 -5.00000e+00
1974 -4.00000e+00
2039 -3.00000e+00
2147 -2.00000e+00
2333 -1.00000e+00
2430 +3.59000e+02
2448 +3.68000e+02
2708 +3.70000e+02
3200 +3.86000e+02
3399 +3.87000e+02
3966 +3.88000e+02
3979 +3.90000e+02
4218 +3.95000e+02
4313 +3.97000e+02
4317 +3.99000e+02
4571 +4.04000e+02
4724 +4.09000e+02
4798 +4.10000e+02
4803 +4.14000e+02
4849 +4.16000e+02
6182 +4.17000e+02
6781 +4.19000e+02
7010 +4.23000e+02
9438 +4.24000e+02
9981 +4.24000e+02
"function evaluation" "best-so-far f(x)"
1 -3.50000e+01
65 -3.40000e+01
115 -3.30000e+01
128 -3.10000e+01
210 -3.00000e+01
370 -2.90000e+01
395 -2.80000e+01
431 -2.70000e+01
447 -2.50000e+01
477 -2.40000e+01
510 -2.30000e+01
578 -2.20000e+01
656 -2.10000e+01
680 -2.00000e+01
764 -1.90000e+01
816 -1.80000e+01
846 -1.70000e+01
881 -1.60000e+01
1043 -1.50000e+01
1231 -1.40000e+01
1261 -1.30000e+01
1287 -1.20000e+01
1310 -1.10000e+01
1326 -1.00000e+01
1363 -9.00000e+00
1534 -8.00000e+00
1736 -7.00000e+00
1789 -6.00000e+00
1872 -5.00000e+00
1892 -4.00000e+00
2021 -3.00000e+00
2197 -2.00000e+00
2304 -1.00000e+00
2318 +3.79000e+02
2435 +3.91000e+02
5800 +3.99000e+02
6333 +4.00000e+02
6820 +4.04000e+02
7005 +4.09000e+02
7235 +4.14000e+02
8012 +4.15000e+02
9451 +4.19000e+02
9981 +4.19000e+02
"function evaluation" "best-so-far f(x)"
1 -3.50000e+01
4 -3.40000e+01
94 -3.30000e+01
152 -3.20000e+01
206 -3.00000e+01
223 -2.90000e+01
231 -2.80000e+01
273 -2.70000e+01
354 -2.60000e+01
456 -2.50000e+01
554 -2.40000e+01
702 -2.30000e+01
803 -2.20000e+01
845 -2.10000e+01
902 -2.00000e+01
1143 -1.90000e+01
1180 -1.80000e+01
1298 -1.70000e+01
1362 -1.60000e+01
1501 -1.50000e+01
1545 -1.40000e+01
1582 -1.30000e+01
1711 -1.20000e+01
1810 -1.10000e+01
2100 -1.00000e+01
2131 -9.00000e+00
2259 -8.00000e+00
2504 -7.00000e+00
2573 -6.00000e+00
2919 -5.00000e+00
2985 -4.00000e+00
3220 -3.00000e+00
3306 -2.00000e+00
3613 -1.00000e+00
3805 +3.70000e+02
3821 +3.71000e+02
3846 +3.76000e+02
3913 +3.87000e+02
4082 +3.88000e+02
4338 +4.00000e+02
4592 +4.03000e+02
4610 +4.04000e+02
4789 +4.07000e+02
6442 +4.08000e+02
6898 +4.09000e+02
7138 +4.13000e+02
7591 +4.15000e+02
9627 +4.18000e+02
9642 +4.19000e+02
9981 +4.19000e+02
"function evaluation" "best-so-far f(x)"
1 -3.50000e+01
10 -3.40000e+01
21 -3.20000e+01
104 -3.10000e+01
140 -3.00000e+01
159 -2.90000e+01
166 -2.80000e+01
332 -2.70000e+01
420 -2.60000e+01
586 -2.50000e+01
631 -2.40000e+01
810 -2.30000e+01
835 -2.20000e+01
860 -2.10000e+01
956 -2.00000e+01
1007 -1.90000e+01
1056 -1.80000e+01
1170 -1.70000e+01
1227 -1.60000e+01
1271 -1.40000e+01
1287 -1.30000e+01
1385 -1.20000e+01
1486 -1.10000e+01
1538 -1.00000e+01
1719 -9.00000e+00
1769 -8.00000e+00
1914 -7.00000e+00
2005 -6.00000e+00
2098 -5.00000e+00
2114 -4.00000e+00
2219 -3.00000e+00
2284 -2.00000e+00
2677 -1.00000e+00
2838 +3.51000e+02
2844 +3.66000e+02
2858 +3.76000e+02
2872 +3.82000e+02
2881 +3.89000e+02
3072 +3.91000e+02
3254 +3.95000e+02
3303 +4.04000e+02
3524 +4.07000e+02
4275 +4.08000e+02
4611 +4.13000e+02
5297 +4.16000e+02
5701 +4.20000e+02
7060 +4.21000e+02
7166 +4.22000e+02
8256 +4.23000e+02
9981 +4.23000e+02
"function evaluation" "best-so-far f(x)"
1 -3.50000e+01
3 -3.40000e+01
17 -3.30000e+01
46 -3.20000e+01
140 -3.10000e+01
157 -3.00000e+01
169 -2.90000e+01
243 -2.80000e+01
270 -2.70000e+01
304 -2.60000e+01
359 -2.50000e+01
395 -2.40000e+01
498 -2.30000e+01
505 -2.20000e+01
618 -2.10000e+01
640 -2.00000e+01
657 -1.90000e+01
763 -1.80000e+01
1051 -1.70000e+01
1120 -1.60000e+01
1232 -1.50000e+01
1277 -1.40000e+01
1469 -1.30000e+01
1529 -1.20000e+01
1637 -1.10000e+01
1684 -1.00000e+01
1858 -9.00000e+00
1962 -8.00000e+00
2021 -7.00000e+00
2107 -6.00000e+00
2130 -4.00000e+00
2250 -3.00000e+00
2339 -2.00000e+00
2430 -1.00000e+00
2680 +3.47000e+02
2754 +3.70000e+02
2910 +3.76000e+02
3044 +3.93000e+02
3130 +4.02000e+02
3856 +4.04000e+02
4170 +4.06000e+02
4266 +4.09000e+02
4367 +4.10000e+02
5399 +4.11000e+02
5796 +4.13000e+02
5922 +4.17000e+02
6404 +4.20000e+02
8175 +4.24000e+02
9981 +4.24000e+02
"function evaluation" "best-so-far f(x)"
1 -3.50000e+01
16 -3.40000e+01
49 -3.30000e+01
104 -3.20000e+01
121 -3.10000e+01
247 -3.00000e+01
276 -2.90000e+01
371 -2.80000e+01
394 -2.70000e+01
456 -2.60000e+01
460 -2.50000e+01
549 -2.40000e+01
593 -2.30000e+01
701 -2.10000e+01
785 -2.00000e+01
856 -1.90000e+01
942 -1.80000e+01
995 -1.70000e+01
1155 -1.60000e+01
1166 -1.40000e+01
1459 -1.30000e+01
1554 -1.10000e+01
1733 -1.00000e+01
1864 -9.00000e+00
1949 -8.00000e+00
2010 -7.00000e+00
2181 -6.00000e+00
2243 -5.00000e+00
2423 -4.00000e+00
3000 -3.00000e+00
3081 -2.00000e+00
3345 -1.00000e+00
3462 +3.55000e+02
3464 +3.64000e+02
3711 +3.71000e+02
3749 +3.73000e+02
3829 +3.77000e+02
4065 +3.78000e+02
4091 +3.89000e+02
4458 +3.90000e+02
4556 +3.92000e+02
4637 +3.93000e+02
5382 +4.02000e+02
5532 +4.03000e+02
5703 +4.12000e+02
6105 +4.15000e+02
6383 +4.17000e+02
6572 +4.18000e+02
8868 +4.21000e+02
9379 +4.25000e+02
9981 +4.25000e+02
"function evaluation" "best-so-far f(x)"
1 -3.50000e+01
21 -3.40000e+01
44 -3.30000e+01
51 -3.20000e+01
91 -3.10000e+01
134 -3.00000e+01
199 -2.90000e+01
250 -2.80000e+01
269 -2.70000e+01
313 -2.60000e+01
446 -2.50000e+01
490 -2.40000e+01
509 -2.30000e+01
531 -2.20000e+01
589 -2.10000e+01
692 -2.00000e+01
755 -1.90000e+01
819 -1.80000e+01
829 -1.70000e+01
945 -1.60000e+01
1050 -1.50000e+01
1075 -1.40000e+01
1124 -1.30000e+01
1282 -1.20000e+01
1302 -1.10000e+01
1318 -1.00000e+01
1404 -9.00000e+00
1497 -8.00000e+00
1592 -7.00000e+00
1651 -6.00000e+00
1739 -5.00000e+00
1922 -4.00000e+00
1969 -3.00000e+00
2019 -2.00000e+00
2046 -1.00000e+00
2220 +3.64000e+02
3171 +3.79000e+02
3206 +3.86000e+02
3346 +3.95000e+02
3833 +4.08000e+02
5346 +4.09000e+02
5453 +4.14000e+02
6115 +4.16000e+02
6232 +4.21000e+02
9981 +4.21000e+02
"function evaluation" "best-so-far f(x)"
1 -3.50000e+01
8 -3.40000e+01
37 -3.30000e+01
154 -3.20000e+01
177 -3.10000e+01
190 -3.00000e+01
245 -2.90000e+01
295 -2.80000e+01
362 -2.70000e+01
395 -2.60000e+01
430 -2.50000e+01
478 -2.40000e+01
486 -2.30000e+01
703 -2.20000e+01
762 -2.10000e+01
911 -2.00000e+01
988 -1.90000e+01
1143 -1.80000e+01
1154 -1.70000e+01
1286 -1.60000e+01
1345 -1.50000e+01
1441 -1.40000e+01
1466 -1.30000e+01
1491 -1.20000e+01
1608 -1.10000e+01
1666 -1.00000e+01
1754 -9.00000e+00
2039 -8.00000e+00
2064 -7.00000e+00
2155 -6.00000e+00
2421 -5.00000e+00
2527 -4.00000e+00
2637 -3.00000e+00
2740 -2.00000e+00
2955 +3.84000e+02
3031 +3.89000e+02
3420 +3.92000e+02
3946 +3.93000e+02
4278 +3.94000e+02
4756 +3.95000e+02
4849 +3.97000e+02
5161 +4.01000e+02
6467 +4.06000e+02
6543 +4.09000e+02
6576 +4.12000e+02
7100 +4.13000e+02
8231 +4.19000e+02
8722 +4.20000e+02
8865 +4.25000e+02
9794 +4.28000e+02
9845 +4.29000e+02
9981 +4.29000e+02
"function evaluation" "best-so-far f(x)"
1 -3.50000e+01
54 -3.40000e+01
86 -3.30000e+01
119 -3.20000e+01
148 -3.10000e+01
255 -3.00000e+01
280 -2.80000e+01
333 -2.60000e+01
422 -2.50000e+01
469 -2.40000e+01
506 -2.30000e+01
518 -2.20000e+01
700 -2.10000e+01
725 -2.00000e+01
766 -1.90000e+01
820 -1.80000e+01
863 -1.70000e+01
961 -1.60000e+01
1095 -1.50000e+01
1141 -1.40000e+01
1170 -1.30000e+01
1240 -1.20000e+01
1317 -1.10000e+01
1326 -1.00000e+01
1367 -9.00000e+00
1468 -8.00000e+00
1644 -7.00000e+00
1697 -6.00000e+00
1779 -5.00000e+00
1808 -4.00000e+00
1954 -3.00000e+00
2123 -2.00000e+00
2207 -1.00000e+00
2332 +3.85000e+02
2389 +3.94000e+02
2452 +3.99000e+02
2537 +4.06000e+02
3760 +4.12000e+02
4095 +4.14000e+02
7674 +4.16000e+02
8764 +4.17000e+02
9098 +4.18000e+02
9981 +4.18000e+02
"function evaluation" "best-so-far f(x)"
1 -3.50000e+01
17 -3.40000e+01
88 -3.30000e+01
149 -3.20000e+01
215 -3.10000e+01
241 -3.00000e+01
253 -2.90000e+01
266 -2.80000e+01
280 -2.70000e+01
390 -2.60000e+01
487 -2.50000e+01
530 -2.40000e+01
568 -2.30000e+01
603 -2.20000e+01
763 -2.10000e+01
834 -2.00000e+01
939 -1.90000e+01
976 -1.80000e+01
1103 -1.70000e+01
1134 -1.60000e+01
1502 -1.50000e+01
1503 -1.40000e+01
1564 -1.30000e+01
1765 -1.20000e+01
1783 -1.10000e+01
1872 -1.00000e+01
1939 -9.00000e+00
2063 -8.00000e+00
2143 -7.00000e+00
2269 -6.00000e+00
2346 -5.00000e+00
2374 -4.00000e+00
2449 -3.00000e+00
2586 -2.00000e+00
2785 -1.00000e+00
2874 +3.87000e+02
2976 +3.90000e+02
3091 +3.96000e+02
3485 +3.99000e+02
3617 +4.01000e+02
4066 +4.04000e+02
4120 +4.05000e+02
4924 +4.06000e+02
5070 +4.07000e+02
5472 +4.11000e+02
5726 +4.16000e+02
6030 +4.19000e+02
6417 +4.20000e+02
7712 +4.22000e+02
7934 +4.24000e+02
9981 +4.24000e+02
"function evaluation" "best-so-far f(x)"
1 -3.50000e+01
48 -3.40000e+01
92 -3.30000e+01
122 -3.20000e+01
193 -3.10000e+01
338 -3.00000e+01
404 -2.90000e+01
507 -2.80000e+01
525 -2.70000e+01
560 -2.60000e+01
639 -2.50000e+01
655 -2.40000e+01
664 -2.30000e+01
696 -2.20000e+01
740 -2.10000e+01
857 -2.00000e+01
948 -1.90000e+01
955 -1.80000e+01
994 -1.70000e+01
995 -1.60000e+01
1136 -1.50000e+01
1160 -1.40000e+01
1189 -1.30000e+01
1217 -1.20000e+01
1301 -1.10000e+01
1305 -1.00000e+01
1513 -9.00000e+00
1664 -8.00000e+00
1682 -7.00000e+00
1780 -6.00000e+00
1796 -5.00000e+00
1839 -4.00000e+00
1870 -3.00000e+00
1916 -2.00000e+00
1970 -1.00000e+00
2128 +3.61000e+02
2166 +3.70000e+02
2261 +3.72000e+02
2853 +3.77000e+02
2915 +3.79000e+02
2960 +3.87000e+02
3111 +3.95000e+02
3856 +4.00000e+02
3990 +4.02000e+02
4213 +4.07000e+02
4446 +4.09000e+02
4844 +4.10000e+02
4849 +4.11000e+02
4997 +4.12000e+02
5277 +4.13000e+02
5493 +4.14000e+02
5786 +4.15000e+02
7036 +4.18000e+02
7191 +4.22000e+02
9048 +4.24000e+02
9817 +4.27000e+02
9981 +4.27000e+02
"function evaluation" "best-so-far f(x)"
1 -3.50000e+01
15 -3.40000e+01
153 -3.30000e+01
183 -3.20000e+01
263 -3.10000e+01
297 -3.00000e+01
390 -2.90000e+01
455 -2.80000e+01
470 -2.70000e+01
485 -2.60000e+01
543 -2.50000e+01
576 -2.40000e+01
593 -2.30000e+01
657 -2.20000e+01
712 -2.10000e+01
840 -2.00000e+01
912 -1.80000e+01
1014 -1.70000e+01
1060 -1.60000e+01
1061 -1.50000e+01
1155 -1.40000e+01
1193 -1.30000e+01
1226 -1.20000e+01
1312 -1.10000e+01
1379 -1.00000e+01
1430 -9.00000e+00
1553 -8.00000e+00
1629 -7.00000e+00
1747 -6.00000e+00
1965 -5.00000e+00
2093 -4.00000e+00
2169 -3.00000e+00
2201 -2.00000e+00
2325 -1.00000e+00
2571 +3.76000e+02
2929 +3.91000e+02
3668 +4.03000e+02
5088 +4.04000e+02
6961 +4.05000e+02
7212 +4.09000e+02
8141 +4.10000e+02
8365 +4.11000e+02
9598 +4.12000e+02
9649 +4.17000e+02
9981 +4.17000e+02
"function evaluation" "best-so-far f(x)"
1 -3.50000e+01
7 -3.40000e+01
51 -3.30000e+01
66 -3.20000e+01
77 -3.10000e+01
155 -3.00000e+01
237 -2.90000e+01
247 -2.80000e+01
282 -2.70000e+01
292 -2.60000e+01
327 -2.50000e+01
346 -2.40000e+01
363 -2.30000e+01
374 -2.20000e+01
403 -2.10000e+01
412 -2.00000e+01
566 -1.90000e+01
624 -1.80000e+01
640 -1.70000e+01
731 -1.60000e+01
795 -1.50000e+01
812 -1.40000e+01
816 -1.30000e+01
1099 -1.20000e+01
1143 -1.10000e+01
1154 -1.00000e+01
1370 -9.00000e+00
1460 -8.00000e+00
1572 -7.00000e+00
1722 -6.00000e+00
1749 -5.00000e+00
1766 -4.00000e+00
1817 -3.00000e+00
2056 -2.00000e+00
2224 -1.00000e+00
2321 +3.78000e+02
2554 +3.81000e+02
2648 +3.82000e+02
2769 +3.89000e+02
2901 +4.00000e+02
3018 +4.05000e+02
3174 +4.08000e+02
3190 +4.10000e+02
5403 +4.11000e+02
5942 +4.12000e+02
7721 +4.13000e+02
8553 +4.15000e+02
9981 +4.15000e+02
"function evaluation" "best-so-far f(x)"
1 -3.50000e+01
33 -3.30000e+01
73 -3.20000e+01
100 -3.10000e+01
128 -3.00000e+01
153 -2.90000e+01
200 -2.80000e+01
298 -2.70000e+01
458 -2.60000e+01
482 -2.50000e+01
559 -2.40000e+01
560 -2.20000e+01
635 -2.10000e+01
655 -2.00000e+01
683 -1.90000e+01
713 -1.80000e+01
804 -1.70000e+01
900 -1.60000e+01
992 -1.50000e+01
1007 -1.40000e+01
1121 -1.30000e+01
1184 -1.20000e+01
1413 -1.10000e+01
1451 -1.00000e+01
1491 -9.00000e+00
1672 -8.00000e+00
1831 -7.00000e+00
1982 -6.00000e+00
2677 -5.00000e+00
2899 -4.00000e+00
3056 -3.00000e+00
3124 -2.00000e+00
3191 -1.00000e+00
3233 +3.91000e+02
3432 +4.00000e+02
3611 +4.08000e+02
4043 +4.12000e+02
4792 +4.13000e+02
4882 +4.18000e+02
5058 +4.22000e+02
5728 +4.25000e+02
6031 +4.31000e+02
8458 +4.32000e+02
9079 +4.33000e+02
9981 +4.33000e+02
"function evaluation" "best-so-far f(x)"
1 -3.50000e+01
2 -3.40000e+01
70 -3.30000e+01
164 -3.20000e+01
249 -3.10000e+01
263 -3.00000e+01
291 -2.90000e+01
293 -2.80000e+01
312 -2.70000e+01
394 -2.60000e+01
399 -2.50000e+01
416 -2.40000e+01
439 -2.30000e+01
496 -2.20000e+01
549 -2.10000e+01
579 -2.00000e+01
631 -1.90000e+01
654 -1.80000e+01
708 -1.60000e+01
785 -1.50000e+01
823 -1.40000e+01
993 -1.30000e+01
1014 -1.20000e+01
1083 -1.10000e+01
1102 -1.00000e+01
1253 -9.00000e+00
1524 -8.00000e+00
1613 -7.00000e+00
1647 -6.00000e+00
1728 -5.00000e+00
1748 -4.00000e+00
1763 -3.00000e+00
2254 -2.00000e+00
2412 -1.00000e+00
2487 +3.85000e+02
2759 +3.90000e+02
2888 +3.96000e+02
3202 +4.03000e+02
4113 +4.07000e+02
4564 +4.13000e+02
7814 +4.14000e+02
8483 +4.17000e+02
9087 +4.18000e+02
9981 +4.18000e+02
"function evaluation" "best-so-far f(x)"
1 -3.50000e+01
74 -3.40000e+01
124 -3.30000e+01
152 -3.20000e+01
240 -3.10000e+01
277 -3.00000e+01
294 -2.90000e+01
379 -2.80000e+01
460 -2.70000e+01
473 -2.60000e+01
492 -2.50000e+01
524 -2.40000e+01
652 -2.30000e+01
818 -2.20000e+01
868 -2.10000e+01
976 -2.00000e+01
1200 -1.90000e+01
1245 -1.80000e+01
1292 -1.70000e+01
1423 -1.60000e+01
1505 -1.50000e+01
1519 -1.40000e+01
1537 -1.30000e+01
1551 -1.20000e+01
1556 -1.10000e+01
1624 -1.00000e+01
1750 -9.00000e+00
1872 -8.00000e+00
2063 -7.00000e+00
2174 -6.00000e+00
2347 -5.00000e+00
2381 -4.00000e+00
2401 -3.00000e+00
2445 -2.00000e+00
2459 -1.00000e+00
2591 +3.76000e+02
2798 +3.84000e+02
3019 +3.91000e+02
3025 +3.97000e+02
3347 +3.99000e+02
3566 +4.06000e+02
3699 +4.07000e+02
4148 +4.09000e+02
4421 +4.13000e+02
4721 +4.14000e+02
4979 +4.15000e+02
6133 +4.16000e+02
6165 +4.19000e+02
7109 +4.22000e+02
7821 +4.23000e+02
9981 +4.23000e+02
