"function evaluation" "best-so-far f(x)"
1 -3.50000e+01
51 -3.40000e+01
199 -3.30000e+01
315 -3.20000e+01
824 -3.10000e+01
960 -3.00000e+01
1001 -2.90000e+01
1747 -2.80000e+01
1761 -2.70000e+01
2102 -2.60000e+01
2541 -2.50000e+01
3767 -2.40000e+01
3798 -2.30000e+01
4545 -2.10000e+01
4616 -2.00000e+01
4666 -1.90000e+01
6396 -1.80000e+01
6513 -1.70000e+01
7141 -1.60000e+01
8135 -1.50000e+01
9325 -1.40000e+01
9779 -1.30000e+01
9951 -1.30000e+01
"function evaluation" "best-so-far f(x)"
1 -3.50000e+01
65 -3.40000e+01
109 -3.30000e+01
216 -3.20000e+01
611 -3.10000e+01
650 -3.00000e+01
1296 -2.90000e+01
1807 -2.80000e+01
2319 -2.70000e+01
3490 -2.60000e+01
4032 -2.50000e+01
4174 -2.40000e+01
4629 -2.30000e+01
4679 -2.20000e+01
5331 -2.10000e+01
5526 -2.00000e+01
6188 -1.90000e+01
6742 -1.80000e+01
7390 -1.70000e+01
7869 -1.60000e+01
8437 -1.50000e+01
8605 -1.40000e+01
9951 -1.40000e+01
"function evaluation" "best-so-far f(x)"
1 -3.50000e+01
6 -3.40000e+01
146 -3.30000e+01
431 -3.20000e+01
640 -3.10000e+01
746 -3.00000e+01
1644 -2.90000e+01
1774 -2.80000e+01
2456 -2.70000e+01
3037 -2.60000e+01
3158 -2.50000e+01
3524 -2.40000e+01
3818 -2.30000e+01
4127 -2.20000e+01
4231 -2.10000e+01
4752 -2.00000e+01
5816 -1.90000e+01
6728 -1.70000e+01
6966 -1.60000e+01
7558 -1.50000e+01
7566 -1.40000e+01
8250 -1.30000e+01
9185 -1.10000e+01
9951 -1.10000e+01
"function evaluation" "best-so-far f(x)"
1 -3.50000e+01
46 -3.40000e+01
92 -3.30000e+01
230 -3.20000e+01
439 -3.00000e+01
1122 -2.90000e+01
1338 -2.80000e+01
1343 -2.70000e+01
2063 -2.60000e+01
2267 -2.50000e+01
2496 -2.40000e+01
2787 -2.30000e+01
2879 -2.20000e+01
3182 -2.00000e+01
3353 -1.90000e+01
3370 -1.80000e+01
6068 -1.70000e+01
6307 -1.60000e+01
6483 -1.50000e+01
6533 -1.40000e+01
7275 -1.30000e+01
7572 -1.20000e+01
8296 -1.10000e+01
9951 -1.10000e+01
"function evaluation" "best-so-far f(x)"
1 -3.50000e+01
84 -3.40000e+01
223 -3.30000e+01
484 -3.20000e+01
734 -3.10000e+01
827 -3.00000e+01
1233 -2.90000e+01
2057 -2.80000e+01
2126 -2.70000e+01
2832 -2.60000e+01
3303 -2.50000e+01
3331 -2.40000e+01
4682 -2.30000e+01
5150 -2.20000e+01
5342 -2.10000e+01
6042 -2.00000e+01
6447 -1.90000e+01
6787 -1.80000e+01
7055 -1.70000e+01
7790 -1.60000e+01
9268 -1.50000e+01
9672 -1.40000e+01
9951 -1.40000e+01
"function evaluation" "best-so-far f(x)"
1 -3.50000e+01
16 -3.40000e+01
56 -3.30000e+01
114 -3.20000e+01
212 -3.10000e+01
500 -3.00000e+01
523 -2.90000e+01
825 -2.80000e+01
853 -2.70000e+01
1692 -2.60000e+01
1789 -2.50000e+01
1950 -2.40000e+01
2251 -2.30000e+01
3318 -2.20000e+01
3359 -2.10000e+01
3827 -1.90000e+01
3995 -1.80000e+01
4950 -1.70000e+01
6870 -1.60000e+01
7185 -1.50000e+01
7299 -1.40000e+01
7797 -1.30000e+01
8461 -1.20000e+01
9951 -1.20000e+01
"function evaluation" "best-so-far f(x)"
1 -3.50000e+01
51 -3.40000e+01
73 -3.30000e+01
159 -3.20000e+01
180 -3.10000e+01
285 -3.00000e+01
1010 -2.90000e+01
1462 -2.70000e+01
2273 -2.50000e+01
2502 -2.40000e+01
2782 -2.30000e+01
3296 -2.20000e+01
4215 -2.10000e+01
4339 -2.00000e+01
4827 -1.90000e+01
5543 -1.80000e+01
6919 -1.70000e+01
7122 -1.60000e+01
7169 -1.50000e+01
7184 -1.30000e+01
7551 -1.20000e+01
8538 -1.10000e+01
9070 -1.00000e+01
9951 -1.00000e+01
"function evaluation" "best-so-far f(x)"
1 -3.50000e+01
11 -3.40000e+01
173 -3.30000e+01
204 -3.20000e+01
554 -3.10000e+01
984 -3.00000e+01
1251 -2.90000e+01
1363 -2.80000e+01
1514 -2.70000e+01
1635 -2.60000e+01
2649 -2.50000e+01
2846 -2.40000e+01
3102 -2.30000e+01
3233 -2.20000e+01
3315 -2.10000e+01
3485 -2.00000e+01
3601 -1.90000e+01
4595 -1.80000e+01
5070 -1.70000e+01
5384 -1.60000e+01
5646 -1.50000e+01
5685 -1.40000e+01
6370 -1.30000e+01
6558 -1.20000e+01
6588 -1.10000e+01
7498 -1.00000e+01
7759 -9.00000e+00
9504 -8.00000e+00
9689 -7.00000e+00
9716 -6.00000e+00
9951 -6.00000e+00
"function evaluation" "best-so-far f(x)"
1 -3.50000e+01
17 -3.40000e+01
110 -3.30000e+01
373 -3.20000e+01
574 -3.10000e+01
1035 -3.00000e+01
1220 -2.90000e+01
1271 -2.80000e+01
1657 -2.70000e+01
1993 -2.60000e+01
2319 -2.50000e+01
2612 -2.40000e+01
2830 -2.30000e+01
3034 -2.20000e+01
3183 -2.10000e+01
3370 -2.00000e+01
4389 -1.90000e+01
4938 -1.80000e+01
5145 -1.70000e+01
5765 -1.60000e+01
5871 -1.50000e+01
6463 -1.40000e+01
6955 -1.30000e+01
8591 -1.20000e+01
9951 -1.20000e+01
"function evaluation" "best-so-far f(x)"
1 -3.50000e+01
41 -3.40000e+01
178 -3.30000e+01
200 -3.20000e+01
636 -3.10000e+01
689 -2.90000e+01
1475 -2.70000e+01
1657 -2.60000e+01
2355 -2.50000e+01
2732 -2.40000e+01
2802 -2.30000e+01
3362 -2.20000e+01
3573 -2.10000e+01
3794 -2.00000e+01
5096 -1.90000e+01
6147 -1.80000e+01
7340 -1.70000e+01
8020 -1.60000e+01
9156 -1.50000e+01
9705 -1.30000e+01
9951 -1.30000e+01
"function evaluation" "best-so-far f(x)"
1 -3.50000e+01
2 -3.40000e+01
157 -3.30000e+01
262 -3.20000e+01
349 -3.10000e+01
815 -3.00000e+01
1144 -2.90000e+01
1355 -2.80000e+01
1777 -2.70000e+01
2691 -2.60000e+01
2743 -2.50000e+01
2782 -2.40000e+01
2905 -2.30000e+01
3497 -2.20000e+01
3505 -2.10000e+01
3978 -2.00000e+01
5106 -1.90000e+01
5686 -1.80000e+01
5779 -1.70000e+01
6968 -1.60000e+01
7855 -1.50000e+01
8791 -1.40000e+01
8967 -1.30000e+01
9269 -1.10000e+01
9910 -1.00000e+01
9951 -1.00000e+01
"function evaluation" "best-so-far f(x)"
1 -3.50000e+01
3 -3.40000e+01
7 -3.30000e+01
267 -3.20000e+01
701 -3.10000e+01
1073 -3.00000e+01
1123 -2.90000e+01
1229 -2.80000e+01
1883 -2.70000e+01
2405 -2.60000e+01
2932 -2.50000e+01
3185 -2.40000e+01
3948 -2.30000e+01
4034 -2.20000e+01
4059 -2.10000e+01
5022 -2.00000e+01
6093 -1.80000e+01
6432 -1.70000e+01
6736 -1.60000e+01
7206 -1.50000e+01
7554 -1.40000e+01
7869 -1.30000e+01
8231 -1.20000e+01
9208 -1.10000e+01
9951 -1.10000e+01
"function evaluation" "best-so-far f(x)"
1 -3.50000e+01
5 -3.40000e+01
117 -3.30000e+01
312 -3.20000e+01
524 -3.10000e+01
694 -3.00000e+01
821 -2.90000e+01
904 -2.80000e+01
1179 -2.70000e+01
1389 -2.60000e+01
1672 -2.50000e+01
1847 -2.40000e+01
1913 -2.30000e+01
2708 -2.20000e+01
3128 -2.10000e+01
3205 -2.00000e+01
3646 -1.90000e+01
3940 -1.80000e+01
4945 -1.70000e+01
5171 -1.60000e+01
5498 -1.50000e+01
5939 -1.40000e+01
6225 -1.30000e+01
7012 -1.20000e+01
8580 -1.10000e+01
9951 -1.10000e+01
"function evaluation" "best-so-far f(x)"
1 -3.50000e+01
19 -3.40000e+01
53 -3.30000e+01
57 -3.20000e+01
750 -3.10000e+01
973 -3.00000e+01
1072 -2.90000e+01
1307 -2.80000e+01
1713 -2.60000e+01
2016 -2.50000e+01
2226 -2.40000e+01
2250 -2.30000e+01
2393 -2.20000e+01
2756 -2.10000e+01
3005 -2.00000e+01
4619 -1.90000e+01
5889 -1.80000e+01
5929 -1.70000e+01
6113 -1.60000e+01
7172 -1.50000e+01
7255 -1.40000e+01
7312 -1.30000e+01
7847 -1.20000e+01
8130 -1.10000e+01
8905 -1.00000e+01
9544 -9.00000e+00
9951 -9.00000e+00
"function evaluation" "best-so-far f(x)"
1 -3.50000e+01
11 -3.40000e+01
102 -3.30000e+01
138 -3.20000e+01
298 -3.10000e+01
599 -3.00000e+01
709 -2.90000e+01
1377 -2.80000e+01
1455 -2.70000e+01
1644 -2.60000e+01
2942 -2.50000e+01
3255 -2.40000e+01
3619 -2.30000e+01
3997 -2.20000e+01
4304 -2.10000e+01
4782 -2.00000e+01
5125 -1.90000e+01
5485 -1.80000e+01
5560 -1.70000e+01
5679 -1.60000e+01
5920 -1.50000e+01
7528 -1.40000e+01
9951 -1.40000e+01
"function evaluation" "best-so-far f(x)"
1 -3.50000e+01
2 -3.40000e+01
37 -3.30000e+01
100 -3.20000e+01
344 -3.10000e+01
362 -3.00000e+01
462 -2.90000e+01
981 -2.80000e+01
1012 -2.70000e+01
2204 -2.60000e+01
2409 -2.50000e+01
2560 -2.40000e+01
4063 -2.30000e+01
4153 -2.20000e+01
4302 -2.10000e+01
4386 -2.00000e+01
4821 -1.90000e+01
5373 -1.80000e+01
6333 -1.70000e+01
6479 -1.60000e+01
7233 -1.50000e+01
7293 -1.40000e+01
7409 -1.30000e+01
7842 -1.20000e+01
8594 -1.10000e+01
8685 -1.00000e+01
9951 -1.00000e+01
"function evaluation" "best-so-far f(x)"
1 -3.50000e+01
22 -3.40000e+01
72 -3.30000e+01
318 -3.20000e+01
820 -3.10000e+01
935 -3.00000e+01
1334 -2.90000e+01
1724 -2.80000e+01
1738 -2.70000e+01
1849 -2.60000e+01
2354 -2.50000e+01
3095 -2.40000e+01
3315 -2.30000e+01
3794 -2.20000e+01
4013 -2.10000e+01
4272 -2.00000e+01
4557 -1.90000e+01
4642 -1.80000e+01
5006 -1.70000e+01
5271 -1.60000e+01
6861 -1.50000e+01
7008 -1.40000e+01
8824 -1.30000e+01
9003 -1.20000e+01
9951 -1.20000e+01
"function evaluation" "best-so-far f(x)"
1 -3.50000e+01
20 -3.40000e+01
345 -3.30000e+01
457 -3.20000e+01
614 -3.10000e+01
639 -3.00000e+01
644 -2.90000e+01
906 -2.80000e+01
1436 -2.70000e+01
1819 -2.60000e+01
2505 -2.50000e+01
2668 -2.40000e+01
4711 -2.30000e+01
5149 -2.10000e+01
5367 -2.00000e+01
5379 -1.90000e+01
5956 -1.80000e+01
6193 -1.70000e+01
6466 -1.60000e+01
6839 -1.40000e+01
6949 -1.30000e+01
7049 -1.20000e+01
7443 -1.10000e+01
9050 -1.00000e+01
9951 -1.00000e+01
"function evaluation" "best-so-far f(x)"
1 -3.50000e+01
32 -3.40000e+01
253 -3.30000e+01
547 -3.20000e+01
683 -3.10000e+01
749 -3.00000e+01
1520 -2.90000e+01
1866 -2.80000e+01
2293 -2.70000e+01
2858 -2.60000e+01
3014 -2.50000e+01
3310 -2.30000e+01
4168 -2.20000e+01
4458 -2.10000e+01
4899 -2.00000e+01
5417 -1.90000e+01
5771 -1.80000e+01
5825 -1.70000e+01
8103 -1.60000e+01
8610 -1.50000e+01
9428 -1.40000e+01
9877 -1.30000e+01
9912 -1.20000e+01
9951 -1.20000e+01
"function evaluation" "best-so-far f(x)"
1 -3.50000e+01
2 -3.40000e+01
33 -3.30000e+01
115 -3.20000e+01
221 -3.10000e+01
595 -3.00000e+01
1028 -2.90000e+01
1517 -2.80000e+01
1652 -2.70000e+01
2644 -2.60000e+01
2779 -2.50000e+01
2905 -2.40000e+01
3559 -2.30000e+01
4464 -2.20000e+01
4625 -2.10000e+01
4691 -2.00000e+01
6125 -1.90000e+01
6502 -1.80000e+01
6581 -1.70000e+01
6699 -1.60000e+01
7687 -1.50000e+01
8664 -1.40000e+01
8744 -1.30000e+01
8940 -1.20000e+01
9951 -1.20000e+01
"function evaluation" "best-so-far f(x)"
1 -3.50000e+01
49 -3.40000e+01
100 -3.30000e+01
464 -3.20000e+01
895 -3.10000e+01
1238 -3.00000e+01
1587 -2.90000e+01
1687 -2.80000e+01
2145 -2.60000e+01
2863 -2.50000e+01
2931 -2.40000e+01
3090 -2.30000e+01
4232 -2.20000e+01
4234 -2.10000e+01
4323 -2.00000e+01
4835 -1.90000e+01
5236 -1.80000e+01
5774 -1.70000e+01
6833 -1.60000e+01
7476 -1.50000e+01
7562 -1.40000e+01
7907 -1.30000e+01
7999 -1.20000e+01
9054 -1.10000e+01
9352 -1.00000e+01
9951 -1.00000e+01
"function evaluation" "best-so-far f(x)"
1 -3.50000e+01
26 -3.40000e+01
250 -3.30000e+01
402 -3.20000e+01
408 -3.00000e+01
868 -2.90000e+01
1057 -2.80000e+01
1266 -2.70000e+01
2079 -2.60000e+01
2559 -2.50000e+01
2607 -2.40000e+01
3461 -2.30000e+01
4439 -2.20000e+01
4846 -2.10000e+01
6049 -2.00000e+01
6062 -1.90000e+01
7032 -1.80000e+01
7133 -1.70000e+01
7946 -1.60000e+01
8572 -1.50000e+01
9047 -1.40000e+01
9500 -1.30000e+01
9719 -1.20000e+01
9875 -1.10000e+01
9951 -1.10000e+01
"function evaluation" "best-so-far f(x)"
1 -3.50000e+01
23 -3.40000e+01
85 -3.30000e+01
131 -3.20000e+01
266 -3.10000e+01
659 -3.00000e+01
669 -2.90000e+01
937 -2.80000e+01
1145 -2.70000e+01
1618 -2.60000e+01
2548 -2.50000e+01
3019 -2.40000e+01
3435 -2.30000e+01
4088 -2.20000e+01
5920 -2.10000e+01
6266 -2.00000e+01
7624 -1.90000e+01
8374 -1.80000e+01
8462 -1.70000e+01
8817 -1.60000e+01
9555 -1.50000e+01
9787 -1.40000e+01
9951 -1.40000e+01
"function evaluation" "best-so-far f(x)"
1 -3.50000e+01
21 -3.40000e+01
52 -3.30000e+01
135 -3.20000e+01
571 -3.10000e+01
575 -3.00000e+01
1025 -2.90000e+01
1162 -2.80000e+01
1456 -2.70000e+01
1773 -2.60000e+01
2897 -2.50000e+01
3148 -2.40000e+01
3868 -2.30000e+01
4013 -2.20000e+01
4476 -2.10000e+01
4713 -2.00000e+01
4912 -1.90000e+01
4994 -1.80000e+01
5458 -1.70000e+01
5943 -1.60000e+01
6513 -1.50000e+01
6708 -1.40000e+01
6717 -1.30000e+01
6829 -1.20000e+01
7561 -1.10000e+01
7862 -1.00000e+01
8485 -9.00000e+00
8589 -8.00000e+00
9951 -8.00000e+00
"function evaluation" "best-so-far f(x)"
1 -3.50000e+01
33 -3.40000e+01
87 -3.30000e+01
266 -3.20000e+01
351 -3.10000e+01
1056 -3.00000e+01
1164 -2.90000e+01
1175 -2.80000e+01
1931 -2.70000e+01
2474 -2.60000e+01
2583 -2.50000e+01
2825 -2.40000e+01
3523 -2.30000e+01
3790 -2.20000e+01
4165 -2.10000e+01
4242 -2.00000e+01
4444 -1.90000e+01
4868 -1.80000e+01
4947 -1.70000e+01
5228 -1.60000e+01
6599 -1.50000e+01
6915 -1.40000e+01
6918 -1.30000e+01
7102 -1.20000e+01
7977 -1.10000e+01
8992 -1.00000e+01
9951 -1.00000e+01
"function evaluation" "best-so-far f(x)"
1 -3.50000e+01
35 -3.40000e+01
76 -3.30000e+01
112 -3.20000e+01
700 -3.10000e+01
1329 -3.00000e+01
1615 -2.90000e+01
2267 -2.80000e+01
2414 -2.70000e+01
3098 -2.60000e+01
3100 -2.50000e+01
3123 -2.40000e+01
3250 -2.30000e+01
3359 -2.20000e+01
3489 -2.10000e+01
4325 -2.00000e+01
4529 -1.90000e+01
4590 -1.80000e+01
4686 -1.70000e+01
5241 -1.60000e+01
5324 -1.50000e+01
5959 -1.40000e+01
6133 -1.30000e+01
6506 -1.20000e+01
7432 -1.10000e+01
7478 -1.00000e+01
7607 -9.00000e+00
8024 -8.00000e+00
9951 -8.00000e+00
"function evaluation" "best-so-far f(x)"
1 -3.50000e+01
12 -3.40000e+01
145 -3.30000e+01
186 -3.20000e+01
371 -3.10000e+01
516 -3.00000e+01
1493 -2.90000e+01
1874 -2.80000e+01
1893 -2.70000e+01
1895 -2.50000e+01
1918 -2.40000e+01
1949 -2.30000e+01
2128 -2.20000e+01
2154 -2.10000e+01
2278 -2.00000e+01
2641 -1.90000e+01
2809 -1.80000e+01
3272 -1.70000e+01
4179 -1.60000e+01
5885 -1.50000e+01
6241 -1.40000e+01
7137 -1.30000e+01
7247 -1.20000e+01
7884 -1.10000e+01
9951 -1.10000e+01
"function evaluation" "best-so-far f(x)"
1 -3.50000e+01
51 -3.40000e+01
217 -3.30000e+01
352 -3.20000e+01
550 -3.10000e+01
821 -3.00000e+01
1010 -2.90000e+01
1326 -2.80000e+01
1342 -2.70000e+01
1739 -2.50000e+01
3302 -2.40000e+01
3372 -2.30000e+01
3739 -2.20000e+01
4198 -2.10000e+01
4834 -2.00000e+01
5193 -1.80000e+01
5382 -1.70000e+01
5942 -1.60000e+01
7583 -1.50000e+01
7898 -1.40000e+01
8478 -1.30000e+01
9951 -1.30000e+01
"function evaluation" "best-so-far f(x)"
1 -3.50000e+01
3 -3.40000e+01
81 -3.20000e+01
346 -3.10000e+01
684 -3.00000e+01
762 -2.90000e+01
1097 -2.80000e+01
1252 -2.70000e+01
1705 -2.60000e+01
2297 -2.50000e+01
3217 -2.40000e+01
3449 -2.30000e+01
3572 -2.20000e+01
3648 -2.10000e+01
3801 -2.00000e+01
4143 -1.90000e+01
4574 -1.80000e+01
4651 -1.70000e+01
7327 -1.60000e+01
7925 -1.50000e+01
8345 -1.40000e+01
8365 -1.30000e+01
8413 -1.20000e+01
8480 -1.10000e+01
9333 -1.00000e+01
9951 -1.00000e+01
"function evaluation" "best-so-far f(x)"
1 -3.50000e+01
4 -3.40000e+01
122 -3.30000e+01
289 -3.20000e+01
694 -3.10000e+01
1028 -3.00000e+01
1591 -2.90000e+01
1985 -2.80000e+01
2641 -2.70000e+01
2888 -2.60000e+01
3420 -2.50000e+01
3760 -2.40000e+01
4206 -2.30000e+01
4825 -2.20000e+01
4979 -2.10000e+01
5244 -2.00000e+01
6410 -1.90000e+01
6719 -1.80000e+01
7300 -1.70000e+01
7587 -1.60000e+01
7877 -1.50000e+01
8663 -1.40000e+01
9107 -1.30000e+01
9951 -1.30000e+01
