"function evaluation" "best-so-far f(x)"
1 -3.50000e+01
16 -3.30000e+01
136 -3.20000e+01
215 -3.10000e+01
294 -3.00000e+01
339 -2.90000e+01
439 -2.80000e+01
469 -2.70000e+01
657 -2.60000e+01
705 -2.50000e+01
733 -2.40000e+01
826 -2.30000e+01
905 -2.20000e+01
969 -2.10000e+01
1123 -2.00000e+01
1262 -1.90000e+01
1325 -1.80000e+01
1394 -1.70000e+01
1580 -1.60000e+01
1703 -1.50000e+01
1862 -1.40000e+01
1896 -1.30000e+01
1924 -1.20000e+01
1997 -1.10000e+01
2078 -1.00000e+01
2254 -9.00000e+00
2324 -8.00000e+00
2472 -7.00000e+00
2817 -5.00000e+00
2905 -4.00000e+00
3106 -3.00000e+00
3246 -2.00000e+00
3636 -1.00000e+00
3822 +3.64000e+02
3870 +3.75000e+02
4018 +3.81000e+02
4098 +3.84000e+02
4158 +3.88000e+02
4406 +3.89000e+02
4462 +4.01000e+02
4934 +4.03000e+02
4973 +4.08000e+02
5096 +4.10000e+02
5498 +4.14000e+02
5556 +4.19000e+02
6075 +4.20000e+02
9951 +4.20000e+02
"function evaluation" "best-so-far f(x)"
1 -3.50000e+01
12 -3.40000e+01
147 -3.30000e+01
292 -3.20000e+01
361 -3.10000e+01
443 -3.00000e+01
525 -2.90000e+01
773 -2.80000e+01
812 -2.70000e+01
891 -2.60000e+01
938 -2.50000e+01
1092 -2.40000e+01
1222 -2.30000e+01
1302 -2.20000e+01
1409 -2.10000e+01
1620 -2.00000e+01
1732 -1.90000e+01
1817 -1.80000e+01
1913 -1.70000e+01
1949 -1.60000e+01
2130 -1.50000e+01
2265 -1.40000e+01
2388 -1.30000e+01
2423 -1.20000e+01
2676 -1.10000e+01
2805 -1.00000e+01
2945 -9.00000e+00
3053 -8.00000e+00
3164 -7.00000e+00
3212 -6.00000e+00
3527 -5.00000e+00
3625 -4.00000e+00
3714 -3.00000e+00
3870 -1.00000e+00
4182 +3.30000e+02
4697 +3.37000e+02
4766 +3.52000e+02
5629 +3.67000e+02
5940 +3.78000e+02
5992 +3.81000e+02
6135 +3.88000e+02
6292 +3.93000e+02
6896 +4.02000e+02
7384 +4.05000e+02
7849 +4.06000e+02
8037 +4.07000e+02
8167 +4.20000e+02
8496 +4.22000e+02
9647 +4.23000e+02
9951 +4.23000e+02
"function evaluation" "best-so-far f(x)"
1 -3.50000e+01
22 -3.40000e+01
154 -3.30000e+01
234 -3.20000e+01
313 -3.10000e+01
347 -3.00000e+01
420 -2.90000e+01
495 -2.80000e+01
549 -2.70000e+01
710 -2.60000e+01
747 -2.50000e+01
841 -2.40000e+01
943 -2.30000e+01
991 -2.20000e+01
1202 -2.10000e+01
1299 -2.00000e+01
1431 -1.90000e+01
1539 -1.80000e+01
1784 -1.70000e+01
1869 -1.60000e+01
1955 -1.50000e+01
2067 -1.40000e+01
2310 -1.30000e+01
2331 -1.20000e+01
2442 -1.10000e+01
2778 -1.00000e+01
3066 -9.00000e+00
3223 -8.00000e+00
3344 -7.00000e+00
3549 -6.00000e+00
3907 -5.00000e+00
3989 -4.00000e+00
4293 -3.00000e+00
4589 -2.00000e+00
4922 -1.00000e+00
4970 +3.32000e+02
5265 +3.49000e+02
5414 +3.68000e+02
5650 +3.89000e+02
5974 +3.96000e+02
7224 +4.09000e+02
9352 +4.18000e+02
9734 +4.22000e+02
9951 +4.22000e+02
"function evaluation" "best-so-far f(x)"
1 -3.50000e+01
56 -3.40000e+01
134 -3.20000e+01
235 -3.10000e+01
326 -3.00000e+01
377 -2.90000e+01
530 -2.80000e+01
662 -2.60000e+01
695 -2.50000e+01
874 -2.40000e+01
1036 -2.30000e+01
1198 -2.20000e+01
1243 -2.10000e+01
1361 -2.00000e+01
1531 -1.90000e+01
1549 -1.80000e+01
1609 -1.70000e+01
1696 -1.60000e+01
1780 -1.40000e+01
2044 -1.30000e+01
2078 -1.20000e+01
2218 -1.10000e+01
2227 -1.00000e+01
2450 -9.00000e+00
2664 -8.00000e+00
2826 -7.00000e+00
3053 -6.00000e+00
3266 -5.00000e+00
3489 -4.00000e+00
3543 -3.00000e+00
3724 -2.00000e+00
4077 -1.00000e+00
4135 +3.72000e+02
4294 +3.84000e+02
4304 +3.89000e+02
4455 +3.95000e+02
4676 +4.00000e+02
5684 +4.05000e+02
6058 +4.10000e+02
6180 +4.12000e+02
6434 +4.13000e+02
7248 +4.19000e+02
7972 +4.21000e+02
9951 +4.21000e+02
"function evaluation" "best-so-far f(x)"
1 -3.50000e+01
92 -3.40000e+01
183 -3.30000e+01
350 -3.20000e+01
425 -3.10000e+01
567 -3.00000e+01
568 -2.80000e+01
673 -2.70000e+01
702 -2.60000e+01
789 -2.50000e+01
1004 -2.40000e+01
1080 -2.30000e+01
1276 -2.20000e+01
1423 -2.10000e+01
1508 -2.00000e+01
1599 -1.90000e+01
1621 -1.80000e+01
1663 -1.70000e+01
1741 -1.60000e+01
1835 -1.50000e+01
2128 -1.40000e+01
2140 -1.30000e+01
2270 -1.20000e+01
2371 -1.10000e+01
2478 -1.00000e+01
2626 -9.00000e+00
2765 -8.00000e+00
3009 -7.00000e+00
3309 -6.00000e+00
3560 -5.00000e+00
3770 -4.00000e+00
3964 -3.00000e+00
4279 -2.00000e+00
4516 -1.00000e+00
4908 +3.53000e+02
5191 +3.69000e+02
5328 +3.76000e+02
5575 +3.83000e+02
6219 +3.87000e+02
6576 +4.00000e+02
6948 +4.03000e+02
7027 +4.07000e+02
7138 +4.13000e+02
7280 +4.14000e+02
9064 +4.17000e+02
9951 +4.17000e+02
"function evaluation" "best-so-far f(x)"
1 -3.50000e+01
13 -3.40000e+01
50 -3.30000e+01
198 -3.20000e+01
213 -3.10000e+01
324 -3.00000e+01
444 -2.90000e+01
528 -2.80000e+01
584 -2.70000e+01
713 -2.60000e+01
751 -2.50000e+01
900 -2.40000e+01
913 -2.30000e+01
1014 -2.20000e+01
1054 -2.10000e+01
1236 -2.00000e+01
1311 -1.90000e+01
1368 -1.80000e+01
1561 -1.70000e+01
1629 -1.60000e+01
1647 -1.50000e+01
1733 -1.40000e+01
1826 -1.30000e+01
1979 -1.20000e+01
2054 -1.10000e+01
2147 -1.00000e+01
2203 -9.00000e+00
2355 -8.00000e+00
2471 -7.00000e+00
2592 -6.00000e+00
2649 -5.00000e+00
2839 -4.00000e+00
3111 -3.00000e+00
3310 -2.00000e+00
3466 -1.00000e+00
3780 +3.55000e+02
3811 +3.57000e+02
3939 +3.75000e+02
4213 +3.81000e+02
4713 +3.85000e+02
5510 +3.86000e+02
5653 +3.87000e+02
5949 +3.88000e+02
5960 +3.90000e+02
6017 +3.91000e+02
6317 +3.95000e+02
6532 +4.03000e+02
6738 +4.09000e+02
6757 +4.11000e+02
7039 +4.14000e+02
7309 +4.16000e+02
8183 +4.24000e+02
9951 +4.24000e+02
"function evaluation" "best-so-far f(x)"
1 -3.50000e+01
91 -3.40000e+01
152 -3.30000e+01
295 -3.20000e+01
413 -3.10000e+01
553 -3.00000e+01
842 -2.90000e+01
984 -2.80000e+01
1016 -2.70000e+01
1170 -2.60000e+01
1337 -2.50000e+01
1342 -2.40000e+01
1519 -2.30000e+01
1621 -2.20000e+01
1785 -2.10000e+01
1867 -2.00000e+01
1871 -1.90000e+01
1973 -1.80000e+01
2104 -1.70000e+01
2191 -1.60000e+01
2285 -1.50000e+01
2459 -1.40000e+01
2561 -1.30000e+01
2641 -1.20000e+01
2758 -1.10000e+01
3014 -1.00000e+01
3092 -9.00000e+00
3324 -8.00000e+00
3422 -7.00000e+00
3813 -6.00000e+00
3875 -5.00000e+00
4031 -4.00000e+00
4140 -3.00000e+00
4366 -2.00000e+00
4387 -1.00000e+00
4825 +3.68000e+02
4839 +3.70000e+02
5217 +3.75000e+02
5786 +3.86000e+02
6201 +3.91000e+02
6532 +3.92000e+02
6888 +3.96000e+02
7660 +3.97000e+02
8420 +4.01000e+02
8464 +4.06000e+02
9951 +4.06000e+02
"function evaluation" "best-so-far f(x)"
1 -3.50000e+01
9 -3.40000e+01
100 -3.30000e+01
237 -3.20000e+01
268 -3.10000e+01
345 -3.00000e+01
409 -2.90000e+01
479 -2.80000e+01
672 -2.70000e+01
729 -2.60000e+01
820 -2.50000e+01
968 -2.40000e+01
1006 -2.30000e+01
1124 -2.20000e+01
1219 -2.10000e+01
1261 -2.00000e+01
1316 -1.90000e+01
1320 -1.80000e+01
1504 -1.70000e+01
1691 -1.60000e+01
1825 -1.50000e+01
1995 -1.40000e+01
2097 -1.30000e+01
2191 -1.20000e+01
2295 -1.10000e+01
2411 -1.00000e+01
2698 -9.00000e+00
2764 -8.00000e+00
2901 -7.00000e+00
2933 -6.00000e+00
3292 -5.00000e+00
3643 -4.00000e+00
3709 -3.00000e+00
3821 -2.00000e+00
4263 -1.00000e+00
4300 +3.42000e+02
4313 +3.45000e+02
4430 +3.51000e+02
4646 +3.56000e+02
4722 +3.66000e+02
4783 +3.84000e+02
5622 +3.97000e+02
6084 +3.98000e+02
7055 +4.08000e+02
7343 +4.11000e+02
7526 +4.13000e+02
7808 +4.17000e+02
9343 +4.19000e+02
9951 +4.19000e+02
"function evaluation" "best-so-far f(x)"
1 -3.50000e+01
4 -3.40000e+01
186 -3.20000e+01
250 -3.10000e+01
308 -3.00000e+01
471 -2.90000e+01
582 -2.80000e+01
617 -2.70000e+01
640 -2.60000e+01
761 -2.50000e+01
950 -2.40000e+01
1138 -2.30000e+01
1261 -2.20000e+01
1317 -2.10000e+01
1457 -2.00000e+01
1659 -1.90000e+01
1756 -1.80000e+01
1888 -1.70000e+01
2007 -1.60000e+01
2061 -1.50000e+01
2075 -1.40000e+01
2383 -1.30000e+01
2480 -1.20000e+01
2584 -1.10000e+01
2688 -1.00000e+01
2833 -9.00000e+00
3016 -8.00000e+00
3288 -7.00000e+00
3350 -6.00000e+00
3565 -5.00000e+00
3688 -4.00000e+00
3886 -2.00000e+00
4105 -1.00000e+00
4120 +3.44000e+02
4260 +3.74000e+02
4330 +3.85000e+02
4526 +3.94000e+02
5082 +3.97000e+02
5213 +4.00000e+02
6249 +4.01000e+02
7451 +4.07000e+02
7942 +4.09000e+02
8714 +4.11000e+02
8741 +4.12000e+02
8802 +4.13000e+02
8836 +4.16000e+02
9951 +4.16000e+02
"function evaluation" "best-so-far f(x)"
1 -3.50000e+01
75 -3.40000e+01
125 -3.30000e+01
202 -3.20000e+01
261 -3.10000e+01
324 -3.00000e+01
425 -2.90000e+01
566 -2.80000e+01
621 -2.70000e+01
700 -2.60000e+01
841 -2.50000e+01
1027 -2.40000e+01
1100 -2.30000e+01
1365 -2.20000e+01
1398 -2.10000e+01
1622 -2.00000e+01
1768 -1.90000e+01
1871 -1.80000e+01
2033 -1.70000e+01
2249 -1.60000e+01
2390 -1.50000e+01
2509 -1.40000e+01
2701 -1.30000e+01
2820 -1.20000e+01
2839 -1.10000e+01
2949 -1.00000e+01
3173 -9.00000e+00
3229 -8.00000e+00
3327 -7.00000e+00
3570 -6.00000e+00
3742 -5.00000e+00
3959 -4.00000e+00
4105 -3.00000e+00
4509 -2.00000e+00
4596 -1.00000e+00
4807 +3.13000e+02
4866 +3.22000e+02
5001 +3.30000e+02
5168 +3.54000e+02
5315 +3.55000e+02
5724 +3.65000e+02
5906 +3.74000e+02
5915 +3.81000e+02
6137 +3.86000e+02
6644 +3.89000e+02
7333 +3.91000e+02
7335 +3.98000e+02
8045 +4.04000e+02
8063 +4.06000e+02
9492 +4.07000e+02
9771 +4.08000e+02
9951 +4.08000e+02
"function evaluation" "best-so-far f(x)"
1 -3.50000e+01
7 -3.40000e+01
236 -3.30000e+01
356 -3.20000e+01
381 -3.00000e+01
483 -2.90000e+01
614 -2.80000e+01
652 -2.70000e+01
754 -2.60000e+01
774 -2.50000e+01
812 -2.40000e+01
951 -2.30000e+01
1042 -2.20000e+01
1070 -2.10000e+01
1128 -2.00000e+01
1157 -1.90000e+01
1269 -1.80000e+01
1404 -1.70000e+01
1491 -1.60000e+01
1557 -1.40000e+01
1727 -1.30000e+01
1758 -1.20000e+01
2047 -1.10000e+01
2181 -1.00000e+01
2479 -9.00000e+00
2505 -8.00000e+00
2760 -7.00000e+00
3080 -6.00000e+00
3245 -5.00000e+00
3480 -4.00000e+00
3607 -3.00000e+00
3871 -2.00000e+00
4335 -1.00000e+00
4407 +3.52000e+02
4581 +3.62000e+02
4687 +3.72000e+02
4932 +3.83000e+02
5150 +3.89000e+02
5479 +3.90000e+02
5987 +3.94000e+02
6026 +4.03000e+02
6323 +4.10000e+02
6581 +4.11000e+02
7822 +4.12000e+02
8381 +4.16000e+02
8666 +4.20000e+02
9951 +4.20000e+02
"function evaluation" "best-so-far f(x)"
1 -3.50000e+01
16 -3.40000e+01
54 -3.30000e+01
115 -3.20000e+01
208 -3.10000e+01
369 -3.00000e+01
485 -2.90000e+01
553 -2.80000e+01
587 -2.70000e+01
656 -2.60000e+01
757 -2.50000e+01
831 -2.40000e+01
883 -2.30000e+01
996 -2.20000e+01
1054 -2.10000e+01
1167 -2.00000e+01
1250 -1.90000e+01
1341 -1.80000e+01
1480 -1.70000e+01
1535 -1.60000e+01
1635 -1.50000e+01
1690 -1.40000e+01
1782 -1.30000e+01
1866 -1.20000e+01
1985 -1.10000e+01
2064 -1.00000e+01
2065 -9.00000e+00
2362 -8.00000e+00
2453 -7.00000e+00
2817 -6.00000e+00
2866 -5.00000e+00
3014 -4.00000e+00
3148 -3.00000e+00
3342 -2.00000e+00
3498 -1.00000e+00
3914 +3.49000e+02
3944 +3.63000e+02
4170 +3.66000e+02
4650 +3.72000e+02
5113 +3.75000e+02
5379 +3.78000e+02
5486 +3.84000e+02
5843 +3.85000e+02
5941 +3.98000e+02
6869 +3.99000e+02
6959 +4.10000e+02
8818 +4.16000e+02
9951 +4.16000e+02
"function evaluation" "best-so-far f(x)"
1 -3.50000e+01
188 -3.40000e+01
205 -3.20000e+01
298 -3.10000e+01
439 -3.00000e+01
482 -2.90000e+01
517 -2.80000e+01
568 -2.70000e+01
690 -2.60000e+01
711 -2.50000e+01
818 -2.40000e+01
901 -2.30000e+01
1030 -2.20000e+01
1113 -2.10000e+01
1207 -2.00000e+01
1329 -1.90000e+01
1495 -1.80000e+01
1580 -1.70000e+01
1627 -1.60000e+01
1734 -1.50000e+01
1920 -1.40000e+01
2174 -1.30000e+01
2295 -1.20000e+01
2414 -1.10000e+01
2592 -1.00000e+01
2706 -9.00000e+00
2884 -8.00000e+00
2965 -7.00000e+00
3135 -6.00000e+00
3347 -5.00000e+00
3399 -4.00000e+00
3789 -3.00000e+00
4201 -2.00000e+00
4259 -1.00000e+00
4306 +3.45000e+02
4350 +3.67000e+02
4498 +3.84000e+02
4675 +3.91000e+02
4888 +3.92000e+02
5388 +4.01000e+02
5837 +4.05000e+02
6039 +4.11000e+02
6202 +4.13000e+02
6342 +4.14000e+02
6530 +4.15000e+02
9951 +4.15000e+02
"function evaluation" "best-so-far f(x)"
1 -3.50000e+01
10 -3.40000e+01
57 -3.30000e+01
135 -3.20000e+01
194 -3.10000e+01
344 -3.00000e+01
404 -2.90000e+01
445 -2.80000e+01
513 -2.70000e+01
687 -2.60000e+01
690 -2.50000e+01
855 -2.40000e+01
923 -2.30000e+01
1003 -2.20000e+01
1107 -2.10000e+01
1165 -2.00000e+01
1273 -1.90000e+01
1352 -1.80000e+01
1385 -1.70000e+01
1594 -1.60000e+01
1820 -1.50000e+01
1945 -1.40000e+01
2042 -1.30000e+01
2070 -1.20000e+01
2145 -1.10000e+01
2254 -1.00000e+01
2437 -9.00000e+00
2506 -8.00000e+00
2592 -7.00000e+00
2835 -6.00000e+00
3033 -5.00000e+00
3095 -4.00000e+00
3288 -3.00000e+00
3325 -2.00000e+00
3643 -1.00000e+00
3833 +3.40000e+02
3878 +3.43000e+02
3933 +3.47000e+02
3952 +3.58000e+02
4065 +3.68000e+02
4172 +3.72000e+02
4293 +3.74000e+02
4518 +3.76000e+02
4583 +3.77000e+02
4822 +3.85000e+02
5194 +3.92000e+02
5621 +4.00000e+02
6223 +4.04000e+02
6609 +4.07000e+02
8014 +4.10000e+02
9210 +4.13000e+02
9951 +4.13000e+02
"function evaluation" "best-so-far f(x)"
1 -3.50000e+01
54 -3.40000e+01
167 -3.30000e+01
318 -3.20000e+01
462 -3.10000e+01
584 -3.00000e+01
685 -2.90000e+01
782 -2.80000e+01
878 -2.70000e+01
949 -2.60000e+01
1033 -2.50000e+01
1250 -2.40000e+01
1340 -2.30000e+01
1353 -2.20000e+01
1372 -2.10000e+01
1487 -2.00000e+01
1580 -1.90000e+01
1729 -1.80000e+01
1807 -1.70000e+01
1901 -1.60000e+01
1987 -1.50000e+01
2065 -1.40000e+01
2197 -1.30000e+01
2418 -1.20000e+01
2435 -1.00000e+01
2553 -9.00000e+00
2648 -8.00000e+00
2964 -7.00000e+00
3091 -6.00000e+00
3187 -5.00000e+00
3465 -4.00000e+00
3655 -3.00000e+00
3794 -2.00000e+00
3956 -1.00000e+00
4109 +3.36000e+02
4202 +3.52000e+02
4467 +3.62000e+02
4546 +3.73000e+02
5207 +3.74000e+02
5234 +3.75000e+02
5785 +3.92000e+02
5901 +3.96000e+02
6330 +4.02000e+02
6688 +4.04000e+02
6901 +4.11000e+02
8356 +4.15000e+02
9180 +4.17000e+02
9951 +4.17000e+02
"function evaluation" "best-so-far f(x)"
1 -3.50000e+01
40 -3.40000e+01
114 -3.30000e+01
233 -3.20000e+01
392 -3.10000e+01
450 -3.00000e+01
558 -2.90000e+01
665 -2.80000e+01
784 -2.70000e+01
897 -2.60000e+01
978 -2.50000e+01
990 -2.40000e+01
1225 -2.30000e+01
1245 -2.20000e+01
1320 -2.10000e+01
1366 -2.00000e+01
1427 -1.90000e+01
1563 -1.80000e+01
1576 -1.70000e+01
1653 -1.60000e+01
1737 -1.50000e+01
1920 -1.40000e+01
2035 -1.30000e+01
2166 -1.20000e+01
2298 -1.10000e+01
2458 -1.00000e+01
2575 -9.00000e+00
2604 -8.00000e+00
2716 -7.00000e+00
3016 -6.00000e+00
3172 -5.00000e+00
3259 -4.00000e+00
3352 -3.00000e+00
3544 -2.00000e+00
3628 -1.00000e+00
3801 +3.39000e+02
3923 +3.54000e+02
4276 +3.65000e+02
4510 +3.86000e+02
4733 +3.89000e+02
4789 +3.90000e+02
5465 +3.92000e+02
6140 +3.98000e+02
6212 +4.01000e+02
6866 +4.11000e+02
7228 +4.13000e+02
7857 +4.14000e+02
9951 +4.14000e+02
"function evaluation" "best-so-far f(x)"
1 -3.50000e+01
5 -3.40000e+01
98 -3.30000e+01
199 -3.20000e+01
261 -3.10000e+01
353 -3.00000e+01
396 -2.90000e+01
476 -2.80000e+01
595 -2.70000e+01
711 -2.60000e+01
804 -2.50000e+01
847 -2.40000e+01
1039 -2.30000e+01
1197 -2.20000e+01
1277 -2.10000e+01
1416 -2.00000e+01
1444 -1.90000e+01
1584 -1.80000e+01
1738 -1.70000e+01
1912 -1.60000e+01
2080 -1.50000e+01
2208 -1.40000e+01
2290 -1.30000e+01
2435 -1.20000e+01
2487 -1.10000e+01
2697 -1.00000e+01
2849 -9.00000e+00
3037 -8.00000e+00
3371 -6.00000e+00
3418 -5.00000e+00
3608 -4.00000e+00
3875 -3.00000e+00
4080 -2.00000e+00
4133 -1.00000e+00
4297 +3.65000e+02
5195 +3.71000e+02
5435 +3.76000e+02
5733 +3.77000e+02
5775 +3.94000e+02
7222 +3.99000e+02
7601 +4.01000e+02
7832 +4.09000e+02
8761 +4.11000e+02
9951 +4.11000e+02
"function evaluation" "best-so-far f(x)"
1 -3.50000e+01
55 -3.40000e+01
145 -3.30000e+01
178 -3.20000e+01
309 -3.10000e+01
420 -3.00000e+01
462 -2.90000e+01
499 -2.80000e+01
589 -2.70000e+01
672 -2.60000e+01
750 -2.50000e+01
859 -2.40000e+01
906 -2.20000e+01
992 -2.10000e+01
1081 -2.00000e+01
1260 -1.90000e+01
1395 -1.80000e+01
1551 -1.70000e+01
1575 -1.60000e+01
1806 -1.50000e+01
1981 -1.40000e+01
2201 -1.30000e+01
2294 -1.20000e+01
2439 -1.10000e+01
2716 -1.00000e+01
2884 -9.00000e+00
2953 -8.00000e+00
2994 -7.00000e+00
3124 -6.00000e+00
3226 -5.00000e+00
3310 -4.00000e+00
3575 -2.00000e+00
3806 -1.00000e+00
4352 +3.59000e+02
4454 +3.69000e+02
4542 +3.79000e+02
5226 +3.92000e+02
5373 +3.94000e+02
5494 +3.96000e+02
5725 +4.00000e+02
7680 +4.02000e+02
8886 +4.08000e+02
9464 +4.11000e+02
9809 +4.15000e+02
9951 +4.15000e+02
"function evaluation" "best-so-far f(x)"
1 -3.50000e+01
26 -3.40000e+01
59 -3.20000e+01
206 -3.10000e+01
337 -3.00000e+01
424 -2.90000e+01
455 -2.80000e+01
555 -2.70000e+01
633 -2.60000e+01
691 -2.50000e+01
778 -2.40000e+01
853 -2.30000e+01
925 -2.20000e+01
1148 -2.10000e+01
1149 -2.00000e+01
1216 -1.90000e+01
1478 -1.80000e+01
1555 -1.70000e+01
1753 -1.60000e+01
1849 -1.50000e+01
1868 -1.40000e+01
2019 -1.30000e+01
2084 -1.20000e+01
2152 -1.10000e+01
2495 -1.00000e+01
2560 -9.00000e+00
2703 -8.00000e+00
2918 -7.00000e+00
3084 -6.00000e+00
3452 -5.00000e+00
3601 -4.00000e+00
3755 -3.00000e+00
3893 -2.00000e+00
4075 -1.00000e+00
4416 +3.35000e+02
4505 +3.43000e+02
4570 +3.54000e+02
4711 +3.87000e+02
5060 +4.05000e+02
5373 +4.15000e+02
6935 +4.16000e+02
8348 +4.25000e+02
9951 +4.25000e+02
"function evaluation" "best-so-far f(x)"
1 -3.50000e+01
45 -3.40000e+01
195 -3.30000e+01
306 -3.20000e+01
390 -3.10000e+01
507 -3.00000e+01
696 -2.90000e+01
815 -2.80000e+01
855 -2.70000e+01
1007 -2.60000e+01
1100 -2.50000e+01
1171 -2.40000e+01
1268 -2.30000e+01
1466 -2.20000e+01
1670 -2.10000e+01
1777 -2.00000e+01
1948 -1.90000e+01
2043 -1.80000e+01
2108 -1.70000e+01
2486 -1.60000e+01
2578 -1.50000e+01
2757 -1.40000e+01
3001 -1.30000e+01
3041 -1.20000e+01
3095 -1.10000e+01
3221 -1.00000e+01
3440 -9.00000e+00
3849 -8.00000e+00
3902 -7.00000e+00
4085 -6.00000e+00
4273 -5.00000e+00
4437 -4.00000e+00
4589 -3.00000e+00
4704 -2.00000e+00
5068 -1.00000e+00
5104 +3.45000e+02
5261 +3.50000e+02
5374 +3.61000e+02
5395 +3.63000e+02
5441 +3.65000e+02
5464 +3.73000e+02
6050 +3.77000e+02
6290 +3.87000e+02
6711 +3.90000e+02
7250 +3.91000e+02
7510 +3.93000e+02
7705 +4.10000e+02
8149 +4.16000e+02
8383 +4.18000e+02
9755 +4.19000e+02
9762 +4.22000e+02
9951 +4.22000e+02
"function evaluation" "best-so-far f(x)"
1 -3.50000e+01
6 -3.40000e+01
79 -3.30000e+01
131 -3.20000e+01
239 -3.10000e+01
281 -3.00000e+01
332 -2.90000e+01
425 -2.80000e+01
466 -2.70000e+01
579 -2.60000e+01
610 -2.50000e+01
685 -2.40000e+01
741 -2.30000e+01
784 -2.20000e+01
885 -2.10000e+01
957 -2.00000e+01
1126 -1.90000e+01
1276 -1.80000e+01
1309 -1.70000e+01
1383 -1.60000e+01
1441 -1.50000e+01
1529 -1.40000e+01
1705 -1.30000e+01
1877 -1.20000e+01
2050 -1.10000e+01
2096 -1.00000e+01
2099 -9.00000e+00
2220 -7.00000e+00
2388 -6.00000e+00
2452 -5.00000e+00
2548 -3.00000e+00
2718 -2.00000e+00
2848 -1.00000e+00
2865 +3.50000e+02
3038 +3.54000e+02
3062 +3.59000e+02
3371 +3.66000e+02
3902 +3.77000e+02
4136 +3.90000e+02
4532 +3.91000e+02
4704 +3.96000e+02
4911 +3.97000e+02
5692 +4.01000e+02
7092 +4.04000e+02
8224 +4.07000e+02
8996 +4.15000e+02
9241 +4.16000e+02
9951 +4.16000e+02
"function evaluation" "best-so-far f(x)"
1 -3.50000e+01
24 -3.40000e+01
123 -3.30000e+01
152 -3.20000e+01
234 -3.10000e+01
305 -3.00000e+01
413 -2.90000e+01
520 -2.80000e+01
576 -2.70000e+01
739 -2.60000e+01
902 -2.50000e+01
968 -2.40000e+01
1221 -2.30000e+01
1237 -2.20000e+01
1317 -2.10000e+01
1479 -2.00000e+01
1616 -1.90000e+01
1742 -1.80000e+01
1872 -1.70000e+01
1913 -1.60000e+01
2055 -1.50000e+01
2192 -1.40000e+01
2662 -1.30000e+01
2982 -1.20000e+01
3108 -1.10000e+01
3270 -1.00000e+01
3273 -9.00000e+00
3553 -8.00000e+00
3744 -7.00000e+00
3951 -6.00000e+00
4074 -5.00000e+00
4520 -4.00000e+00
4617 -3.00000e+00
4812 -2.00000e+00
5249 -1.00000e+00
5337 +3.30000e+02
5528 +3.34000e+02
5750 +3.43000e+02
5776 +3.59000e+02
5897 +3.64000e+02
5938 +3.70000e+02
6103 +3.84000e+02
6844 +3.94000e+02
7138 +3.97000e+02
7155 +4.01000e+02
7454 +4.06000e+02
7481 +4.09000e+02
7629 +4.16000e+02
9361 +4.22000e+02
9951 +4.22000e+02
"function evaluation" "best-so-far f(x)"
1 -3.50000e+01
11 -3.40000e+01
46 -3.30000e+01
151 -3.20000e+01
230 -3.10000e+01
325 -3.00000e+01
504 -2.90000e+01
612 -2.80000e+01
703 -2.70000e+01
791 -2.60000e+01
863 -2.50000e+01
967 -2.40000e+01
1074 -2.30000e+01
1151 -2.20000e+01
1215 -2.10000e+01
1323 -2.00000e+01
1469 -1.90000e+01
1503 -1.70000e+01
1596 -1.60000e+01
1731 -1.50000e+01
1801 -1.40000e+01
1972 -1.30000e+01
2006 -1.20000e+01
2083 -1.10000e+01
2334 -1.00000e+01
2435 -9.00000e+00
2587 -8.00000e+00
2701 -7.00000e+00
2873 -6.00000e+00
2944 -5.00000e+00
3070 -4.00000e+00
3239 -3.00000e+00
3327 -2.00000e+00
3358 -1.00000e+00
3442 +3.49000e+02
3693 +3.70000e+02
4014 +3.77000e+02
4241 +3.92000e+02
4590 +3.95000e+02
4699 +3.96000e+02
4716 +3.97000e+02
4722 +4.01000e+02
4898 +4.02000e+02
5570 +4.08000e+02
6281 +4.11000e+02
7308 +4.12000e+02
7486 +4.13000e+02
7957 +4.14000e+02
9933 +4.16000e+02
9951 +4.16000e+02
"function evaluation" "best-so-far f(x)"
1 -3.50000e+01
58 -3.40000e+01
146 -3.30000e+01
202 -3.20000e+01
299 -3.10000e+01
384 -3.00000e+01
398 -2.90000e+01
483 -2.80000e+01
590 -2.70000e+01
606 -2.60000e+01
675 -2.50000e+01
750 -2.40000e+01
831 -2.30000e+01
1038 -2.20000e+01
1061 -2.10000e+01
1162 -2.00000e+01
1194 -1.90000e+01
1343 -1.80000e+01
1423 -1.70000e+01
1648 -1.60000e+01
1688 -1.50000e+01
1773 -1.40000e+01
1876 -1.30000e+01
2033 -1.20000e+01
2280 -1.10000e+01
2384 -1.00000e+01
2560 -9.00000e+00
2774 -8.00000e+00
2915 -7.00000e+00
3183 -6.00000e+00
3314 -5.00000e+00
3510 -4.00000e+00
3646 -3.00000e+00
3832 -2.00000e+00
4139 -1.00000e+00
4544 +3.30000e+02
4572 +3.33000e+02
4746 +3.49000e+02
4958 +3.59000e+02
5031 +3.65000e+02
5170 +3.66000e+02
5519 +3.76000e+02
5986 +3.84000e+02
6280 +3.91000e+02
6709 +4.01000e+02
7190 +4.09000e+02
8221 +4.12000e+02
8704 +4.15000e+02
9951 +4.15000e+02
"function evaluation" "best-so-far f(x)"
1 -3.50000e+01
26 -3.40000e+01
79 -3.30000e+01
143 -3.20000e+01
281 -3.10000e+01
296 -3.00000e+01
384 -2.90000e+01
514 -2.80000e+01
631 -2.70000e+01
815 -2.60000e+01
914 -2.50000e+01
1026 -2.40000e+01
1201 -2.20000e+01
1298 -2.10000e+01
1385 -2.00000e+01
1415 -1.90000e+01
1595 -1.80000e+01
1731 -1.70000e+01
1864 -1.60000e+01
2092 -1.50000e+01
2257 -1.40000e+01
2314 -1.30000e+01
2398 -1.20000e+01
2509 -1.10000e+01
2577 -1.00000e+01
2752 -9.00000e+00
2918 -8.00000e+00
2998 -6.00000e+00
3072 -5.00000e+00
3328 -3.00000e+00
3515 -2.00000e+00
3768 -1.00000e+00
3921 +3.39000e+02
4066 +3.45000e+02
4187 +3.52000e+02
4543 +3.64000e+02
4628 +3.67000e+02
4682 +3.68000e+02
4707 +3.71000e+02
4709 +3.74000e+02
5050 +3.76000e+02
5067 +3.84000e+02
5303 +3.86000e+02
5707 +3.90000e+02
6048 +4.04000e+02
6775 +4.08000e+02
9951 +4.08000e+02
"function evaluation" "best-so-far f(x)"
1 -3.50000e+01
37 -3.40000e+01
231 -3.30000e+01
283 -3.20000e+01
430 -3.10000e+01
501 -3.00000e+01
675 -2.90000e+01
769 -2.80000e+01
921 -2.70000e+01
927 -2.60000e+01
1045 -2.50000e+01
1067 -2.40000e+01
1198 -2.30000e+01
1279 -2.20000e+01
1453 -2.10000e+01
1515 -2.00000e+01
1747 -1.90000e+01
1846 -1.80000e+01
1848 -1.70000e+01
2086 -1.60000e+01
2196 -1.50000e+01
2199 -1.40000e+01
2466 -1.30000e+01
2633 -1.20000e+01
2819 -1.10000e+01
2933 -1.00000e+01
3221 -9.00000e+00
3278 -8.00000e+00
3368 -7.00000e+00
3489 -6.00000e+00
3713 -5.00000e+00
3849 -4.00000e+00
3886 -3.00000e+00
4036 -2.00000e+00
4437 -1.00000e+00
4549 +3.46000e+02
4602 +3.60000e+02
4653 +3.64000e+02
4678 +3.67000e+02
4711 +3.72000e+02
4848 +3.83000e+02
4996 +3.85000e+02
5454 +3.92000e+02
5670 +4.03000e+02
5717 +4.04000e+02
6674 +4.07000e+02
8026 +4.08000e+02
8075 +4.10000e+02
8381 +4.13000e+02
8800 +4.15000e+02
9592 +4.16000e+02
9951 +4.16000e+02
"function evaluation" "best-so-far f(x)"
1 -3.50000e+01
53 -3.40000e+01
172 -3.20000e+01
379 -3.10000e+01
408 -3.00000e+01
498 -2.90000e+01
679 -2.80000e+01
749 -2.70000e+01
826 -2.50000e+01
888 -2.40000e+01
950 -2.30000e+01
1024 -2.20000e+01
1196 -2.10000e+01
1243 -2.00000e+01
1364 -1.90000e+01
1533 -1.80000e+01
1597 -1.70000e+01
1605 -1.60000e+01
1763 -1.50000e+01
1863 -1.40000e+01
2028 -1.30000e+01
2189 -1.20000e+01
2396 -1.10000e+01
2496 -1.00000e+01
2524 -9.00000e+00
2794 -8.00000e+00
2973 -7.00000e+00
3123 -6.00000e+00
3288 -5.00000e+00
3523 -4.00000e+00
3681 -3.00000e+00
4004 -2.00000e+00
4062 -1.00000e+00
4327 +3.35000e+02
4468 +3.47000e+02
4564 +3.49000e+02
5117 +3.54000e+02
5155 +3.60000e+02
5505 +3.61000e+02
5509 +3.67000e+02
5521 +3.70000e+02
6215 +3.72000e+02
6469 +3.73000e+02
6925 +3.77000e+02
7024 +3.81000e+02
7646 +3.82000e+02
7887 +3.90000e+02
8625 +3.92000e+02
9247 +3.97000e+02
9812 +4.00000e+02
9951 +4.00000e+02
"function evaluation" "best-so-far f(x)"
1 -3.50000e+01
12 -3.40000e+01
22 -3.30000e+01
70 -3.20000e+01
184 -3.10000e+01
278 -3.00000e+01
380 -2.90000e+01
465 -2.80000e+01
624 -2.70000e+01
630 -2.60000e+01
761 -2.50000e+01
867 -2.40000e+01
965 -2.30000e+01
1033 -2.20000e+01
1202 -2.10000e+01
1329 -2.00000e+01
1372 -1.90000e+01
1439 -1.80000e+01
1507 -1.70000e+01
1653 -1.60000e+01
1747 -1.50000e+01
2087 -1.40000e+01
2352 -1.30000e+01
2500 -1.20000e+01
2677 -1.10000e+01
2845 -1.00000e+01
2963 -9.00000e+00
3076 -8.00000e+00
3122 -7.00000e+00
3273 -6.00000e+00
3297 -5.00000e+00
3527 -4.00000e+00
3778 -3.00000e+00
3912 -2.00000e+00
3952 -1.00000e+00
4035 +3.67000e+02
5112 +3.71000e+02
5400 +3.90000e+02
5613 +3.93000e+02
5698 +4.02000e+02
5894 +4.06000e+02
6216 +4.07000e+02
6529 +4.08000e+02
6689 +4.09000e+02
8305 +4.10000e+02
9029 +4.12000e+02
9088 +4.19000e+02
9951 +4.19000e+02
"function evaluation" "best-so-far f(x)"
1 -3.50000e+01
16 -3.40000e+01
83 -3.30000e+01
123 -3.20000e+01
198 -3.10000e+01
209 -3.00000e+01
271 -2.90000e+01
362 -2.80000e+01
473 -2.70000e+01
538 -2.60000e+01
676 -2.50000e+01
898 -2.40000e+01
970 -2.30000e+01
1073 -2.20000e+01
1179 -2.10000e+01
1199 -2.00000e+01
1322 -1.90000e+01
1525 -1.80000e+01
1678 -1.70000e+01
1803 -1.60000e+01
1945 -1.50000e+01
1958 -1.40000e+01
2178 -1.30000e+01
2275 -1.20000e+01
2591 -1.10000e+01
2736 -1.00000e+01
2978 -9.00000e+00
3050 -8.00000e+00
3131 -7.00000e+00
3348 -6.00000e+00
3500 -5.00000e+00
3649 -4.00000e+00
4016 -3.00000e+00
4428 -2.00000e+00
4512 -1.00000e+00
4901 +3.69000e+02
5172 +3.80000e+02
5786 +3.83000e+02
5868 +3.85000e+02
5966 +3.88000e+02
6404 +3.89000e+02
6430 +3.90000e+02
6800 +3.97000e+02
8503 +4.06000e+02
9189 +4.10000e+02
9951 +4.10000e+02
"function evaluation" "best-so-far f(x)"
1 -3.50000e+01
14 -3.40000e+01
94 -3.30000e+01
197 -3.20000e+01
267 -3.10000e+01
391 -3.00000e+01
478 -2.90000e+01
558 -2.80000e+01
663 -2.70000e+01
726 -2.60000e+01
845 -2.40000e+01
974 -2.30000e+01
1013 -2.20000e+01
1064 -2.10000e+01
1281 -2.00000e+01
1297 -1.90000e+01
1433 -1.80000e+01
1524 -1.70000e+01
1597 -1.60000e+01
1868 -1.50000e+01
1968 -1.40000e+01
2122 -1.30000e+01
2216 -1.20000e+01
2317 -1.10000e+01
2377 -1.00000e+01
2462 -8.00000e+00
2572 -7.00000e+00
2635 -6.00000e+00
3003 -5.00000e+00
3132 -4.00000e+00
3219 -3.00000e+00
3288 -2.00000e+00
3952 -1.00000e+00
4185 +3.84000e+02
4487 +3.89000e+02
4892 +3.91000e+02
5383 +3.93000e+02
6040 +3.98000e+02
6572 +4.02000e+02
7546 +4.14000e+02
9278 +4.16000e+02
9951 +4.16000e+02
