"function evaluation" "best-so-far f(x)"
1 -3.50000e+01
71 -3.40000e+01
92 -3.30000e+01
112 -3.20000e+01
172 -3.10000e+01
351 -3.00000e+01
388 -2.90000e+01
396 -2.80000e+01
527 -2.70000e+01
593 -2.60000e+01
678 -2.50000e+01
732 -2.40000e+01
969 -2.30000e+01
999 -2.10000e+01
1011 -2.00000e+01
1041 -1.90000e+01
1063 -1.70000e+01
1146 -1.60000e+01
1241 -1.50000e+01
1258 -1.40000e+01
1482 -1.30000e+01
1496 -1.20000e+01
1568 -1.10000e+01
1689 -1.00000e+01
1846 -9.00000e+00
2101 -8.00000e+00
2150 -7.00000e+00
2162 -6.00000e+00
2357 -5.00000e+00
2408 -4.00000e+00
2620 -3.00000e+00
2655 -2.00000e+00
2804 -1.00000e+00
2960 +3.61000e+02
3225 +3.64000e+02
3705 +3.84000e+02
3878 +3.89000e+02
4089 +3.93000e+02
4339 +3.95000e+02
4732 +3.96000e+02
5324 +4.02000e+02
5328 +4.05000e+02
5988 +4.06000e+02
5993 +4.07000e+02
6230 +4.11000e+02
6383 +4.14000e+02
6936 +4.17000e+02
8027 +4.18000e+02
8046 +4.21000e+02
9991 +4.21000e+02
"function evaluation" "best-so-far f(x)"
1 -3.50000e+01
28 -3.40000e+01
35 -3.30000e+01
42 -3.20000e+01
75 -3.10000e+01
83 -3.00000e+01
212 -2.90000e+01
305 -2.80000e+01
316 -2.70000e+01
328 -2.60000e+01
383 -2.50000e+01
514 -2.40000e+01
520 -2.30000e+01
590 -2.20000e+01
630 -2.10000e+01
666 -2.00000e+01
685 -1.90000e+01
706 -1.80000e+01
715 -1.70000e+01
772 -1.60000e+01
1007 -1.50000e+01
1041 -1.40000e+01
1086 -1.30000e+01
1254 -1.20000e+01
1280 -1.10000e+01
1387 -1.00000e+01
1459 -9.00000e+00
1628 -8.00000e+00
1726 -7.00000e+00
1756 -6.00000e+00
1860 -5.00000e+00
1881 -4.00000e+00
1890 -3.00000e+00
2096 -2.00000e+00
2127 -1.00000e+00
2695 +3.62000e+02
2898 +3.72000e+02
3240 +3.79000e+02
3466 +3.82000e+02
3588 +3.88000e+02
3867 +4.00000e+02
3891 +4.03000e+02
3932 +4.04000e+02
3942 +4.08000e+02
3951 +4.13000e+02
6221 +4.17000e+02
7467 +4.23000e+02
9356 +4.26000e+02
9991 +4.26000e+02
"function evaluation" "best-so-far f(x)"
1 -3.50000e+01
32 -3.40000e+01
45 -3.30000e+01
115 -3.20000e+01
148 -3.10000e+01
183 -3.00000e+01
267 -2.90000e+01
320 -2.60000e+01
472 -2.50000e+01
530 -2.40000e+01
601 -2.30000e+01
604 -2.20000e+01
675 -2.00000e+01
695 -1.90000e+01
910 -1.80000e+01
921 -1.70000e+01
955 -1.60000e+01
1033 -1.50000e+01
1052 -1.40000e+01
1262 -1.30000e+01
1308 -1.20000e+01
1413 -1.10000e+01
1439 -1.00000e+01
1514 -9.00000e+00
1578 -8.00000e+00
1672 -7.00000e+00
2095 -6.00000e+00
2168 -5.00000e+00
2613 -3.00000e+00
2644 -2.00000e+00
2738 -1.00000e+00
2933 +3.78000e+02
3091 +3.84000e+02
3284 +3.85000e+02
3330 +3.97000e+02
3697 +4.06000e+02
3888 +4.08000e+02
5152 +4.09000e+02
6114 +4.10000e+02
6304 +4.13000e+02
8462 +4.16000e+02
9991 +4.16000e+02
"function evaluation" "best-so-far f(x)"
1 -3.50000e+01
9 -3.40000e+01
36 -3.30000e+01
190 -3.20000e+01
212 -3.10000e+01
259 -3.00000e+01
288 -2.90000e+01
357 -2.80000e+01
423 -2.70000e+01
459 -2.60000e+01
510 -2.50000e+01
534 -2.40000e+01
578 -2.30000e+01
626 -2.20000e+01
646 -2.10000e+01
709 -2.00000e+01
808 -1.90000e+01
818 -1.80000e+01
885 -1.60000e+01
924 -1.50000e+01
989 -1.40000e+01
1062 -1.30000e+01
1261 -1.20000e+01
1525 -1.10000e+01
1632 -1.00000e+01
1736 -9.00000e+00
1748 -8.00000e+00
1921 -7.00000e+00
1966 -6.00000e+00
1999 -5.00000e+00
2248 -4.00000e+00
2399 -3.00000e+00
2589 -2.00000e+00
2641 -1.00000e+00
2694 +3.96000e+02
2915 +4.05000e+02
3032 +4.13000e+02
4332 +4.14000e+02
5248 +4.15000e+02
5623 +4.20000e+02
9991 +4.20000e+02
"function evaluation" "best-so-far f(x)"
1 -3.50000e+01
19 -3.30000e+01
37 -3.20000e+01
75 -3.10000e+01
141 -3.00000e+01
159 -2.90000e+01
170 -2.80000e+01
211 -2.70000e+01
269 -2.60000e+01
303 -2.50000e+01
341 -2.40000e+01
427 -2.30000e+01
461 -2.20000e+01
494 -2.10000e+01
513 -2.00000e+01
546 -1.90000e+01
602 -1.80000e+01
636 -1.70000e+01
802 -1.60000e+01
869 -1.50000e+01
903 -1.40000e+01
1061 -1.30000e+01
1170 -1.20000e+01
1283 -1.10000e+01
1323 -1.00000e+01
1324 -9.00000e+00
1386 -8.00000e+00
1468 -7.00000e+00
1543 -6.00000e+00
1609 -5.00000e+00
1751 -4.00000e+00
1922 -3.00000e+00
1935 -2.00000e+00
1978 -1.00000e+00
2220 +3.83000e+02
2394 +4.01000e+02
2752 +4.11000e+02
3879 +4.14000e+02
4080 +4.16000e+02
5336 +4.18000e+02
6058 +4.19000e+02
6078 +4.21000e+02
6682 +4.23000e+02
7199 +4.27000e+02
9991 +4.27000e+02
"function evaluation" "best-so-far f(x)"
1 -3.50000e+01
5 -3.40000e+01
54 -3.30000e+01
74 -3.20000e+01
139 -3.10000e+01
196 -3.00000e+01
303 -2.90000e+01
313 -2.80000e+01
342 -2.70000e+01
401 -2.60000e+01
415 -2.50000e+01
457 -2.40000e+01
492 -2.30000e+01
535 -2.20000e+01
564 -2.10000e+01
610 -2.00000e+01
659 -1.90000e+01
735 -1.80000e+01
736 -1.70000e+01
774 -1.60000e+01
791 -1.50000e+01
876 -1.40000e+01
900 -1.30000e+01
1151 -1.20000e+01
1178 -1.10000e+01
1217 -1.00000e+01
1323 -9.00000e+00
1544 -8.00000e+00
1641 -7.00000e+00
1697 -6.00000e+00
1725 -5.00000e+00
1813 -4.00000e+00
1876 -3.00000e+00
2088 -2.00000e+00
2204 -1.00000e+00
2276 +3.57000e+02
2508 +3.67000e+02
2620 +3.78000e+02
2819 +3.88000e+02
2955 +3.89000e+02
3065 +4.01000e+02
3091 +4.03000e+02
3409 +4.09000e+02
3466 +4.20000e+02
3824 +4.21000e+02
3979 +4.23000e+02
5419 +4.25000e+02
9991 +4.25000e+02
"function evaluation" "best-so-far f(x)"
1 -3.50000e+01
7 -3.40000e+01
68 -3.30000e+01
136 -3.20000e+01
171 -3.10000e+01
200 -3.00000e+01
221 -2.90000e+01
233 -2.80000e+01
258 -2.70000e+01
332 -2.60000e+01
400 -2.50000e+01
413 -2.40000e+01
428 -2.30000e+01
466 -2.20000e+01
510 -2.10000e+01
595 -2.00000e+01
619 -1.90000e+01
657 -1.80000e+01
714 -1.70000e+01
741 -1.60000e+01
766 -1.50000e+01
819 -1.40000e+01
931 -1.30000e+01
1089 -1.20000e+01
1134 -1.10000e+01
1154 -1.00000e+01
1558 -9.00000e+00
1567 -8.00000e+00
1608 -7.00000e+00
1755 -6.00000e+00
1853 -5.00000e+00
1873 -4.00000e+00
2053 -3.00000e+00
2059 -2.00000e+00
2181 -1.00000e+00
2195 +3.65000e+02
2252 +3.73000e+02
2350 +3.81000e+02
2744 +3.83000e+02
2843 +3.84000e+02
2867 +3.91000e+02
3081 +3.94000e+02
3860 +3.95000e+02
3891 +4.05000e+02
4150 +4.14000e+02
4599 +4.18000e+02
4781 +4.19000e+02
5223 +4.21000e+02
7895 +4.22000e+02
8130 +4.23000e+02
8222 +4.24000e+02
8888 +4.26000e+02
9991 +4.26000e+02
"function evaluation" "best-so-far f(x)"
1 -3.50000e+01
10 -3.40000e+01
25 -3.30000e+01
30 -3.20000e+01
71 -3.10000e+01
95 -3.00000e+01
131 -2.90000e+01
216 -2.80000e+01
258 -2.70000e+01
409 -2.60000e+01
436 -2.50000e+01
458 -2.40000e+01
511 -2.30000e+01
531 -2.20000e+01
534 -2.10000e+01
618 -2.00000e+01
621 -1.90000e+01
646 -1.80000e+01
667 -1.70000e+01
792 -1.60000e+01
954 -1.50000e+01
962 -1.40000e+01
968 -1.30000e+01
1008 -1.20000e+01
1065 -1.10000e+01
1090 -1.00000e+01
1369 -9.00000e+00
1425 -8.00000e+00
1564 -7.00000e+00
1657 -6.00000e+00
1770 -5.00000e+00
2015 -4.00000e+00
2083 -3.00000e+00
2181 -2.00000e+00
2775 -1.00000e+00
3160 +3.84000e+02
3250 +3.92000e+02
3360 +3.95000e+02
3387 +3.96000e+02
3389 +4.00000e+02
3914 +4.02000e+02
4364 +4.03000e+02
4706 +4.11000e+02
5300 +4.15000e+02
6106 +4.16000e+02
6729 +4.19000e+02
8873 +4.21000e+02
9991 +4.21000e+02
"function evaluation" "best-so-far f(x)"
1 -3.50000e+01
22 -3.40000e+01
52 -3.30000e+01
64 -3.20000e+01
159 -3.10000e+01
165 -3.00000e+01
221 -2.90000e+01
273 -2.80000e+01
407 -2.70000e+01
464 -2.60000e+01
531 -2.50000e+01
554 -2.40000e+01
598 -2.30000e+01
727 -2.20000e+01
755 -2.10000e+01
761 -2.00000e+01
776 -1.90000e+01
794 -1.80000e+01
842 -1.70000e+01
987 -1.60000e+01
1011 -1.50000e+01
1130 -1.40000e+01
1184 -1.30000e+01
1257 -1.20000e+01
1413 -1.10000e+01
1437 -1.00000e+01
1597 -9.00000e+00
2051 -8.00000e+00
2088 -7.00000e+00
2130 -6.00000e+00
2136 -5.00000e+00
2144 -4.00000e+00
2780 -2.00000e+00
3305 -1.00000e+00
3644 +3.66000e+02
3658 +3.70000e+02
3944 +3.73000e+02
3949 +3.81000e+02
4111 +3.87000e+02
4522 +3.99000e+02
4635 +4.01000e+02
4815 +4.02000e+02
6974 +4.07000e+02
8610 +4.08000e+02
9620 +4.09000e+02
9676 +4.11000e+02
9991 +4.11000e+02
"function evaluation" "best-so-far f(x)"
1 -3.50000e+01
23 -3.40000e+01
26 -3.30000e+01
92 -3.20000e+01
111 -3.10000e+01
115 -3.00000e+01
127 -2.90000e+01
166 -2.80000e+01
281 -2.70000e+01
583 -2.60000e+01
624 -2.50000e+01
626 -2.30000e+01
701 -2.20000e+01
740 -2.10000e+01
805 -2.00000e+01
823 -1.90000e+01
841 -1.80000e+01
923 -1.70000e+01
1019 -1.60000e+01
1063 -1.50000e+01
1198 -1.40000e+01
1208 -1.30000e+01
1303 -1.20000e+01
1324 -1.10000e+01
1358 -1.00000e+01
1371 -9.00000e+00
1624 -8.00000e+00
1687 -7.00000e+00
1765 -6.00000e+00
1822 -5.00000e+00
1937 -4.00000e+00
1980 -3.00000e+00
2301 -2.00000e+00
2629 -1.00000e+00
2813 +3.74000e+02
3120 +3.87000e+02
3276 +3.93000e+02
3326 +4.01000e+02
4458 +4.05000e+02
4897 +4.12000e+02
5423 +4.16000e+02
5967 +4.18000e+02
6169 +4.19000e+02
8109 +4.25000e+02
9991 +4.25000e+02
"function evaluation" "best-so-far f(x)"
1 -3.50000e+01
16 -3.40000e+01
133 -3.30000e+01
235 -3.20000e+01
283 -3.10000e+01
347 -3.00000e+01
383 -2.90000e+01
410 -2.80000e+01
458 -2.70000e+01
479 -2.60000e+01
588 -2.40000e+01
622 -2.30000e+01
757 -2.20000e+01
794 -2.10000e+01
875 -2.00000e+01
883 -1.90000e+01
984 -1.80000e+01
1091 -1.70000e+01
1240 -1.60000e+01
1259 -1.50000e+01
1280 -1.40000e+01
1319 -1.30000e+01
1395 -1.20000e+01
1434 -1.10000e+01
1474 -1.00000e+01
1481 -9.00000e+00
1497 -8.00000e+00
1664 -7.00000e+00
1973 -6.00000e+00
1988 -5.00000e+00
2187 -4.00000e+00
2410 -3.00000e+00
2745 -2.00000e+00
2792 -1.00000e+00
2907 +3.64000e+02
3173 +3.74000e+02
3195 +3.75000e+02
3225 +3.84000e+02
3227 +3.86000e+02
3601 +3.91000e+02
3795 +3.93000e+02
3823 +3.96000e+02
4035 +4.05000e+02
4264 +4.10000e+02
4305 +4.21000e+02
4332 +4.25000e+02
4727 +4.26000e+02
8718 +4.27000e+02
9991 +4.27000e+02
"function evaluation" "best-so-far f(x)"
1 -3.50000e+01
28 -3.40000e+01
59 -3.30000e+01
73 -3.20000e+01
116 -3.10000e+01
162 -3.00000e+01
263 -2.90000e+01
382 -2.80000e+01
423 -2.70000e+01
438 -2.60000e+01
554 -2.50000e+01
630 -2.40000e+01
724 -2.30000e+01
912 -2.20000e+01
1047 -2.10000e+01
1123 -2.00000e+01
1133 -1.90000e+01
1191 -1.80000e+01
1209 -1.70000e+01
1304 -1.60000e+01
1348 -1.50000e+01
1496 -1.40000e+01
1538 -1.30000e+01
1578 -1.20000e+01
1588 -1.10000e+01
1625 -1.00000e+01
1698 -9.00000e+00
1871 -8.00000e+00
1969 -7.00000e+00
2014 -6.00000e+00
2123 -5.00000e+00
2229 -4.00000e+00
2257 -3.00000e+00
2483 -2.00000e+00
2509 -1.00000e+00
2793 +3.63000e+02
2824 +3.68000e+02
2957 +3.83000e+02
3086 +3.86000e+02
3445 +3.87000e+02
3576 +4.00000e+02
4072 +4.02000e+02
4379 +4.05000e+02
6272 +4.07000e+02
6980 +4.08000e+02
7147 +4.16000e+02
8262 +4.17000e+02
9055 +4.18000e+02
9480 +4.24000e+02
9991 +4.24000e+02
"function evaluation" "best-so-far f(x)"
1 -3.50000e+01
9 -3.40000e+01
39 -3.30000e+01
72 -3.20000e+01
80 -3.10000e+01
107 -3.00000e+01
178 -2.80000e+01
469 -2.70000e+01
602 -2.50000e+01
649 -2.40000e+01
685 -2.30000e+01
801 -2.20000e+01
849 -2.10000e+01
930 -2.00000e+01
945 -1.90000e+01
979 -1.80000e+01
1090 -1.70000e+01
1153 -1.60000e+01
1165 -1.50000e+01
1203 -1.40000e+01
1334 -1.30000e+01
1338 -1.20000e+01
1439 -1.10000e+01
1726 -1.00000e+01
1783 -9.00000e+00
1928 -8.00000e+00
2021 -7.00000e+00
2134 -6.00000e+00
2169 -5.00000e+00
2179 -4.00000e+00
2379 -3.00000e+00
2414 -2.00000e+00
2434 -1.00000e+00
2479 +3.71000e+02
2653 +3.74000e+02
2751 +3.83000e+02
2784 +3.88000e+02
3226 +3.94000e+02
3410 +3.96000e+02
3502 +4.00000e+02
4148 +4.02000e+02
4159 +4.03000e+02
4169 +4.09000e+02
4776 +4.11000e+02
6394 +4.14000e+02
7009 +4.15000e+02
7730 +4.20000e+02
9725 +4.26000e+02
9991 +4.26000e+02
"function evaluation" "best-so-far f(x)"
1 -3.50000e+01
54 -3.40000e+01
81 -3.30000e+01
172 -3.20000e+01
208 -3.10000e+01
235 -3.00000e+01
246 -2.90000e+01
281 -2.80000e+01
296 -2.70000e+01
331 -2.60000e+01
353 -2.50000e+01
376 -2.40000e+01
401 -2.30000e+01
552 -2.20000e+01
612 -2.10000e+01
634 -2.00000e+01
711 -1.90000e+01
751 -1.80000e+01
753 -1.70000e+01
821 -1.60000e+01
855 -1.50000e+01
858 -1.40000e+01
882 -1.30000e+01
900 -1.20000e+01
985 -1.10000e+01
1027 -1.00000e+01
1093 -9.00000e+00
1133 -8.00000e+00
1267 -7.00000e+00
1403 -6.00000e+00
1526 -5.00000e+00
1627 -4.00000e+00
2028 -3.00000e+00
2107 -2.00000e+00
2338 -1.00000e+00
2393 +3.81000e+02
2449 +3.86000e+02
2560 +3.93000e+02
2608 +3.94000e+02
3118 +4.00000e+02
3502 +4.05000e+02
3990 +4.08000e+02
4529 +4.10000e+02
4619 +4.11000e+02
4772 +4.15000e+02
5461 +4.16000e+02
6153 +4.17000e+02
9991 +4.17000e+02
"function evaluation" "best-so-far f(x)"
1 -3.50000e+01
34 -3.40000e+01
70 -3.20000e+01
74 -3.10000e+01
230 -3.00000e+01
318 -2.90000e+01
338 -2.80000e+01
451 -2.70000e+01
528 -2.60000e+01
536 -2.50000e+01
554 -2.40000e+01
571 -2.30000e+01
655 -2.20000e+01
671 -2.10000e+01
735 -2.00000e+01
914 -1.90000e+01
939 -1.80000e+01
989 -1.70000e+01
1113 -1.60000e+01
1168 -1.50000e+01
1278 -1.40000e+01
1318 -1.30000e+01
1470 -1.20000e+01
1577 -1.10000e+01
1609 -9.00000e+00
1780 -8.00000e+00
2116 -7.00000e+00
2199 -6.00000e+00
2226 -5.00000e+00
2445 -4.00000e+00
2854 -3.00000e+00
2998 -2.00000e+00
3057 -1.00000e+00
3147 +3.86000e+02
3260 +3.90000e+02
3451 +3.99000e+02
3669 +4.08000e+02
3729 +4.10000e+02
4731 +4.13000e+02
9991 +4.13000e+02
"function evaluation" "best-so-far f(x)"
1 -3.50000e+01
31 -3.40000e+01
113 -3.30000e+01
126 -3.20000e+01
149 -3.10000e+01
313 -3.00000e+01
371 -2.90000e+01
413 -2.70000e+01
495 -2.60000e+01
532 -2.50000e+01
552 -2.40000e+01
582 -2.30000e+01
720 -2.20000e+01
741 -2.10000e+01
766 -2.00000e+01
777 -1.90000e+01
790 -1.80000e+01
1017 -1.70000e+01
1049 -1.60000e+01
1110 -1.40000e+01
1202 -1.30000e+01
1229 -1.20000e+01
1240 -1.10000e+01
1306 -1.00000e+01
1335 -9.00000e+00
1431 -8.00000e+00
1693 -7.00000e+00
1889 -6.00000e+00
2030 -4.00000e+00
2120 -3.00000e+00
2235 -2.00000e+00
2973 -1.00000e+00
2994 +3.51000e+02
3002 +3.63000e+02
3043 +3.69000e+02
3325 +3.75000e+02
4206 +3.86000e+02
4209 +3.88000e+02
4289 +3.90000e+02
4768 +3.91000e+02
4832 +3.97000e+02
4981 +3.99000e+02
5252 +4.02000e+02
5672 +4.07000e+02
5956 +4.09000e+02
6366 +4.11000e+02
6437 +4.16000e+02
6728 +4.19000e+02
9643 +4.20000e+02
9991 +4.20000e+02
"function evaluation" "best-so-far f(x)"
1 -3.50000e+01
75 -3.40000e+01
127 -3.30000e+01
209 -3.20000e+01
214 -3.10000e+01
236 -3.00000e+01
242 -2.90000e+01
285 -2.80000e+01
324 -2.70000e+01
365 -2.60000e+01
458 -2.50000e+01
463 -2.40000e+01
569 -2.30000e+01
572 -2.20000e+01
633 -2.10000e+01
711 -2.00000e+01
722 -1.90000e+01
786 -1.80000e+01
853 -1.70000e+01
863 -1.60000e+01
965 -1.50000e+01
995 -1.40000e+01
1023 -1.20000e+01
1140 -1.10000e+01
1208 -1.00000e+01
1299 -8.00000e+00
1394 -7.00000e+00
1518 -6.00000e+00
1606 -5.00000e+00
1647 -4.00000e+00
1870 -3.00000e+00
2052 -2.00000e+00
2160 -1.00000e+00
2493 +3.70000e+02
2727 +3.76000e+02
2730 +3.78000e+02
2862 +3.79000e+02
2989 +3.84000e+02
3030 +3.85000e+02
3095 +3.99000e+02
3492 +4.05000e+02
3506 +4.07000e+02
6072 +4.08000e+02
7278 +4.12000e+02
7596 +4.14000e+02
8180 +4.15000e+02
8312 +4.17000e+02
8718 +4.18000e+02
8906 +4.21000e+02
9311 +4.23000e+02
9991 +4.23000e+02
"function evaluation" "best-so-far f(x)"
1 -3.50000e+01
34 -3.40000e+01
100 -3.30000e+01
123 -3.20000e+01
155 -3.10000e+01
164 -3.00000e+01
202 -2.90000e+01
344 -2.80000e+01
348 -2.70000e+01
407 -2.60000e+01
411 -2.50000e+01
412 -2.40000e+01
470 -2.30000e+01
534 -2.20000e+01
547 -2.00000e+01
665 -1.90000e+01
694 -1.80000e+01
745 -1.70000e+01
770 -1.60000e+01
781 -1.50000e+01
789 -1.40000e+01
827 -1.30000e+01
911 -1.10000e+01
926 -1.00000e+01
958 -9.00000e+00
1026 -8.00000e+00
1117 -7.00000e+00
1172 -6.00000e+00
1237 -5.00000e+00
1343 -4.00000e+00
1378 -3.00000e+00
1609 -2.00000e+00
1638 -1.00000e+00
1830 +3.83000e+02
1887 +3.90000e+02
2249 +4.04000e+02
2263 +4.05000e+02
2274 +4.10000e+02
2919 +4.20000e+02
3228 +4.21000e+02
3352 +4.24000e+02
9810 +4.25000e+02
9991 +4.25000e+02
"function evaluation" "best-so-far f(x)"
1 -3.50000e+01
20 -3.40000e+01
53 -3.20000e+01
104 -3.10000e+01
188 -3.00000e+01
239 -2.90000e+01
262 -2.80000e+01
321 -2.70000e+01
348 -2.60000e+01
356 -2.50000e+01
371 -2.40000e+01
421 -2.30000e+01
433 -2.20000e+01
453 -2.10000e+01
500 -2.00000e+01
570 -1.90000e+01
671 -1.80000e+01
682 -1.70000e+01
854 -1.60000e+01
858 -1.50000e+01
899 -1.40000e+01
911 -1.30000e+01
944 -1.20000e+01
1015 -1.10000e+01
1150 -1.00000e+01
1208 -9.00000e+00
1516 -8.00000e+00
1654 -7.00000e+00
1683 -6.00000e+00
1779 -5.00000e+00
1835 -4.00000e+00
1878 -3.00000e+00
1911 -2.00000e+00
1950 -1.00000e+00
2007 +3.44000e+02
2227 +3.59000e+02
2315 +3.60000e+02
2407 +3.65000e+02
2645 +3.70000e+02
2989 +3.72000e+02
3095 +3.75000e+02
3320 +3.85000e+02
3504 +3.86000e+02
3812 +3.98000e+02
3970 +4.01000e+02
4209 +4.13000e+02
4756 +4.15000e+02
4827 +4.18000e+02
4962 +4.19000e+02
6823 +4.22000e+02
7355 +4.24000e+02
8913 +4.25000e+02
8948 +4.27000e+02
9991 +4.27000e+02
"function evaluation" "best-so-far f(x)"
1 -3.50000e+01
2 -3.40000e+01
45 -3.30000e+01
87 -3.20000e+01
110 -3.10000e+01
129 -3.00000e+01
159 -2.80000e+01
180 -2.70000e+01
288 -2.60000e+01
378 -2.50000e+01
385 -2.40000e+01
424 -2.30000e+01
433 -2.20000e+01
486 -2.10000e+01
574 -2.00000e+01
626 -1.90000e+01
678 -1.80000e+01
699 -1.70000e+01
727 -1.60000e+01
890 -1.50000e+01
919 -1.40000e+01
933 -1.30000e+01
963 -1.20000e+01
1185 -1.10000e+01
1218 -1.00000e+01
1266 -9.00000e+00
1283 -8.00000e+00
1307 -7.00000e+00
1591 -6.00000e+00
1652 -5.00000e+00
1686 -4.00000e+00
1871 -3.00000e+00
1878 -2.00000e+00
1879 -1.00000e+00
2032 +3.50000e+02
2120 +3.68000e+02
2942 +3.69000e+02
3034 +3.80000e+02
3118 +3.83000e+02
3605 +3.86000e+02
3720 +3.93000e+02
4027 +4.02000e+02
4872 +4.08000e+02
6403 +4.09000e+02
6462 +4.10000e+02
7083 +4.11000e+02
7148 +4.14000e+02
7789 +4.17000e+02
8765 +4.20000e+02
9839 +4.23000e+02
9991 +4.23000e+02
"function evaluation" "best-so-far f(x)"
1 -3.50000e+01
14 -3.40000e+01
39 -3.30000e+01
49 -3.20000e+01
63 -3.10000e+01
98 -3.00000e+01
134 -2.90000e+01
155 -2.80000e+01
206 -2.70000e+01
332 -2.60000e+01
365 -2.50000e+01
394 -2.40000e+01
409 -2.30000e+01
549 -2.20000e+01
620 -2.10000e+01
669 -2.00000e+01
721 -1.90000e+01
734 -1.80000e+01
781 -1.70000e+01
933 -1.60000e+01
950 -1.50000e+01
957 -1.40000e+01
1116 -1.30000e+01
1125 -1.20000e+01
1204 -1.10000e+01
1322 -1.00000e+01
1354 -9.00000e+00
1476 -8.00000e+00
1528 -7.00000e+00
1758 -6.00000e+00
1762 -5.00000e+00
1792 -4.00000e+00
1894 -3.00000e+00
2029 -2.00000e+00
2087 -1.00000e+00
2152 +3.54000e+02
2163 +3.66000e+02
2309 +3.67000e+02
2314 +3.71000e+02
2319 +3.77000e+02
2390 +3.78000e+02
2502 +3.83000e+02
2646 +3.87000e+02
2781 +3.90000e+02
2789 +3.95000e+02
2853 +3.96000e+02
3222 +3.97000e+02
3653 +4.01000e+02
3752 +4.02000e+02
5353 +4.05000e+02
5413 +4.07000e+02
7898 +4.10000e+02
9991 +4.10000e+02
"function evaluation" "best-so-far f(x)"
1 -3.50000e+01
67 -3.40000e+01
132 -3.30000e+01
171 -3.10000e+01
195 -3.00000e+01
243 -2.90000e+01
327 -2.80000e+01
344 -2.70000e+01
360 -2.60000e+01
421 -2.50000e+01
471 -2.40000e+01
750 -2.30000e+01
845 -2.20000e+01
902 -2.00000e+01
950 -1.90000e+01
1012 -1.80000e+01
1061 -1.70000e+01
1064 -1.60000e+01
1140 -1.50000e+01
1150 -1.40000e+01
1313 -1.30000e+01
1477 -1.20000e+01
1480 -1.10000e+01
1696 -1.00000e+01
1760 -9.00000e+00
1810 -8.00000e+00
2137 -7.00000e+00
2206 -6.00000e+00
2235 -5.00000e+00
2401 -4.00000e+00
2533 -3.00000e+00
2614 -2.00000e+00
2700 -1.00000e+00
3112 +3.72000e+02
3125 +3.84000e+02
3454 +3.93000e+02
3550 +3.96000e+02
3703 +4.01000e+02
3816 +4.06000e+02
3999 +4.10000e+02
4469 +4.14000e+02
5377 +4.15000e+02
6457 +4.17000e+02
6696 +4.19000e+02
9991 +4.19000e+02
"function evaluation" "best-so-far f(x)"
1 -3.50000e+01
4 -3.40000e+01
9 -3.30000e+01
38 -3.20000e+01
58 -3.10000e+01
84 -3.00000e+01
108 -2.90000e+01
141 -2.80000e+01
157 -2.70000e+01
210 -2.60000e+01
247 -2.50000e+01
299 -2.40000e+01
426 -2.30000e+01
428 -2.20000e+01
454 -2.10000e+01
465 -2.00000e+01
478 -1.90000e+01
701 -1.80000e+01
734 -1.70000e+01
746 -1.60000e+01
826 -1.50000e+01
845 -1.40000e+01
1058 -1.30000e+01
1087 -1.20000e+01
1254 -1.10000e+01
1459 -1.00000e+01
1486 -9.00000e+00
1620 -8.00000e+00
1706 -7.00000e+00
1861 -6.00000e+00
1931 -5.00000e+00
1977 -4.00000e+00
2122 -3.00000e+00
2196 -2.00000e+00
2266 -1.00000e+00
2592 +3.54000e+02
2865 +3.72000e+02
3047 +3.73000e+02
3052 +3.86000e+02
4230 +3.96000e+02
4260 +3.98000e+02
4339 +4.03000e+02
4513 +4.05000e+02
4817 +4.06000e+02
5733 +4.10000e+02
7335 +4.13000e+02
8944 +4.14000e+02
9241 +4.15000e+02
9991 +4.15000e+02
"function evaluation" "best-so-far f(x)"
1 -3.50000e+01
17 -3.40000e+01
55 -3.30000e+01
116 -3.20000e+01
117 -3.10000e+01
147 -3.00000e+01
186 -2.80000e+01
248 -2.70000e+01
274 -2.60000e+01
288 -2.50000e+01
320 -2.30000e+01
368 -2.20000e+01
489 -2.10000e+01
564 -2.00000e+01
589 -1.80000e+01
661 -1.70000e+01
731 -1.60000e+01
801 -1.50000e+01
856 -1.40000e+01
1017 -1.30000e+01
1075 -1.20000e+01
1083 -1.10000e+01
1178 -1.00000e+01
1248 -9.00000e+00
1337 -8.00000e+00
1596 -7.00000e+00
1712 -6.00000e+00
1916 -5.00000e+00
2051 -4.00000e+00
2071 -3.00000e+00
2161 -2.00000e+00
2235 -1.00000e+00
2501 +3.75000e+02
2812 +3.78000e+02
3081 +3.90000e+02
3251 +4.05000e+02
3846 +4.08000e+02
4453 +4.12000e+02
5361 +4.16000e+02
6571 +4.19000e+02
7908 +4.23000e+02
9991 +4.23000e+02
"function evaluation" "best-so-far f(x)"
1 -3.50000e+01
7 -3.40000e+01
19 -3.30000e+01
59 -3.20000e+01
126 -3.00000e+01
171 -2.90000e+01
179 -2.80000e+01
296 -2.70000e+01
383 -2.60000e+01
483 -2.50000e+01
506 -2.40000e+01
568 -2.30000e+01
744 -2.20000e+01
777 -2.10000e+01
787 -2.00000e+01
819 -1.90000e+01
876 -1.80000e+01
879 -1.70000e+01
922 -1.60000e+01
1078 -1.50000e+01
1137 -1.40000e+01
1240 -1.30000e+01
1545 -1.10000e+01
1618 -1.00000e+01
1651 -9.00000e+00
1680 -8.00000e+00
1896 -7.00000e+00
2190 -6.00000e+00
2218 -5.00000e+00
2334 -4.00000e+00
2395 -3.00000e+00
2777 -2.00000e+00
2929 -1.00000e+00
2993 +3.60000e+02
3031 +3.74000e+02
3170 +3.79000e+02
3213 +3.85000e+02
3323 +3.99000e+02
3324 +4.01000e+02
3513 +4.04000e+02
4775 +4.05000e+02
4782 +4.09000e+02
5190 +4.12000e+02
6007 +4.15000e+02
9165 +4.18000e+02
9991 +4.18000e+02
"function evaluation" "best-so-far f(x)"
1 -3.50000e+01
48 -3.40000e+01
64 -3.20000e+01
69 -3.10000e+01
98 -3.00000e+01
113 -2.90000e+01
161 -2.80000e+01
199 -2.70000e+01
234 -2.60000e+01
259 -2.50000e+01
414 -2.40000e+01
431 -2.30000e+01
433 -2.10000e+01
448 -2.00000e+01
486 -1.90000e+01
594 -1.80000e+01
717 -1.70000e+01
745 -1.50000e+01
780 -1.40000e+01
846 -1.30000e+01
885 -1.20000e+01
973 -1.10000e+01
989 -1.00000e+01
1048 -9.00000e+00
1068 -8.00000e+00
1275 -7.00000e+00
1442 -6.00000e+00
1919 -5.00000e+00
1992 -4.00000e+00
2010 -3.00000e+00
2104 -2.00000e+00
2140 -1.00000e+00
2281 +3.54000e+02
2420 +3.62000e+02
2426 +3.79000e+02
2476 +3.89000e+02
2539 +3.94000e+02
2982 +3.97000e+02
3462 +4.06000e+02
4088 +4.09000e+02
4889 +4.14000e+02
6592 +4.16000e+02
7569 +4.17000e+02
8486 +4.18000e+02
8596 +4.20000e+02
9949 +4.24000e+02
9991 +4.24000e+02
"function evaluation" "best-so-far f(x)"
1 -3.50000e+01
14 -3.40000e+01
47 -3.30000e+01
66 -3.20000e+01
95 -3.10000e+01
108 -3.00000e+01
129 -2.90000e+01
141 -2.80000e+01
154 -2.70000e+01
166 -2.60000e+01
198 -2.50000e+01
284 -2.40000e+01
292 -2.30000e+01
347 -2.10000e+01
423 -1.90000e+01
622 -1.80000e+01
803 -1.70000e+01
824 -1.60000e+01
937 -1.50000e+01
963 -1.40000e+01
1060 -1.30000e+01
1347 -1.20000e+01
1690 -1.10000e+01
1861 -1.00000e+01
1901 -9.00000e+00
2002 -8.00000e+00
2162 -7.00000e+00
2272 -5.00000e+00
2297 -4.00000e+00
2403 -3.00000e+00
2563 -2.00000e+00
2621 -1.00000e+00
2721 +3.84000e+02
2904 +3.93000e+02
3135 +3.94000e+02
3308 +3.99000e+02
3332 +4.03000e+02
3383 +4.04000e+02
3567 +4.07000e+02
3840 +4.10000e+02
4413 +4.14000e+02
7485 +4.20000e+02
9991 +4.20000e+02
"function evaluation" "best-so-far f(x)"
1 -3.50000e+01
32 -3.40000e+01
53 -3.30000e+01
69 -3.20000e+01
88 -3.10000e+01
198 -3.00000e+01
219 -2.90000e+01
365 -2.70000e+01
391 -2.60000e+01
415 -2.50000e+01
431 -2.40000e+01
434 -2.30000e+01
448 -2.20000e+01
504 -2.10000e+01
602 -2.00000e+01
637 -1.90000e+01
703 -1.80000e+01
830 -1.70000e+01
923 -1.60000e+01
992 -1.50000e+01
1011 -1.40000e+01
1248 -1.30000e+01
1286 -1.20000e+01
1367 -1.10000e+01
1419 -9.00000e+00
1530 -8.00000e+00
1556 -7.00000e+00
1640 -6.00000e+00
1722 -5.00000e+00
1949 -4.00000e+00
2437 -3.00000e+00
2698 -2.00000e+00
2776 -1.00000e+00
2856 +3.74000e+02
2886 +3.75000e+02
2889 +3.89000e+02
3794 +3.94000e+02
3958 +3.95000e+02
4510 +3.96000e+02
4988 +4.01000e+02
4996 +4.07000e+02
5361 +4.15000e+02
7342 +4.16000e+02
9539 +4.21000e+02
9762 +4.26000e+02
9991 +4.26000e+02
"function evaluation" "best-so-far f(x)"
1 -3.50000e+01
18 -3.40000e+01
50 -3.30000e+01
67 -3.10000e+01
97 -3.00000e+01
98 -2.90000e+01
234 -2.80000e+01
288 -2.70000e+01
299 -2.60000e+01
342 -2.50000e+01
364 -2.40000e+01
399 -2.30000e+01
440 -2.20000e+01
594 -2.10000e+01
633 -2.00000e+01
712 -1.90000e+01
837 -1.80000e+01
863 -1.60000e+01
874 -1.50000e+01
1223 -1.40000e+01
1277 -1.30000e+01
1283 -1.20000e+01
1314 -1.10000e+01
1385 -1.00000e+01
1647 -9.00000e+00
1668 -8.00000e+00
1705 -7.00000e+00
1841 -6.00000e+00
1899 -5.00000e+00
2341 -4.00000e+00
2483 -3.00000e+00
2737 -2.00000e+00
2922 -1.00000e+00
3117 +3.65000e+02
3372 +3.67000e+02
3385 +3.70000e+02
3489 +3.76000e+02
3554 +3.86000e+02
3724 +3.93000e+02
4564 +3.95000e+02
4765 +4.00000e+02
5871 +4.04000e+02
6805 +4.09000e+02
7911 +4.12000e+02
8466 +4.14000e+02
9083 +4.19000e+02
9991 +4.19000e+02
"function evaluation" "best-so-far f(x)"
1 -3.50000e+01
19 -3.40000e+01
25 -3.30000e+01
49 -3.20000e+01
59 -3.10000e+01
129 -3.00000e+01
150 -2.90000e+01
191 -2.80000e+01
210 -2.70000e+01
215 -2.60000e+01
226 -2.50000e+01
274 -2.40000e+01
328 -2.30000e+01
365 -2.20000e+01
391 -2.10000e+01
557 -2.00000e+01
669 -1.90000e+01
719 -1.80000e+01
741 -1.70000e+01
757 -1.60000e+01
938 -1.50000e+01
963 -1.40000e+01
978 -1.30000e+01
986 -1.20000e+01
1014 -1.10000e+01
1124 -1.00000e+01
1129 -9.00000e+00
1212 -8.00000e+00
1224 -7.00000e+00
1281 -6.00000e+00
1314 -5.00000e+00
1333 -4.00000e+00
1555 -3.00000e+00
1635 -2.00000e+00
1686 -1.00000e+00
1704 +4.02000e+02
2498 +4.04000e+02
2738 +4.08000e+02
3880 +4.10000e+02
4263 +4.11000e+02
4474 +4.15000e+02
5260 +4.17000e+02
5748 +4.21000e+02
9261 +4.22000e+02
9991 +4.22000e+02
