"function evaluation" "best-so-far f(x)"
1 -3.53000e+02
4 -3.52000e+02
66 -3.51000e+02
235 -3.50000e+02
336 -3.49000e+02
474 -3.48000e+02
500 -3.47000e+02
680 -3.46000e+02
685 -3.45000e+02
761 -3.44000e+02
867 -3.43000e+02
933 -3.42000e+02
1045 -3.41000e+02
1205 -3.40000e+02
1284 -3.39000e+02
1359 -3.38000e+02
1448 -3.37000e+02
1454 -3.36000e+02
1540 -3.35000e+02
1600 -3.34000e+02
1716 -3.33000e+02
1820 -3.32000e+02
1912 -3.31000e+02
1947 -3.30000e+02
2063 -3.29000e+02
2138 -3.28000e+02
2168 -3.27000e+02
2322 -3.26000e+02
2399 -3.25000e+02
2480 -3.24000e+02
2548 -3.23000e+02
2633 -3.22000e+02
2733 -3.21000e+02
2800 -3.20000e+02
2926 -3.19000e+02
3056 -3.18000e+02
3093 -3.17000e+02
3287 -3.16000e+02
3375 -3.15000e+02
3433 -3.14000e+02
3512 -3.13000e+02
3525 -3.12000e+02
3656 -3.11000e+02
3724 -3.10000e+02
3782 -3.09000e+02
3920 -3.08000e+02
3944 -3.07000e+02
3985 -3.06000e+02
4116 -3.05000e+02
4193 -3.04000e+02
4262 -3.03000e+02
4410 -3.02000e+02
4478 -3.01000e+02
4527 -3.00000e+02
4530 -2.99000e+02
4645 -2.98000e+02
4754 -2.97000e+02
4817 -2.96000e+02
4847 -2.94000e+02
4883 -2.93000e+02
4899 -2.92000e+02
4975 -2.91000e+02
5014 -2.90000e+02
5065 -2.89000e+02
5180 -2.88000e+02
5302 -2.87000e+02
5363 -2.86000e+02
5451 -2.85000e+02
5623 -2.84000e+02
5662 -2.83000e+02
5788 -2.82000e+02
5957 -2.80000e+02
6139 -2.79000e+02
6236 -2.78000e+02
6297 -2.77000e+02
6421 -2.76000e+02
6577 -2.75000e+02
6629 -2.74000e+02
6795 -2.73000e+02
6826 -2.72000e+02
6945 -2.71000e+02
7012 -2.70000e+02
7114 -2.69000e+02
7254 -2.68000e+02
7364 -2.66000e+02
7463 -2.65000e+02
7637 -2.63000e+02
7773 -2.62000e+02
7857 -2.61000e+02
7967 -2.60000e+02
8046 -2.59000e+02
8079 -2.58000e+02
8146 -2.57000e+02
8264 -2.56000e+02
8377 -2.55000e+02
8444 -2.54000e+02
8456 -2.53000e+02
8542 -2.52000e+02
8662 -2.51000e+02
8827 -2.50000e+02
8888 -2.49000e+02
8956 -2.48000e+02
9049 -2.47000e+02
9058 -2.45000e+02
9150 -2.44000e+02
9240 -2.43000e+02
9310 -2.42000e+02
9392 -2.41000e+02
9487 -2.40000e+02
9559 -2.39000e+02
9676 -2.38000e+02
9752 -2.37000e+02
9804 -2.36000e+02
9948 -2.35000e+02
9951 -2.35000e+02
"function evaluation" "best-so-far f(x)"
1 -3.53000e+02
6 -3.52000e+02
50 -3.50000e+02
142 -3.49000e+02
234 -3.48000e+02
343 -3.47000e+02
472 -3.46000e+02
562 -3.45000e+02
581 -3.44000e+02
591 -3.43000e+02
594 -3.42000e+02
750 -3.41000e+02
830 -3.40000e+02
987 -3.39000e+02
1120 -3.38000e+02
1173 -3.37000e+02
1264 -3.36000e+02
1350 -3.35000e+02
1436 -3.34000e+02
1518 -3.33000e+02
1563 -3.32000e+02
1612 -3.31000e+02
1791 -3.30000e+02
1870 -3.29000e+02
2021 -3.28000e+02
2132 -3.27000e+02
2138 -3.26000e+02
2251 -3.25000e+02
2327 -3.24000e+02
2352 -3.23000e+02
2418 -3.22000e+02
2493 -3.21000e+02
2618 -3.20000e+02
2628 -3.19000e+02
2691 -3.18000e+02
2751 -3.17000e+02
2863 -3.16000e+02
2890 -3.15000e+02
2898 -3.14000e+02
3010 -3.13000e+02
3157 -3.12000e+02
3183 -3.11000e+02
3285 -3.10000e+02
3362 -3.09000e+02
3452 -3.07000e+02
3681 -3.06000e+02
3742 -3.05000e+02
3919 -3.04000e+02
4096 -3.03000e+02
4226 -3.01000e+02
4305 -3.00000e+02
4322 -2.99000e+02
4393 -2.98000e+02
4470 -2.97000e+02
4694 -2.96000e+02
4737 -2.95000e+02
4754 -2.94000e+02
4862 -2.93000e+02
4887 -2.92000e+02
4956 -2.91000e+02
5065 -2.90000e+02
5093 -2.89000e+02
5218 -2.88000e+02
5261 -2.87000e+02
5353 -2.86000e+02
5372 -2.85000e+02
5505 -2.84000e+02
5551 -2.83000e+02
5687 -2.82000e+02
5708 -2.81000e+02
5881 -2.80000e+02
5935 -2.79000e+02
5983 -2.78000e+02
6127 -2.77000e+02
6166 -2.76000e+02
6295 -2.75000e+02
6345 -2.74000e+02
6455 -2.73000e+02
6508 -2.72000e+02
6626 -2.71000e+02
6803 -2.70000e+02
6876 -2.69000e+02
6943 -2.68000e+02
6996 -2.67000e+02
7061 -2.66000e+02
7169 -2.65000e+02
7219 -2.64000e+02
7332 -2.63000e+02
7350 -2.62000e+02
7449 -2.61000e+02
7512 -2.60000e+02
7604 -2.59000e+02
7605 -2.58000e+02
7646 -2.57000e+02
7702 -2.56000e+02
7839 -2.55000e+02
8099 -2.54000e+02
8136 -2.53000e+02
8172 -2.52000e+02
8261 -2.51000e+02
8387 -2.50000e+02
8474 -2.49000e+02
8624 -2.48000e+02
8841 -2.47000e+02
8928 -2.46000e+02
9183 -2.45000e+02
9184 -2.44000e+02
9312 -2.43000e+02
9341 -2.41000e+02
9432 -2.40000e+02
9619 -2.39000e+02
9627 -2.38000e+02
9818 -2.37000e+02
9935 -2.36000e+02
9951 -2.36000e+02
"function evaluation" "best-so-far f(x)"
1 -3.53000e+02
8 -3.52000e+02
74 -3.51000e+02
184 -3.50000e+02
276 -3.49000e+02
453 -3.48000e+02
493 -3.47000e+02
639 -3.46000e+02
676 -3.45000e+02
738 -3.44000e+02
817 -3.43000e+02
1040 -3.42000e+02
1126 -3.41000e+02
1280 -3.40000e+02
1409 -3.39000e+02
1493 -3.38000e+02
1610 -3.37000e+02
1640 -3.36000e+02
1729 -3.35000e+02
1821 -3.34000e+02
1842 -3.33000e+02
1959 -3.32000e+02
1996 -3.31000e+02
2086 -3.30000e+02
2211 -3.29000e+02
2258 -3.28000e+02
2292 -3.27000e+02
2339 -3.26000e+02
2455 -3.25000e+02
2492 -3.24000e+02
2580 -3.23000e+02
2603 -3.22000e+02
2686 -3.21000e+02
2807 -3.20000e+02
2892 -3.19000e+02
2911 -3.18000e+02
2917 -3.17000e+02
3008 -3.16000e+02
3153 -3.15000e+02
3231 -3.14000e+02
3328 -3.13000e+02
3393 -3.12000e+02
3453 -3.11000e+02
3555 -3.10000e+02
3596 -3.09000e+02
3757 -3.08000e+02
3922 -3.07000e+02
3975 -3.05000e+02
4108 -3.04000e+02
4118 -3.03000e+02
4147 -3.02000e+02
4218 -3.01000e+02
4228 -3.00000e+02
4257 -2.99000e+02
4361 -2.98000e+02
4498 -2.97000e+02
4600 -2.96000e+02
4752 -2.95000e+02
4910 -2.94000e+02
4976 -2.93000e+02
5028 -2.92000e+02
5086 -2.91000e+02
5270 -2.90000e+02
5391 -2.89000e+02
5420 -2.88000e+02
5575 -2.86000e+02
5734 -2.85000e+02
5789 -2.84000e+02
5847 -2.83000e+02
5868 -2.82000e+02
5950 -2.81000e+02
6065 -2.80000e+02
6239 -2.79000e+02
6312 -2.78000e+02
6458 -2.77000e+02
6597 -2.76000e+02
6653 -2.75000e+02
6716 -2.74000e+02
6793 -2.72000e+02
6868 -2.71000e+02
6950 -2.70000e+02
7143 -2.68000e+02
7267 -2.67000e+02
7329 -2.66000e+02
7362 -2.65000e+02
7417 -2.64000e+02
7510 -2.63000e+02
7664 -2.62000e+02
7781 -2.61000e+02
7907 -2.60000e+02
8031 -2.59000e+02
8247 -2.58000e+02
8378 -2.57000e+02
8489 -2.56000e+02
8642 -2.55000e+02
8707 -2.54000e+02
8763 -2.53000e+02
8876 -2.52000e+02
8964 -2.51000e+02
9058 -2.49000e+02
9162 -2.48000e+02
9294 -2.47000e+02
9382 -2.46000e+02
9548 -2.45000e+02
9742 -2.44000e+02
9887 -2.43000e+02
9951 -2.43000e+02
"function evaluation" "best-so-far f(x)"
1 -3.53000e+02
12 -3.51000e+02
37 -3.50000e+02
83 -3.49000e+02
158 -3.48000e+02
209 -3.47000e+02
311 -3.46000e+02
367 -3.45000e+02
489 -3.44000e+02
557 -3.43000e+02
642 -3.42000e+02
765 -3.41000e+02
781 -3.40000e+02
846 -3.39000e+02
903 -3.38000e+02
1010 -3.37000e+02
1064 -3.36000e+02
1193 -3.35000e+02
1332 -3.34000e+02
1346 -3.33000e+02
1522 -3.32000e+02
1562 -3.31000e+02
1708 -3.30000e+02
1862 -3.29000e+02
1959 -3.28000e+02
1995 -3.27000e+02
2078 -3.26000e+02
2144 -3.25000e+02
2203 -3.24000e+02
2321 -3.23000e+02
2366 -3.22000e+02
2436 -3.21000e+02
2571 -3.20000e+02
2691 -3.19000e+02
2818 -3.18000e+02
2904 -3.17000e+02
3024 -3.16000e+02
3145 -3.15000e+02
3222 -3.14000e+02
3268 -3.13000e+02
3287 -3.12000e+02
3292 -3.10000e+02
3443 -3.09000e+02
3538 -3.08000e+02
3607 -3.07000e+02
3634 -3.06000e+02
3819 -3.05000e+02
3849 -3.04000e+02
3908 -3.03000e+02
3948 -3.02000e+02
4051 -3.01000e+02
4165 -3.00000e+02
4209 -2.99000e+02
4307 -2.98000e+02
4316 -2.97000e+02
4419 -2.96000e+02
4482 -2.95000e+02
4665 -2.94000e+02
4723 -2.92000e+02
4874 -2.91000e+02
4931 -2.90000e+02
5036 -2.89000e+02
5130 -2.88000e+02
5184 -2.87000e+02
5280 -2.86000e+02
5323 -2.85000e+02
5395 -2.84000e+02
5446 -2.83000e+02
5593 -2.82000e+02
5660 -2.81000e+02
5839 -2.80000e+02
5925 -2.79000e+02
6047 -2.78000e+02
6063 -2.77000e+02
6168 -2.76000e+02
6266 -2.75000e+02
6340 -2.74000e+02
6453 -2.73000e+02
6465 -2.72000e+02
6608 -2.71000e+02
6610 -2.70000e+02
6631 -2.69000e+02
6658 -2.68000e+02
6711 -2.67000e+02
6786 -2.66000e+02
6905 -2.65000e+02
7032 -2.64000e+02
7091 -2.63000e+02
7238 -2.62000e+02
7337 -2.61000e+02
7442 -2.60000e+02
7461 -2.59000e+02
7546 -2.58000e+02
7585 -2.57000e+02
7642 -2.56000e+02
7729 -2.55000e+02
7836 -2.54000e+02
7889 -2.53000e+02
7921 -2.52000e+02
8102 -2.51000e+02
8183 -2.50000e+02
8333 -2.49000e+02
8412 -2.48000e+02
8540 -2.47000e+02
8567 -2.46000e+02
8679 -2.45000e+02
8708 -2.44000e+02
8779 -2.43000e+02
8959 -2.42000e+02
9048 -2.41000e+02
9134 -2.40000e+02
9151 -2.39000e+02
9203 -2.38000e+02
9269 -2.37000e+02
9520 -2.36000e+02
9599 -2.35000e+02
9713 -2.34000e+02
9827 -2.33000e+02
9951 -2.33000e+02
"function evaluation" "best-so-far f(x)"
1 -3.53000e+02
25 -3.52000e+02
124 -3.51000e+02
158 -3.50000e+02
245 -3.49000e+02
396 -3.48000e+02
406 -3.47000e+02
528 -3.46000e+02
671 -3.45000e+02
792 -3.44000e+02
833 -3.43000e+02
944 -3.42000e+02
959 -3.41000e+02
1101 -3.40000e+02
1204 -3.39000e+02
1304 -3.38000e+02
1344 -3.37000e+02
1453 -3.35000e+02
1478 -3.34000e+02
1590 -3.33000e+02
1714 -3.32000e+02
1772 -3.31000e+02
1807 -3.30000e+02
1836 -3.29000e+02
1925 -3.28000e+02
1945 -3.27000e+02
2050 -3.26000e+02
2081 -3.25000e+02
2115 -3.24000e+02
2162 -3.23000e+02
2276 -3.22000e+02
2342 -3.21000e+02
2463 -3.20000e+02
2508 -3.19000e+02
2680 -3.18000e+02
2697 -3.17000e+02
2790 -3.16000e+02
2869 -3.15000e+02
2906 -3.14000e+02
2941 -3.13000e+02
3102 -3.12000e+02
3138 -3.11000e+02
3256 -3.10000e+02
3343 -3.09000e+02
3391 -3.08000e+02
3537 -3.07000e+02
3641 -3.06000e+02
3657 -3.05000e+02
3771 -3.04000e+02
3785 -3.03000e+02
3791 -3.02000e+02
3841 -3.01000e+02
3921 -3.00000e+02
3972 -2.99000e+02
4067 -2.98000e+02
4159 -2.97000e+02
4251 -2.96000e+02
4376 -2.95000e+02
4454 -2.94000e+02
4506 -2.93000e+02
4576 -2.92000e+02
4591 -2.91000e+02
4639 -2.90000e+02
4713 -2.89000e+02
4730 -2.87000e+02
4797 -2.86000e+02
4960 -2.85000e+02
5047 -2.84000e+02
5105 -2.83000e+02
5163 -2.82000e+02
5244 -2.81000e+02
5305 -2.80000e+02
5349 -2.79000e+02
5434 -2.78000e+02
5559 -2.77000e+02
5675 -2.76000e+02
5756 -2.75000e+02
5927 -2.74000e+02
6027 -2.73000e+02
6120 -2.72000e+02
6173 -2.71000e+02
6268 -2.70000e+02
6453 -2.69000e+02
6488 -2.67000e+02
6592 -2.66000e+02
6601 -2.65000e+02
6746 -2.64000e+02
6840 -2.63000e+02
6892 -2.62000e+02
7017 -2.61000e+02
7161 -2.60000e+02
7257 -2.59000e+02
7342 -2.58000e+02
7366 -2.57000e+02
7566 -2.56000e+02
7717 -2.55000e+02
7817 -2.54000e+02
7925 -2.53000e+02
8053 -2.52000e+02
8359 -2.51000e+02
8494 -2.50000e+02
8558 -2.49000e+02
8680 -2.48000e+02
8871 -2.47000e+02
8936 -2.46000e+02
9042 -2.45000e+02
9098 -2.44000e+02
9214 -2.43000e+02
9245 -2.42000e+02
9329 -2.41000e+02
9436 -2.40000e+02
9505 -2.39000e+02
9568 -2.38000e+02
9688 -2.37000e+02
9781 -2.36000e+02
9841 -2.34000e+02
9951 -2.34000e+02
"function evaluation" "best-so-far f(x)"
1 -3.53000e+02
22 -3.52000e+02
155 -3.51000e+02
293 -3.50000e+02
359 -3.49000e+02
416 -3.48000e+02
543 -3.47000e+02
576 -3.45000e+02
711 -3.44000e+02
731 -3.43000e+02
769 -3.42000e+02
792 -3.41000e+02
894 -3.40000e+02
986 -3.39000e+02
1105 -3.38000e+02
1142 -3.37000e+02
1239 -3.36000e+02
1296 -3.35000e+02
1334 -3.34000e+02
1506 -3.33000e+02
1626 -3.32000e+02
1739 -3.31000e+02
1821 -3.30000e+02
1930 -3.29000e+02
2018 -3.28000e+02
2089 -3.27000e+02
2125 -3.26000e+02
2215 -3.25000e+02
2321 -3.24000e+02
2322 -3.23000e+02
2421 -3.22000e+02
2534 -3.21000e+02
2611 -3.19000e+02
2652 -3.18000e+02
2825 -3.17000e+02
3034 -3.16000e+02
3102 -3.15000e+02
3219 -3.14000e+02
3298 -3.13000e+02
3309 -3.12000e+02
3433 -3.11000e+02
3519 -3.10000e+02
3585 -3.09000e+02
3645 -3.08000e+02
3801 -3.07000e+02
3899 -3.06000e+02
4038 -3.05000e+02
4131 -3.04000e+02
4326 -3.03000e+02
4407 -3.02000e+02
4526 -3.01000e+02
4570 -3.00000e+02
4598 -2.99000e+02
4749 -2.98000e+02
4824 -2.97000e+02
4858 -2.96000e+02
4942 -2.95000e+02
5026 -2.94000e+02
5125 -2.93000e+02
5187 -2.92000e+02
5269 -2.91000e+02
5416 -2.90000e+02
5455 -2.89000e+02
5575 -2.88000e+02
5618 -2.87000e+02
5667 -2.86000e+02
5793 -2.85000e+02
5917 -2.84000e+02
6016 -2.83000e+02
6095 -2.82000e+02
6202 -2.81000e+02
6264 -2.80000e+02
6271 -2.79000e+02
6358 -2.78000e+02
6458 -2.77000e+02
6482 -2.76000e+02
6527 -2.75000e+02
6656 -2.74000e+02
6675 -2.73000e+02
6742 -2.72000e+02
6857 -2.71000e+02
6876 -2.70000e+02
6902 -2.69000e+02
6990 -2.68000e+02
7070 -2.67000e+02
7129 -2.66000e+02
7186 -2.65000e+02
7336 -2.63000e+02
7410 -2.62000e+02
7481 -2.61000e+02
7628 -2.60000e+02
7778 -2.59000e+02
7834 -2.58000e+02
7907 -2.57000e+02
8039 -2.56000e+02
8066 -2.55000e+02
8169 -2.54000e+02
8223 -2.53000e+02
8255 -2.52000e+02
8367 -2.51000e+02
8470 -2.50000e+02
8558 -2.49000e+02
8709 -2.47000e+02
8774 -2.46000e+02
8901 -2.45000e+02
8957 -2.44000e+02
9141 -2.43000e+02
9205 -2.42000e+02
9272 -2.41000e+02
9325 -2.40000e+02
9442 -2.39000e+02
9517 -2.38000e+02
9633 -2.37000e+02
9755 -2.36000e+02
9951 -2.36000e+02
"function evaluation" "best-so-far f(x)"
1 -3.53000e+02
5 -3.52000e+02
75 -3.51000e+02
177 -3.50000e+02
272 -3.49000e+02
489 -3.48000e+02
560 -3.47000e+02
665 -3.46000e+02
682 -3.45000e+02
852 -3.44000e+02
968 -3.43000e+02
1054 -3.42000e+02
1109 -3.41000e+02
1188 -3.40000e+02
1197 -3.39000e+02
1353 -3.38000e+02
1363 -3.37000e+02
1386 -3.36000e+02
1504 -3.35000e+02
1519 -3.34000e+02
1539 -3.33000e+02
1651 -3.31000e+02
1744 -3.30000e+02
1820 -3.28000e+02
1876 -3.27000e+02
1996 -3.26000e+02
2013 -3.25000e+02
2052 -3.24000e+02
2185 -3.23000e+02
2302 -3.22000e+02
2327 -3.20000e+02
2492 -3.19000e+02
2633 -3.17000e+02
2705 -3.16000e+02
2876 -3.15000e+02
2896 -3.14000e+02
3028 -3.13000e+02
3093 -3.12000e+02
3232 -3.10000e+02
3325 -3.09000e+02
3439 -3.08000e+02
3525 -3.07000e+02
3588 -3.06000e+02
3705 -3.05000e+02
3788 -3.04000e+02
3903 -3.03000e+02
4075 -3.02000e+02
4171 -3.01000e+02
4237 -3.00000e+02
4243 -2.99000e+02
4353 -2.98000e+02
4418 -2.96000e+02
4500 -2.95000e+02
4587 -2.94000e+02
4616 -2.93000e+02
4711 -2.92000e+02
4804 -2.91000e+02
4877 -2.90000e+02
4915 -2.88000e+02
4984 -2.87000e+02
5016 -2.86000e+02
5049 -2.85000e+02
5070 -2.84000e+02
5154 -2.83000e+02
5160 -2.82000e+02
5256 -2.81000e+02
5300 -2.80000e+02
5470 -2.79000e+02
5613 -2.78000e+02
5666 -2.77000e+02
5677 -2.76000e+02
5850 -2.75000e+02
5904 -2.74000e+02
6170 -2.73000e+02
6271 -2.72000e+02
6362 -2.71000e+02
6489 -2.70000e+02
6609 -2.69000e+02
6781 -2.68000e+02
6881 -2.67000e+02
7004 -2.66000e+02
7086 -2.65000e+02
7208 -2.64000e+02
7314 -2.63000e+02
7409 -2.62000e+02
7451 -2.61000e+02
7519 -2.60000e+02
7616 -2.59000e+02
7748 -2.58000e+02
7827 -2.57000e+02
7910 -2.56000e+02
8004 -2.55000e+02
8040 -2.54000e+02
8261 -2.53000e+02
8389 -2.52000e+02
8487 -2.50000e+02
8628 -2.49000e+02
8863 -2.48000e+02
8892 -2.47000e+02
9081 -2.46000e+02
9107 -2.45000e+02
9308 -2.44000e+02
9447 -2.43000e+02
9514 -2.42000e+02
9810 -2.41000e+02
9827 -2.40000e+02
9853 -2.39000e+02
9862 -2.38000e+02
9951 -2.38000e+02
"function evaluation" "best-so-far f(x)"
1 -3.53000e+02
8 -3.52000e+02
114 -3.51000e+02
155 -3.50000e+02
201 -3.49000e+02
266 -3.48000e+02
375 -3.47000e+02
519 -3.46000e+02
569 -3.45000e+02
683 -3.44000e+02
778 -3.43000e+02
910 -3.42000e+02
1005 -3.41000e+02
1111 -3.40000e+02
1264 -3.39000e+02
1293 -3.38000e+02
1393 -3.37000e+02
1444 -3.36000e+02
1532 -3.35000e+02
1557 -3.34000e+02
1598 -3.33000e+02
1739 -3.32000e+02
1939 -3.31000e+02
1948 -3.30000e+02
2030 -3.29000e+02
2142 -3.28000e+02
2200 -3.27000e+02
2282 -3.26000e+02
2293 -3.25000e+02
2487 -3.24000e+02
2531 -3.23000e+02
2569 -3.22000e+02
2697 -3.21000e+02
2850 -3.20000e+02
2981 -3.19000e+02
3067 -3.18000e+02
3115 -3.17000e+02
3149 -3.15000e+02
3222 -3.14000e+02
3242 -3.13000e+02
3399 -3.12000e+02
3567 -3.11000e+02
3661 -3.10000e+02
3745 -3.09000e+02
3873 -3.08000e+02
3918 -3.07000e+02
4047 -3.06000e+02
4193 -3.05000e+02
4264 -3.04000e+02
4315 -3.03000e+02
4492 -3.02000e+02
4581 -3.01000e+02
4670 -3.00000e+02
4702 -2.99000e+02
4825 -2.98000e+02
4948 -2.97000e+02
5064 -2.96000e+02
5081 -2.95000e+02
5273 -2.94000e+02
5386 -2.93000e+02
5461 -2.92000e+02
5538 -2.91000e+02
5539 -2.90000e+02
5619 -2.89000e+02
5651 -2.87000e+02
5851 -2.86000e+02
5905 -2.85000e+02
6023 -2.84000e+02
6174 -2.83000e+02
6308 -2.82000e+02
6361 -2.81000e+02
6386 -2.80000e+02
6424 -2.79000e+02
6441 -2.78000e+02
6517 -2.77000e+02
6699 -2.76000e+02
6859 -2.75000e+02
6995 -2.74000e+02
7113 -2.73000e+02
7142 -2.72000e+02
7356 -2.71000e+02
7437 -2.70000e+02
7526 -2.69000e+02
7569 -2.68000e+02
7723 -2.67000e+02
7875 -2.66000e+02
7882 -2.65000e+02
7998 -2.64000e+02
8214 -2.63000e+02
8313 -2.62000e+02
8351 -2.61000e+02
8452 -2.60000e+02
8577 -2.59000e+02
8677 -2.58000e+02
8738 -2.57000e+02
8785 -2.56000e+02
8853 -2.55000e+02
8920 -2.54000e+02
9037 -2.53000e+02
9173 -2.52000e+02
9240 -2.51000e+02
9365 -2.50000e+02
9676 -2.49000e+02
9749 -2.48000e+02
9930 -2.47000e+02
9951 -2.47000e+02
"function evaluation" "best-so-far f(x)"
1 -3.53000e+02
25 -3.52000e+02
85 -3.51000e+02
124 -3.50000e+02
182 -3.49000e+02
203 -3.47000e+02
372 -3.46000e+02
407 -3.45000e+02
466 -3.44000e+02
473 -3.43000e+02
543 -3.42000e+02
624 -3.41000e+02
720 -3.40000e+02
855 -3.39000e+02
929 -3.38000e+02
932 -3.36000e+02
953 -3.34000e+02
1114 -3.33000e+02
1204 -3.32000e+02
1270 -3.31000e+02
1314 -3.30000e+02
1392 -3.29000e+02
1446 -3.28000e+02
1596 -3.27000e+02
1665 -3.26000e+02
1756 -3.25000e+02
1876 -3.24000e+02
1951 -3.23000e+02
2074 -3.22000e+02
2118 -3.21000e+02
2126 -3.20000e+02
2236 -3.19000e+02
2307 -3.18000e+02
2397 -3.17000e+02
2420 -3.16000e+02
2463 -3.15000e+02
2597 -3.14000e+02
2673 -3.13000e+02
2763 -3.12000e+02
2803 -3.11000e+02
2851 -3.10000e+02
2946 -3.09000e+02
2983 -3.08000e+02
3099 -3.07000e+02
3150 -3.06000e+02
3219 -3.05000e+02
3368 -3.04000e+02
3472 -3.03000e+02
3541 -3.02000e+02
3654 -3.01000e+02
3671 -3.00000e+02
3726 -2.99000e+02
3823 -2.98000e+02
3840 -2.97000e+02
3964 -2.96000e+02
4040 -2.95000e+02
4117 -2.94000e+02
4214 -2.93000e+02
4318 -2.92000e+02
4386 -2.91000e+02
4419 -2.90000e+02
4497 -2.89000e+02
4588 -2.88000e+02
4647 -2.87000e+02
4742 -2.86000e+02
4832 -2.85000e+02
4950 -2.84000e+02
5112 -2.83000e+02
5152 -2.82000e+02
5177 -2.81000e+02
5253 -2.80000e+02
5369 -2.79000e+02
5413 -2.78000e+02
5452 -2.77000e+02
5507 -2.76000e+02
5549 -2.75000e+02
5841 -2.74000e+02
5930 -2.73000e+02
6040 -2.72000e+02
6340 -2.71000e+02
6461 -2.70000e+02
6531 -2.69000e+02
6633 -2.68000e+02
6732 -2.67000e+02
6783 -2.66000e+02
6872 -2.65000e+02
6950 -2.64000e+02
7006 -2.63000e+02
7179 -2.62000e+02
7259 -2.61000e+02
7374 -2.60000e+02
7387 -2.59000e+02
7503 -2.58000e+02
7539 -2.57000e+02
7600 -2.56000e+02
7669 -2.55000e+02
7752 -2.54000e+02
7763 -2.53000e+02
7878 -2.51000e+02
7987 -2.50000e+02
8080 -2.49000e+02
8168 -2.48000e+02
8220 -2.47000e+02
8274 -2.46000e+02
8445 -2.45000e+02
8626 -2.44000e+02
8743 -2.43000e+02
8744 -2.42000e+02
8761 -2.41000e+02
8861 -2.40000e+02
9030 -2.39000e+02
9094 -2.38000e+02
9162 -2.37000e+02
9378 -2.36000e+02
9494 -2.35000e+02
9624 -2.34000e+02
9681 -2.33000e+02
9862 -2.32000e+02
9951 -2.32000e+02
"function evaluation" "best-so-far f(x)"
1 -3.53000e+02
38 -3.51000e+02
105 -3.50000e+02
149 -3.49000e+02
280 -3.48000e+02
448 -3.47000e+02
591 -3.46000e+02
622 -3.45000e+02
653 -3.44000e+02
822 -3.43000e+02
872 -3.42000e+02
955 -3.41000e+02
1063 -3.40000e+02
1184 -3.39000e+02
1297 -3.38000e+02
1330 -3.37000e+02
1369 -3.36000e+02
1405 -3.35000e+02
1574 -3.34000e+02
1604 -3.33000e+02
1681 -3.32000e+02
1781 -3.31000e+02
1824 -3.30000e+02
1902 -3.29000e+02
2100 -3.28000e+02
2105 -3.27000e+02
2227 -3.26000e+02
2299 -3.25000e+02
2315 -3.24000e+02
2510 -3.23000e+02
2594 -3.22000e+02
2683 -3.21000e+02
2770 -3.20000e+02
2791 -3.19000e+02
2883 -3.18000e+02
2951 -3.17000e+02
2978 -3.16000e+02
3084 -3.15000e+02
3203 -3.14000e+02
3262 -3.13000e+02
3376 -3.12000e+02
3393 -3.11000e+02
3524 -3.10000e+02
3573 -3.09000e+02
3676 -3.08000e+02
3743 -3.07000e+02
3797 -3.06000e+02
4044 -3.05000e+02
4148 -3.04000e+02
4176 -3.03000e+02
4257 -3.02000e+02
4388 -3.01000e+02
4459 -3.00000e+02
4559 -2.99000e+02
4618 -2.98000e+02
4711 -2.97000e+02
4830 -2.96000e+02
4908 -2.95000e+02
5064 -2.94000e+02
5102 -2.93000e+02
5183 -2.92000e+02
5355 -2.91000e+02
5384 -2.90000e+02
5460 -2.89000e+02
5609 -2.88000e+02
5756 -2.87000e+02
5757 -2.86000e+02
5828 -2.84000e+02
5923 -2.83000e+02
5969 -2.82000e+02
6038 -2.81000e+02
6082 -2.80000e+02
6235 -2.79000e+02
6369 -2.78000e+02
6475 -2.76000e+02
6567 -2.75000e+02
6651 -2.74000e+02
6786 -2.73000e+02
6862 -2.72000e+02
6890 -2.71000e+02
7038 -2.70000e+02
7123 -2.69000e+02
7199 -2.68000e+02
7299 -2.67000e+02
7403 -2.66000e+02
7514 -2.65000e+02
7579 -2.64000e+02
7580 -2.63000e+02
7663 -2.62000e+02
7667 -2.61000e+02
7802 -2.60000e+02
7870 -2.59000e+02
8026 -2.57000e+02
8089 -2.56000e+02
8266 -2.55000e+02
8401 -2.54000e+02
8501 -2.53000e+02
8618 -2.52000e+02
8659 -2.51000e+02
8800 -2.50000e+02
8828 -2.49000e+02
9007 -2.48000e+02
9159 -2.47000e+02
9202 -2.46000e+02
9224 -2.45000e+02
9388 -2.44000e+02
9412 -2.43000e+02
9620 -2.42000e+02
9652 -2.41000e+02
9772 -2.40000e+02
9942 -2.38000e+02
9951 -2.38000e+02
"function evaluation" "best-so-far f(x)"
1 -3.53000e+02
7 -3.52000e+02
50 -3.51000e+02
157 -3.50000e+02
328 -3.48000e+02
436 -3.47000e+02
537 -3.45000e+02
616 -3.44000e+02
746 -3.43000e+02
878 -3.42000e+02
884 -3.41000e+02
917 -3.40000e+02
962 -3.39000e+02
1154 -3.38000e+02
1243 -3.37000e+02
1356 -3.36000e+02
1468 -3.35000e+02
1533 -3.34000e+02
1620 -3.33000e+02
1722 -3.32000e+02
1795 -3.31000e+02
1801 -3.30000e+02
1927 -3.29000e+02
2047 -3.28000e+02
2066 -3.27000e+02
2290 -3.26000e+02
2332 -3.25000e+02
2432 -3.24000e+02
2485 -3.23000e+02
2693 -3.22000e+02
2824 -3.21000e+02
2907 -3.20000e+02
2973 -3.19000e+02
2997 -3.18000e+02
3114 -3.17000e+02
3224 -3.16000e+02
3348 -3.15000e+02
3418 -3.14000e+02
3560 -3.13000e+02
3688 -3.12000e+02
3758 -3.11000e+02
3873 -3.10000e+02
3922 -3.09000e+02
4026 -3.08000e+02
4123 -3.07000e+02
4300 -3.04000e+02
4399 -3.03000e+02
4516 -3.02000e+02
4594 -3.01000e+02
4653 -3.00000e+02
4696 -2.99000e+02
4793 -2.98000e+02
4961 -2.97000e+02
5111 -2.96000e+02
5297 -2.95000e+02
5358 -2.94000e+02
5434 -2.93000e+02
5545 -2.92000e+02
5682 -2.91000e+02
5796 -2.90000e+02
5878 -2.89000e+02
6018 -2.88000e+02
6087 -2.87000e+02
6160 -2.86000e+02
6341 -2.85000e+02
6442 -2.84000e+02
6540 -2.83000e+02
6621 -2.82000e+02
6705 -2.81000e+02
6707 -2.80000e+02
6789 -2.79000e+02
6818 -2.78000e+02
6927 -2.77000e+02
6931 -2.76000e+02
7096 -2.75000e+02
7099 -2.74000e+02
7200 -2.73000e+02
7258 -2.72000e+02
7356 -2.71000e+02
7421 -2.70000e+02
7519 -2.69000e+02
7674 -2.68000e+02
7708 -2.67000e+02
7799 -2.66000e+02
7933 -2.64000e+02
8261 -2.63000e+02
8440 -2.62000e+02
8497 -2.61000e+02
8567 -2.60000e+02
8656 -2.59000e+02
8831 -2.58000e+02
8864 -2.57000e+02
8916 -2.56000e+02
9045 -2.55000e+02
9143 -2.54000e+02
9233 -2.53000e+02
9278 -2.52000e+02
9433 -2.51000e+02
9537 -2.50000e+02
9661 -2.49000e+02
9790 -2.48000e+02
9829 -2.47000e+02
9951 -2.47000e+02
"function evaluation" "best-so-far f(x)"
1 -3.53000e+02
66 -3.52000e+02
170 -3.51000e+02
180 -3.50000e+02
314 -3.49000e+02
319 -3.48000e+02
393 -3.47000e+02
560 -3.46000e+02
655 -3.45000e+02
670 -3.44000e+02
777 -3.43000e+02
927 -3.42000e+02
1028 -3.41000e+02
1074 -3.40000e+02
1106 -3.39000e+02
1252 -3.38000e+02
1258 -3.37000e+02
1335 -3.36000e+02
1440 -3.34000e+02
1560 -3.33000e+02
1687 -3.32000e+02
1755 -3.31000e+02
1933 -3.30000e+02
1971 -3.29000e+02
2116 -3.28000e+02
2132 -3.27000e+02
2239 -3.26000e+02
2282 -3.25000e+02
2370 -3.24000e+02
2460 -3.23000e+02
2638 -3.22000e+02
2735 -3.21000e+02
2866 -3.20000e+02
2880 -3.19000e+02
3072 -3.18000e+02
3194 -3.17000e+02
3231 -3.16000e+02
3280 -3.15000e+02
3455 -3.14000e+02
3580 -3.13000e+02
3672 -3.12000e+02
3761 -3.11000e+02
3816 -3.10000e+02
3911 -3.09000e+02
4077 -3.08000e+02
4208 -3.07000e+02
4261 -3.06000e+02
4317 -3.05000e+02
4500 -3.04000e+02
4595 -3.03000e+02
4737 -3.02000e+02
4742 -3.01000e+02
4821 -3.00000e+02
4948 -2.99000e+02
5069 -2.98000e+02
5212 -2.97000e+02
5323 -2.96000e+02
5436 -2.95000e+02
5459 -2.94000e+02
5480 -2.93000e+02
5565 -2.92000e+02
5680 -2.91000e+02
5870 -2.90000e+02
5911 -2.89000e+02
5939 -2.88000e+02
6003 -2.87000e+02
6119 -2.86000e+02
6399 -2.85000e+02
6402 -2.84000e+02
6443 -2.83000e+02
6566 -2.82000e+02
6706 -2.81000e+02
6833 -2.80000e+02
6943 -2.79000e+02
7076 -2.78000e+02
7150 -2.77000e+02
7229 -2.76000e+02
7252 -2.75000e+02
7344 -2.74000e+02
7376 -2.72000e+02
7461 -2.71000e+02
7505 -2.70000e+02
7579 -2.69000e+02
7729 -2.68000e+02
7823 -2.67000e+02
7924 -2.66000e+02
8053 -2.65000e+02
8077 -2.64000e+02
8172 -2.63000e+02
8224 -2.62000e+02
8345 -2.61000e+02
8463 -2.60000e+02
8596 -2.59000e+02
8817 -2.58000e+02
8818 -2.57000e+02
8958 -2.56000e+02
9114 -2.55000e+02
9163 -2.54000e+02
9215 -2.53000e+02
9362 -2.52000e+02
9488 -2.51000e+02
9655 -2.50000e+02
9729 -2.49000e+02
9865 -2.48000e+02
9893 -2.47000e+02
9951 -2.47000e+02
"function evaluation" "best-so-far f(x)"
1 -3.53000e+02
34 -3.52000e+02
112 -3.51000e+02
190 -3.50000e+02
314 -3.49000e+02
454 -3.48000e+02
558 -3.46000e+02
658 -3.45000e+02
699 -3.44000e+02
713 -3.43000e+02
766 -3.42000e+02
958 -3.41000e+02
1013 -3.40000e+02
1111 -3.39000e+02
1138 -3.38000e+02
1176 -3.37000e+02
1301 -3.36000e+02
1373 -3.35000e+02
1459 -3.34000e+02
1496 -3.33000e+02
1553 -3.32000e+02
1665 -3.31000e+02
1781 -3.30000e+02
1789 -3.29000e+02
1822 -3.28000e+02
1897 -3.27000e+02
1920 -3.26000e+02
2091 -3.25000e+02
2290 -3.24000e+02
2368 -3.23000e+02
2402 -3.22000e+02
2480 -3.21000e+02
2529 -3.20000e+02
2698 -3.19000e+02
2907 -3.18000e+02
3036 -3.17000e+02
3095 -3.16000e+02
3158 -3.15000e+02
3219 -3.14000e+02
3278 -3.13000e+02
3330 -3.12000e+02
3335 -3.10000e+02
3357 -3.09000e+02
3447 -3.08000e+02
3505 -3.07000e+02
3604 -3.06000e+02
3653 -3.05000e+02
3668 -3.04000e+02
3788 -3.03000e+02
3831 -3.02000e+02
3854 -3.01000e+02
3965 -3.00000e+02
4231 -2.99000e+02
4309 -2.98000e+02
4420 -2.97000e+02
4469 -2.96000e+02
4594 -2.95000e+02
4671 -2.94000e+02
4714 -2.93000e+02
4740 -2.92000e+02
4924 -2.91000e+02
5075 -2.90000e+02
5205 -2.89000e+02
5228 -2.88000e+02
5353 -2.87000e+02
5441 -2.86000e+02
5537 -2.85000e+02
5577 -2.84000e+02
5655 -2.83000e+02
5702 -2.82000e+02
5801 -2.81000e+02
5956 -2.80000e+02
5980 -2.79000e+02
6060 -2.78000e+02
6177 -2.77000e+02
6185 -2.76000e+02
6242 -2.75000e+02
6297 -2.74000e+02
6501 -2.73000e+02
6559 -2.72000e+02
6610 -2.71000e+02
6736 -2.70000e+02
6835 -2.69000e+02
6906 -2.68000e+02
7014 -2.67000e+02
7033 -2.66000e+02
7042 -2.65000e+02
7146 -2.64000e+02
7292 -2.63000e+02
7359 -2.62000e+02
7488 -2.61000e+02
7528 -2.60000e+02
7584 -2.59000e+02
7695 -2.58000e+02
7748 -2.57000e+02
7889 -2.56000e+02
8051 -2.55000e+02
8165 -2.54000e+02
8271 -2.53000e+02
8356 -2.52000e+02
8403 -2.51000e+02
8489 -2.50000e+02
8644 -2.49000e+02
8840 -2.48000e+02
8948 -2.47000e+02
9115 -2.46000e+02
9214 -2.45000e+02
9224 -2.44000e+02
9329 -2.43000e+02
9515 -2.42000e+02
9577 -2.41000e+02
9620 -2.40000e+02
9763 -2.39000e+02
9885 -2.37000e+02
9927 -2.36000e+02
9951 -2.36000e+02
"function evaluation" "best-so-far f(x)"
1 -3.53000e+02
13 -3.52000e+02
53 -3.51000e+02
215 -3.50000e+02
403 -3.49000e+02
484 -3.48000e+02
543 -3.47000e+02
641 -3.46000e+02
708 -3.45000e+02
768 -3.44000e+02
820 -3.43000e+02
867 -3.42000e+02
1025 -3.41000e+02
1035 -3.40000e+02
1109 -3.39000e+02
1185 -3.38000e+02
1280 -3.37000e+02
1325 -3.36000e+02
1343 -3.34000e+02
1454 -3.33000e+02
1485 -3.32000e+02
1549 -3.31000e+02
1588 -3.30000e+02
1711 -3.29000e+02
1743 -3.28000e+02
1794 -3.27000e+02
1969 -3.26000e+02
2013 -3.25000e+02
2056 -3.24000e+02
2179 -3.23000e+02
2330 -3.22000e+02
2478 -3.21000e+02
2506 -3.20000e+02
2536 -3.19000e+02
2599 -3.17000e+02
2667 -3.16000e+02
2736 -3.15000e+02
2782 -3.14000e+02
2964 -3.13000e+02
3158 -3.12000e+02
3309 -3.11000e+02
3387 -3.10000e+02
3560 -3.09000e+02
3621 -3.08000e+02
3695 -3.07000e+02
3906 -3.06000e+02
4080 -3.05000e+02
4185 -3.04000e+02
4376 -3.03000e+02
4580 -3.02000e+02
4821 -3.01000e+02
4908 -3.00000e+02
5106 -2.99000e+02
5191 -2.98000e+02
5219 -2.97000e+02
5337 -2.96000e+02
5429 -2.95000e+02
5525 -2.94000e+02
5635 -2.93000e+02
5701 -2.92000e+02
5884 -2.91000e+02
5973 -2.90000e+02
5984 -2.89000e+02
6087 -2.88000e+02
6132 -2.86000e+02
6264 -2.85000e+02
6298 -2.84000e+02
6339 -2.83000e+02
6452 -2.82000e+02
6615 -2.81000e+02
6669 -2.80000e+02
6685 -2.79000e+02
6767 -2.78000e+02
6953 -2.77000e+02
7022 -2.76000e+02
7056 -2.75000e+02
7197 -2.74000e+02
7277 -2.73000e+02
7361 -2.72000e+02
7524 -2.70000e+02
7601 -2.69000e+02
7667 -2.68000e+02
7770 -2.67000e+02
7826 -2.66000e+02
7839 -2.65000e+02
7873 -2.64000e+02
7958 -2.63000e+02
8071 -2.62000e+02
8120 -2.61000e+02
8210 -2.60000e+02
8344 -2.59000e+02
8411 -2.58000e+02
8471 -2.57000e+02
8570 -2.56000e+02
8658 -2.55000e+02
8841 -2.54000e+02
8931 -2.53000e+02
9037 -2.52000e+02
9116 -2.51000e+02
9181 -2.50000e+02
9252 -2.49000e+02
9274 -2.48000e+02
9455 -2.47000e+02
9558 -2.46000e+02
9607 -2.45000e+02
9742 -2.44000e+02
9869 -2.43000e+02
9951 -2.43000e+02
"function evaluation" "best-so-far f(x)"
1 -3.53000e+02
13 -3.52000e+02
125 -3.51000e+02
135 -3.50000e+02
208 -3.48000e+02
239 -3.47000e+02
321 -3.46000e+02
372 -3.45000e+02
440 -3.44000e+02
441 -3.43000e+02
559 -3.42000e+02
733 -3.41000e+02
807 -3.40000e+02
865 -3.39000e+02
1093 -3.38000e+02
1136 -3.37000e+02
1220 -3.36000e+02
1281 -3.35000e+02
1331 -3.34000e+02
1517 -3.33000e+02
1565 -3.31000e+02
1732 -3.30000e+02
1758 -3.29000e+02
1814 -3.28000e+02
1884 -3.26000e+02
1945 -3.25000e+02
2051 -3.24000e+02
2154 -3.23000e+02
2199 -3.22000e+02
2292 -3.21000e+02
2326 -3.20000e+02
2390 -3.19000e+02
2436 -3.17000e+02
2537 -3.16000e+02
2693 -3.15000e+02
2773 -3.14000e+02
2887 -3.13000e+02
2993 -3.12000e+02
3191 -3.11000e+02
3318 -3.10000e+02
3421 -3.09000e+02
3584 -3.08000e+02
3718 -3.07000e+02
3812 -3.06000e+02
3880 -3.05000e+02
4005 -3.04000e+02
4009 -3.03000e+02
4101 -3.02000e+02
4138 -3.01000e+02
4229 -3.00000e+02
4307 -2.99000e+02
4384 -2.97000e+02
4419 -2.96000e+02
4543 -2.95000e+02
4578 -2.94000e+02
4606 -2.93000e+02
4761 -2.92000e+02
4887 -2.91000e+02
4926 -2.90000e+02
5000 -2.89000e+02
5035 -2.88000e+02
5085 -2.87000e+02
5200 -2.86000e+02
5247 -2.85000e+02
5252 -2.83000e+02
5277 -2.82000e+02
5283 -2.81000e+02
5449 -2.80000e+02
5586 -2.79000e+02
5649 -2.78000e+02
5742 -2.77000e+02
5905 -2.76000e+02
6165 -2.75000e+02
6282 -2.74000e+02
6305 -2.73000e+02
6421 -2.72000e+02
6522 -2.71000e+02
6603 -2.70000e+02
6697 -2.69000e+02
6730 -2.68000e+02
6843 -2.67000e+02
6916 -2.66000e+02
6949 -2.65000e+02
7025 -2.64000e+02
7086 -2.63000e+02
7185 -2.62000e+02
7257 -2.61000e+02
7300 -2.60000e+02
7356 -2.59000e+02
7457 -2.58000e+02
7557 -2.57000e+02
7619 -2.56000e+02
7747 -2.55000e+02
7807 -2.54000e+02
7847 -2.53000e+02
8187 -2.52000e+02
8239 -2.51000e+02
8314 -2.50000e+02
8463 -2.49000e+02
8525 -2.48000e+02
8675 -2.46000e+02
8726 -2.45000e+02
8840 -2.44000e+02
8950 -2.43000e+02
9026 -2.42000e+02
9073 -2.41000e+02
9211 -2.40000e+02
9296 -2.39000e+02
9526 -2.38000e+02
9706 -2.37000e+02
9736 -2.36000e+02
9762 -2.35000e+02
9868 -2.34000e+02
9951 -2.34000e+02
"function evaluation" "best-so-far f(x)"
1 -3.53000e+02
101 -3.52000e+02
178 -3.50000e+02
252 -3.49000e+02
311 -3.48000e+02
446 -3.47000e+02
518 -3.46000e+02
692 -3.45000e+02
787 -3.44000e+02
888 -3.43000e+02
935 -3.42000e+02
1023 -3.41000e+02
1043 -3.40000e+02
1163 -3.39000e+02
1241 -3.38000e+02
1257 -3.37000e+02
1324 -3.36000e+02
1374 -3.35000e+02
1490 -3.34000e+02
1543 -3.33000e+02
1633 -3.32000e+02
1676 -3.31000e+02
1806 -3.30000e+02
1883 -3.29000e+02
2017 -3.28000e+02
2044 -3.27000e+02
2080 -3.26000e+02
2161 -3.25000e+02
2218 -3.24000e+02
2302 -3.23000e+02
2319 -3.22000e+02
2388 -3.21000e+02
2442 -3.20000e+02
2505 -3.19000e+02
2585 -3.18000e+02
2615 -3.17000e+02
2646 -3.16000e+02
2653 -3.15000e+02
2770 -3.14000e+02
2825 -3.13000e+02
2908 -3.12000e+02
3109 -3.11000e+02
3288 -3.09000e+02
3820 -3.08000e+02
3879 -3.07000e+02
3949 -3.06000e+02
4063 -3.05000e+02
4155 -3.04000e+02
4297 -3.03000e+02
4356 -3.02000e+02
4430 -3.01000e+02
4541 -3.00000e+02
4580 -2.99000e+02
4654 -2.98000e+02
4719 -2.97000e+02
4766 -2.96000e+02
4868 -2.94000e+02
5064 -2.93000e+02
5169 -2.92000e+02
5225 -2.91000e+02
5278 -2.89000e+02
5351 -2.88000e+02
5580 -2.87000e+02
5670 -2.86000e+02
5707 -2.85000e+02
5806 -2.84000e+02
5942 -2.83000e+02
5994 -2.82000e+02
6088 -2.80000e+02
6149 -2.79000e+02
6262 -2.78000e+02
6303 -2.77000e+02
6461 -2.76000e+02
6559 -2.75000e+02
6738 -2.74000e+02
6830 -2.73000e+02
6860 -2.72000e+02
6885 -2.71000e+02
6981 -2.70000e+02
7123 -2.69000e+02
7246 -2.68000e+02
7447 -2.67000e+02
7503 -2.66000e+02
7658 -2.65000e+02
7739 -2.64000e+02
7852 -2.63000e+02
7970 -2.62000e+02
8083 -2.61000e+02
8186 -2.60000e+02
8202 -2.59000e+02
8319 -2.58000e+02
8441 -2.57000e+02
8504 -2.56000e+02
8614 -2.55000e+02
8728 -2.54000e+02
8852 -2.53000e+02
9018 -2.52000e+02
9119 -2.51000e+02
9154 -2.50000e+02
9242 -2.49000e+02
9281 -2.48000e+02
9350 -2.47000e+02
9368 -2.46000e+02
9486 -2.45000e+02
9534 -2.44000e+02
9589 -2.43000e+02
9726 -2.42000e+02
9882 -2.41000e+02
9951 -2.41000e+02
"function evaluation" "best-so-far f(x)"
1 -3.53000e+02
4 -3.52000e+02
32 -3.51000e+02
46 -3.50000e+02
293 -3.49000e+02
424 -3.48000e+02
454 -3.47000e+02
717 -3.46000e+02
820 -3.45000e+02
1077 -3.44000e+02
1185 -3.43000e+02
1345 -3.42000e+02
1379 -3.40000e+02
1511 -3.39000e+02
1552 -3.38000e+02
1619 -3.37000e+02
1740 -3.36000e+02
1818 -3.35000e+02
1886 -3.34000e+02
1923 -3.33000e+02
2018 -3.32000e+02
2064 -3.30000e+02
2205 -3.29000e+02
2289 -3.28000e+02
2386 -3.27000e+02
2452 -3.26000e+02
2582 -3.25000e+02
2654 -3.24000e+02
2721 -3.23000e+02
2801 -3.22000e+02
2863 -3.21000e+02
2866 -3.20000e+02
2923 -3.19000e+02
2979 -3.18000e+02
3007 -3.17000e+02
3053 -3.16000e+02
3190 -3.15000e+02
3226 -3.14000e+02
3318 -3.13000e+02
3423 -3.12000e+02
3471 -3.11000e+02
3479 -3.10000e+02
3525 -3.09000e+02
3680 -3.08000e+02
3689 -3.07000e+02
3741 -3.06000e+02
3823 -3.05000e+02
3880 -3.04000e+02
4010 -3.03000e+02
4088 -3.02000e+02
4225 -3.01000e+02
4431 -3.00000e+02
4487 -2.99000e+02
4563 -2.98000e+02
4647 -2.97000e+02
4734 -2.96000e+02
4758 -2.95000e+02
4839 -2.94000e+02
4928 -2.93000e+02
4961 -2.92000e+02
5068 -2.91000e+02
5217 -2.90000e+02
5292 -2.89000e+02
5335 -2.88000e+02
5446 -2.86000e+02
5511 -2.85000e+02
5575 -2.84000e+02
5650 -2.83000e+02
5735 -2.82000e+02
5747 -2.81000e+02
5776 -2.80000e+02
5863 -2.79000e+02
5945 -2.78000e+02
6040 -2.77000e+02
6166 -2.76000e+02
6239 -2.75000e+02
6381 -2.74000e+02
6410 -2.72000e+02
6513 -2.71000e+02
6692 -2.70000e+02
6694 -2.69000e+02
6823 -2.68000e+02
6933 -2.67000e+02
6958 -2.66000e+02
7027 -2.65000e+02
7222 -2.64000e+02
7346 -2.63000e+02
7467 -2.62000e+02
7603 -2.61000e+02
7689 -2.60000e+02
7803 -2.59000e+02
7976 -2.57000e+02
8061 -2.56000e+02
8171 -2.55000e+02
8416 -2.54000e+02
8451 -2.53000e+02
8642 -2.51000e+02
8865 -2.50000e+02
8978 -2.49000e+02
8990 -2.48000e+02
9056 -2.47000e+02
9068 -2.46000e+02
9160 -2.45000e+02
9169 -2.44000e+02
9245 -2.43000e+02
9392 -2.42000e+02
9454 -2.41000e+02
9589 -2.40000e+02
9765 -2.38000e+02
9879 -2.37000e+02
9951 -2.37000e+02
"function evaluation" "best-so-far f(x)"
1 -3.53000e+02
4 -3.52000e+02
118 -3.51000e+02
200 -3.50000e+02
235 -3.48000e+02
274 -3.47000e+02
361 -3.46000e+02
477 -3.45000e+02
542 -3.44000e+02
645 -3.42000e+02
767 -3.41000e+02
796 -3.40000e+02
979 -3.39000e+02
1017 -3.38000e+02
1037 -3.37000e+02
1190 -3.36000e+02
1241 -3.35000e+02
1351 -3.34000e+02
1476 -3.33000e+02
1597 -3.32000e+02
1795 -3.31000e+02
1808 -3.30000e+02
1880 -3.29000e+02
1961 -3.28000e+02
2041 -3.27000e+02
2121 -3.26000e+02
2244 -3.25000e+02
2307 -3.24000e+02
2424 -3.23000e+02
2485 -3.22000e+02
2561 -3.21000e+02
2715 -3.20000e+02
2727 -3.18000e+02
2802 -3.17000e+02
2896 -3.16000e+02
2990 -3.15000e+02
3028 -3.13000e+02
3110 -3.12000e+02
3174 -3.11000e+02
3208 -3.10000e+02
3300 -3.09000e+02
3387 -3.08000e+02
3558 -3.07000e+02
3625 -3.05000e+02
3685 -3.04000e+02
3873 -3.03000e+02
3956 -3.02000e+02
4096 -3.01000e+02
4209 -3.00000e+02
4294 -2.99000e+02
4418 -2.98000e+02
4455 -2.97000e+02
4639 -2.96000e+02
4699 -2.95000e+02
4778 -2.94000e+02
4934 -2.93000e+02
5057 -2.92000e+02
5105 -2.90000e+02
5271 -2.89000e+02
5420 -2.88000e+02
5430 -2.86000e+02
5468 -2.85000e+02
5571 -2.84000e+02
5651 -2.83000e+02
5766 -2.82000e+02
5831 -2.81000e+02
5865 -2.80000e+02
5915 -2.79000e+02
5974 -2.78000e+02
6042 -2.77000e+02
6170 -2.76000e+02
6202 -2.75000e+02
6410 -2.74000e+02
6447 -2.73000e+02
6592 -2.72000e+02
6652 -2.71000e+02
6793 -2.70000e+02
6868 -2.69000e+02
6923 -2.68000e+02
7040 -2.67000e+02
7043 -2.66000e+02
7133 -2.65000e+02
7255 -2.64000e+02
7359 -2.63000e+02
7418 -2.62000e+02
7493 -2.61000e+02
7581 -2.60000e+02
7731 -2.59000e+02
7848 -2.58000e+02
8033 -2.57000e+02
8160 -2.56000e+02
8279 -2.55000e+02
8414 -2.54000e+02
8487 -2.53000e+02
8703 -2.52000e+02
8794 -2.51000e+02
8885 -2.50000e+02
8948 -2.49000e+02
8960 -2.48000e+02
8961 -2.47000e+02
9017 -2.46000e+02
9093 -2.45000e+02
9161 -2.44000e+02
9306 -2.43000e+02
9394 -2.42000e+02
9542 -2.41000e+02
9589 -2.40000e+02
9675 -2.39000e+02
9709 -2.38000e+02
9780 -2.37000e+02
9908 -2.36000e+02
9951 -2.36000e+02
"function evaluation" "best-so-far f(x)"
1 -3.53000e+02
6 -3.52000e+02
25 -3.51000e+02
42 -3.50000e+02
215 -3.49000e+02
310 -3.48000e+02
431 -3.47000e+02
554 -3.46000e+02
626 -3.45000e+02
681 -3.44000e+02
846 -3.43000e+02
1039 -3.42000e+02
1132 -3.41000e+02
1164 -3.40000e+02
1306 -3.39000e+02
1421 -3.38000e+02
1465 -3.37000e+02
1597 -3.36000e+02
1622 -3.35000e+02
1738 -3.34000e+02
1783 -3.33000e+02
1799 -3.32000e+02
1948 -3.31000e+02
2056 -3.30000e+02
2101 -3.29000e+02
2201 -3.28000e+02
2379 -3.27000e+02
2416 -3.26000e+02
2530 -3.25000e+02
2595 -3.24000e+02
2642 -3.23000e+02
2659 -3.22000e+02
2688 -3.21000e+02
2730 -3.20000e+02
2767 -3.19000e+02
2779 -3.18000e+02
2895 -3.17000e+02
2940 -3.16000e+02
3042 -3.15000e+02
3133 -3.14000e+02
3154 -3.13000e+02
3266 -3.12000e+02
3382 -3.11000e+02
3471 -3.10000e+02
3489 -3.09000e+02
3619 -3.08000e+02
3639 -3.07000e+02
3831 -3.06000e+02
4017 -3.05000e+02
4190 -3.04000e+02
4292 -3.03000e+02
4432 -3.02000e+02
4540 -3.01000e+02
4616 -2.99000e+02
4853 -2.98000e+02
4917 -2.97000e+02
5075 -2.96000e+02
5129 -2.95000e+02
5211 -2.94000e+02
5307 -2.93000e+02
5444 -2.92000e+02
5501 -2.91000e+02
5593 -2.90000e+02
5705 -2.89000e+02
5736 -2.88000e+02
5982 -2.87000e+02
6018 -2.86000e+02
6158 -2.85000e+02
6331 -2.84000e+02
6403 -2.83000e+02
6437 -2.82000e+02
6556 -2.81000e+02
6700 -2.80000e+02
6744 -2.79000e+02
6800 -2.78000e+02
6984 -2.77000e+02
7109 -2.76000e+02
7180 -2.73000e+02
7254 -2.72000e+02
7261 -2.71000e+02
7367 -2.70000e+02
7563 -2.69000e+02
7705 -2.68000e+02
7788 -2.67000e+02
8039 -2.66000e+02
8191 -2.65000e+02
8278 -2.64000e+02
8431 -2.63000e+02
8586 -2.62000e+02
8665 -2.61000e+02
8728 -2.60000e+02
8852 -2.59000e+02
8894 -2.58000e+02
9006 -2.57000e+02
9116 -2.56000e+02
9143 -2.55000e+02
9259 -2.54000e+02
9440 -2.53000e+02
9566 -2.52000e+02
9601 -2.50000e+02
9872 -2.49000e+02
9884 -2.48000e+02
9951 -2.48000e+02
"function evaluation" "best-so-far f(x)"
1 -3.53000e+02
16 -3.52000e+02
78 -3.51000e+02
231 -3.50000e+02
273 -3.49000e+02
314 -3.48000e+02
365 -3.47000e+02
453 -3.46000e+02
610 -3.45000e+02
695 -3.44000e+02
809 -3.43000e+02
869 -3.42000e+02
987 -3.41000e+02
1044 -3.40000e+02
1178 -3.39000e+02
1229 -3.38000e+02
1239 -3.37000e+02
1268 -3.36000e+02
1319 -3.35000e+02
1400 -3.34000e+02
1448 -3.33000e+02
1450 -3.32000e+02
1522 -3.31000e+02
1588 -3.30000e+02
1692 -3.29000e+02
1860 -3.28000e+02
1915 -3.27000e+02
2160 -3.26000e+02
2225 -3.25000e+02
2298 -3.24000e+02
2381 -3.23000e+02
2451 -3.22000e+02
2481 -3.21000e+02
2643 -3.20000e+02
2711 -3.19000e+02
2758 -3.18000e+02
2871 -3.17000e+02
2951 -3.16000e+02
2953 -3.15000e+02
3010 -3.14000e+02
3072 -3.12000e+02
3147 -3.11000e+02
3160 -3.10000e+02
3230 -3.09000e+02
3286 -3.08000e+02
3413 -3.07000e+02
3426 -3.06000e+02
3458 -3.05000e+02
3659 -3.04000e+02
3743 -3.03000e+02
3745 -3.02000e+02
3889 -3.01000e+02
3893 -3.00000e+02
3982 -2.99000e+02
4123 -2.98000e+02
4161 -2.97000e+02
4173 -2.96000e+02
4236 -2.95000e+02
4331 -2.93000e+02
4418 -2.92000e+02
4496 -2.91000e+02
4613 -2.90000e+02
4668 -2.89000e+02
4748 -2.88000e+02
4827 -2.87000e+02
4916 -2.86000e+02
5130 -2.85000e+02
5300 -2.84000e+02
5316 -2.83000e+02
5450 -2.82000e+02
5508 -2.81000e+02
5644 -2.80000e+02
5810 -2.79000e+02
5950 -2.78000e+02
6071 -2.77000e+02
6235 -2.76000e+02
6256 -2.75000e+02
6313 -2.74000e+02
6385 -2.73000e+02
6499 -2.72000e+02
6572 -2.71000e+02
6675 -2.70000e+02
6871 -2.69000e+02
6937 -2.68000e+02
7070 -2.67000e+02
7192 -2.66000e+02
7222 -2.65000e+02
7403 -2.64000e+02
7518 -2.63000e+02
7603 -2.62000e+02
7728 -2.61000e+02
7830 -2.60000e+02
7857 -2.59000e+02
7902 -2.58000e+02
7991 -2.57000e+02
8196 -2.56000e+02
8310 -2.55000e+02
8505 -2.54000e+02
8614 -2.53000e+02
8657 -2.52000e+02
8733 -2.51000e+02
8824 -2.50000e+02
8890 -2.49000e+02
8983 -2.48000e+02
9002 -2.46000e+02
9112 -2.45000e+02
9281 -2.44000e+02
9354 -2.42000e+02
9405 -2.41000e+02
9454 -2.40000e+02
9501 -2.38000e+02
9672 -2.37000e+02
9804 -2.36000e+02
9901 -2.35000e+02
9951 -2.35000e+02
"function evaluation" "best-so-far f(x)"
1 -3.53000e+02
17 -3.52000e+02
57 -3.51000e+02
191 -3.50000e+02
330 -3.49000e+02
434 -3.48000e+02
544 -3.47000e+02
566 -3.46000e+02
730 -3.45000e+02
755 -3.44000e+02
814 -3.43000e+02
914 -3.42000e+02
927 -3.41000e+02
997 -3.40000e+02
1086 -3.39000e+02
1190 -3.38000e+02
1348 -3.37000e+02
1438 -3.36000e+02
1681 -3.35000e+02
1809 -3.34000e+02
1915 -3.33000e+02
2019 -3.32000e+02
2023 -3.31000e+02
2139 -3.30000e+02
2202 -3.29000e+02
2239 -3.28000e+02
2264 -3.27000e+02
2399 -3.26000e+02
2493 -3.25000e+02
2626 -3.24000e+02
2728 -3.23000e+02
2763 -3.22000e+02
2779 -3.21000e+02
2983 -3.20000e+02
3088 -3.19000e+02
3204 -3.18000e+02
3278 -3.17000e+02
3430 -3.16000e+02
3549 -3.15000e+02
3575 -3.14000e+02
3615 -3.13000e+02
3732 -3.12000e+02
3878 -3.11000e+02
3918 -3.10000e+02
4003 -3.09000e+02
4186 -3.08000e+02
4286 -3.07000e+02
4353 -3.06000e+02
4484 -3.05000e+02
4568 -3.04000e+02
4676 -3.03000e+02
4754 -3.02000e+02
4836 -3.01000e+02
4862 -3.00000e+02
4987 -2.98000e+02
5088 -2.97000e+02
5178 -2.96000e+02
5305 -2.95000e+02
5429 -2.94000e+02
5589 -2.93000e+02
5736 -2.92000e+02
5863 -2.91000e+02
5997 -2.90000e+02
6105 -2.89000e+02
6169 -2.88000e+02
6241 -2.87000e+02
6343 -2.86000e+02
6473 -2.85000e+02
6629 -2.84000e+02
6778 -2.83000e+02
6837 -2.82000e+02
6959 -2.81000e+02
7021 -2.80000e+02
7046 -2.79000e+02
7252 -2.78000e+02
7286 -2.77000e+02
7384 -2.76000e+02
7472 -2.75000e+02
7519 -2.74000e+02
7626 -2.73000e+02
7715 -2.72000e+02
7787 -2.71000e+02
7887 -2.70000e+02
7999 -2.69000e+02
8040 -2.68000e+02
8206 -2.67000e+02
8232 -2.66000e+02
8365 -2.65000e+02
8384 -2.64000e+02
8432 -2.63000e+02
8555 -2.62000e+02
8583 -2.61000e+02
8768 -2.60000e+02
8855 -2.59000e+02
8914 -2.58000e+02
9064 -2.57000e+02
9163 -2.56000e+02
9222 -2.55000e+02
9406 -2.53000e+02
9434 -2.52000e+02
9589 -2.51000e+02
9601 -2.50000e+02
9783 -2.49000e+02
9823 -2.48000e+02
9939 -2.47000e+02
9951 -2.47000e+02
"function evaluation" "best-so-far f(x)"
1 -3.53000e+02
25 -3.52000e+02
138 -3.51000e+02
174 -3.50000e+02
226 -3.49000e+02
268 -3.48000e+02
303 -3.47000e+02
574 -3.46000e+02
682 -3.45000e+02
741 -3.44000e+02
774 -3.43000e+02
937 -3.42000e+02
971 -3.41000e+02
972 -3.40000e+02
1145 -3.39000e+02
1295 -3.38000e+02
1299 -3.37000e+02
1374 -3.36000e+02
1464 -3.35000e+02
1652 -3.34000e+02
1762 -3.33000e+02
1788 -3.32000e+02
1944 -3.31000e+02
1988 -3.30000e+02
2001 -3.29000e+02
2139 -3.28000e+02
2166 -3.27000e+02
2205 -3.26000e+02
2404 -3.25000e+02
2545 -3.24000e+02
2567 -3.23000e+02
2678 -3.22000e+02
2772 -3.21000e+02
2870 -3.20000e+02
3035 -3.19000e+02
3046 -3.18000e+02
3068 -3.17000e+02
3217 -3.16000e+02
3264 -3.15000e+02
3312 -3.14000e+02
3468 -3.13000e+02
3536 -3.12000e+02
3724 -3.11000e+02
3756 -3.10000e+02
3868 -3.09000e+02
3914 -3.08000e+02
3955 -3.07000e+02
4064 -3.06000e+02
4136 -3.05000e+02
4310 -3.04000e+02
4543 -3.03000e+02
4612 -3.02000e+02
4666 -3.01000e+02
4700 -3.00000e+02
4793 -2.98000e+02
4956 -2.97000e+02
5078 -2.96000e+02
5204 -2.95000e+02
5286 -2.94000e+02
5345 -2.93000e+02
5407 -2.92000e+02
5531 -2.91000e+02
5657 -2.90000e+02
5659 -2.89000e+02
5717 -2.88000e+02
5796 -2.87000e+02
5812 -2.86000e+02
5885 -2.85000e+02
5922 -2.84000e+02
6018 -2.83000e+02
6198 -2.82000e+02
6214 -2.81000e+02
6319 -2.79000e+02
6435 -2.78000e+02
6530 -2.77000e+02
6535 -2.76000e+02
6536 -2.75000e+02
6648 -2.74000e+02
6695 -2.73000e+02
6801 -2.72000e+02
6970 -2.71000e+02
7170 -2.70000e+02
7206 -2.69000e+02
7302 -2.68000e+02
7352 -2.67000e+02
7361 -2.66000e+02
7585 -2.65000e+02
7652 -2.64000e+02
7760 -2.63000e+02
7893 -2.62000e+02
7994 -2.61000e+02
8101 -2.60000e+02
8246 -2.59000e+02
8362 -2.58000e+02
8380 -2.57000e+02
8428 -2.55000e+02
8565 -2.54000e+02
8645 -2.53000e+02
8749 -2.52000e+02
8890 -2.51000e+02
9008 -2.50000e+02
9073 -2.49000e+02
9200 -2.48000e+02
9260 -2.47000e+02
9313 -2.46000e+02
9520 -2.45000e+02
9529 -2.44000e+02
9600 -2.43000e+02
9684 -2.42000e+02
9801 -2.41000e+02
9874 -2.40000e+02
9951 -2.40000e+02
"function evaluation" "best-so-far f(x)"
1 -3.53000e+02
5 -3.52000e+02
66 -3.51000e+02
117 -3.50000e+02
228 -3.49000e+02
367 -3.48000e+02
495 -3.46000e+02
512 -3.45000e+02
623 -3.44000e+02
760 -3.43000e+02
905 -3.42000e+02
975 -3.41000e+02
1062 -3.40000e+02
1071 -3.39000e+02
1116 -3.38000e+02
1162 -3.37000e+02
1194 -3.36000e+02
1313 -3.35000e+02
1344 -3.34000e+02
1390 -3.32000e+02
1482 -3.31000e+02
1578 -3.29000e+02
1678 -3.28000e+02
1806 -3.27000e+02
2032 -3.26000e+02
2135 -3.25000e+02
2190 -3.24000e+02
2343 -3.23000e+02
2433 -3.22000e+02
2450 -3.21000e+02
2481 -3.20000e+02
2605 -3.19000e+02
2686 -3.18000e+02
2835 -3.17000e+02
2927 -3.16000e+02
2999 -3.15000e+02
3079 -3.14000e+02
3122 -3.13000e+02
3240 -3.12000e+02
3263 -3.11000e+02
3403 -3.10000e+02
3621 -3.09000e+02
3748 -3.08000e+02
3822 -3.07000e+02
3876 -3.06000e+02
3992 -3.05000e+02
4048 -3.04000e+02
4152 -3.03000e+02
4310 -3.02000e+02
4355 -3.01000e+02
4373 -3.00000e+02
4493 -2.99000e+02
4653 -2.98000e+02
4682 -2.97000e+02
4701 -2.96000e+02
4791 -2.95000e+02
4818 -2.94000e+02
4911 -2.93000e+02
4939 -2.92000e+02
4993 -2.91000e+02
5029 -2.90000e+02
5226 -2.89000e+02
5290 -2.88000e+02
5382 -2.87000e+02
5417 -2.86000e+02
5557 -2.85000e+02
5693 -2.84000e+02
5804 -2.83000e+02
5900 -2.82000e+02
5922 -2.81000e+02
5999 -2.80000e+02
6090 -2.79000e+02
6169 -2.78000e+02
6222 -2.77000e+02
6415 -2.76000e+02
6477 -2.75000e+02
6644 -2.74000e+02
6676 -2.73000e+02
6840 -2.72000e+02
6946 -2.71000e+02
7119 -2.70000e+02
7213 -2.69000e+02
7239 -2.68000e+02
7291 -2.67000e+02
7413 -2.66000e+02
7486 -2.65000e+02
7490 -2.64000e+02
7745 -2.63000e+02
7787 -2.62000e+02
7875 -2.61000e+02
7994 -2.60000e+02
8094 -2.59000e+02
8233 -2.58000e+02
8362 -2.57000e+02
8514 -2.56000e+02
8617 -2.55000e+02
8676 -2.54000e+02
8841 -2.53000e+02
8882 -2.52000e+02
8931 -2.51000e+02
9035 -2.50000e+02
9119 -2.49000e+02
9243 -2.48000e+02
9419 -2.47000e+02
9510 -2.46000e+02
9666 -2.45000e+02
9835 -2.44000e+02
9951 -2.44000e+02
"function evaluation" "best-so-far f(x)"
1 -3.53000e+02
36 -3.52000e+02
77 -3.51000e+02
191 -3.50000e+02
234 -3.49000e+02
315 -3.48000e+02
456 -3.47000e+02
584 -3.46000e+02
590 -3.45000e+02
642 -3.44000e+02
775 -3.43000e+02
849 -3.42000e+02
897 -3.41000e+02
951 -3.40000e+02
1081 -3.39000e+02
1199 -3.38000e+02
1230 -3.37000e+02
1329 -3.36000e+02
1356 -3.35000e+02
1491 -3.34000e+02
1556 -3.33000e+02
1616 -3.32000e+02
1697 -3.31000e+02
1759 -3.30000e+02
1891 -3.29000e+02
1925 -3.28000e+02
1981 -3.27000e+02
1999 -3.26000e+02
2064 -3.25000e+02
2155 -3.24000e+02
2277 -3.23000e+02
2387 -3.22000e+02
2467 -3.21000e+02
2561 -3.20000e+02
2572 -3.19000e+02
2676 -3.18000e+02
2761 -3.17000e+02
2864 -3.16000e+02
2994 -3.15000e+02
3062 -3.14000e+02
3214 -3.13000e+02
3247 -3.12000e+02
3414 -3.11000e+02
3516 -3.10000e+02
3581 -3.09000e+02
3742 -3.05000e+02
3882 -3.04000e+02
4091 -3.03000e+02
4168 -3.02000e+02
4331 -3.01000e+02
4449 -3.00000e+02
4474 -2.99000e+02
4599 -2.98000e+02
4609 -2.97000e+02
4645 -2.96000e+02
4682 -2.95000e+02
4757 -2.94000e+02
4810 -2.93000e+02
4879 -2.92000e+02
5089 -2.91000e+02
5123 -2.90000e+02
5322 -2.89000e+02
5381 -2.88000e+02
5484 -2.87000e+02
5568 -2.86000e+02
5582 -2.85000e+02
5711 -2.84000e+02
5899 -2.83000e+02
6057 -2.82000e+02
6217 -2.81000e+02
6362 -2.80000e+02
6425 -2.79000e+02
6569 -2.78000e+02
6613 -2.77000e+02
6763 -2.76000e+02
6907 -2.75000e+02
6946 -2.74000e+02
7031 -2.73000e+02
7142 -2.72000e+02
7249 -2.71000e+02
7372 -2.70000e+02
7511 -2.69000e+02
7557 -2.67000e+02
7674 -2.66000e+02
7677 -2.65000e+02
7895 -2.64000e+02
7964 -2.63000e+02
8081 -2.62000e+02
8155 -2.61000e+02
8167 -2.60000e+02
8267 -2.59000e+02
8383 -2.58000e+02
8513 -2.57000e+02
8621 -2.56000e+02
8724 -2.55000e+02
8844 -2.54000e+02
8907 -2.53000e+02
9000 -2.52000e+02
9135 -2.51000e+02
9231 -2.50000e+02
9268 -2.49000e+02
9405 -2.48000e+02
9469 -2.47000e+02
9555 -2.46000e+02
9680 -2.45000e+02
9715 -2.44000e+02
9842 -2.43000e+02
9943 -2.42000e+02
9951 -2.42000e+02
"function evaluation" "best-so-far f(x)"
1 -3.53000e+02
23 -3.52000e+02
68 -3.51000e+02
227 -3.50000e+02
277 -3.49000e+02
474 -3.48000e+02
574 -3.47000e+02
727 -3.45000e+02
926 -3.44000e+02
1009 -3.43000e+02
1138 -3.42000e+02
1184 -3.41000e+02
1322 -3.40000e+02
1332 -3.39000e+02
1491 -3.37000e+02
1498 -3.36000e+02
1570 -3.35000e+02
1627 -3.34000e+02
1682 -3.33000e+02
1846 -3.32000e+02
1887 -3.31000e+02
1907 -3.30000e+02
2188 -3.29000e+02
2270 -3.28000e+02
2379 -3.27000e+02
2428 -3.26000e+02
2473 -3.25000e+02
2545 -3.24000e+02
2699 -3.23000e+02
2722 -3.22000e+02
2835 -3.21000e+02
2940 -3.20000e+02
3032 -3.19000e+02
3053 -3.18000e+02
3094 -3.17000e+02
3242 -3.16000e+02
3372 -3.15000e+02
3498 -3.14000e+02
3550 -3.13000e+02
3570 -3.12000e+02
3681 -3.11000e+02
3706 -3.10000e+02
3818 -3.09000e+02
3875 -3.08000e+02
3892 -3.07000e+02
3942 -3.06000e+02
4003 -3.05000e+02
4149 -3.04000e+02
4368 -3.03000e+02
4430 -3.02000e+02
4560 -3.01000e+02
4673 -3.00000e+02
4724 -2.99000e+02
4880 -2.98000e+02
5003 -2.97000e+02
5032 -2.96000e+02
5067 -2.95000e+02
5269 -2.94000e+02
5377 -2.93000e+02
5474 -2.92000e+02
5582 -2.91000e+02
5651 -2.90000e+02
5780 -2.89000e+02
5831 -2.88000e+02
5920 -2.87000e+02
6014 -2.86000e+02
6154 -2.85000e+02
6206 -2.84000e+02
6351 -2.83000e+02
6419 -2.82000e+02
6555 -2.81000e+02
6695 -2.80000e+02
6779 -2.79000e+02
6848 -2.77000e+02
6996 -2.76000e+02
7041 -2.75000e+02
7236 -2.74000e+02
7363 -2.73000e+02
7473 -2.72000e+02
7556 -2.71000e+02
7592 -2.70000e+02
7726 -2.69000e+02
7887 -2.68000e+02
7934 -2.67000e+02
8057 -2.66000e+02
8251 -2.65000e+02
8366 -2.64000e+02
8436 -2.63000e+02
8518 -2.62000e+02
8732 -2.61000e+02
8782 -2.60000e+02
8842 -2.59000e+02
8911 -2.58000e+02
9000 -2.57000e+02
9158 -2.56000e+02
9230 -2.55000e+02
9347 -2.54000e+02
9478 -2.53000e+02
9590 -2.52000e+02
9642 -2.51000e+02
9810 -2.50000e+02
9951 -2.50000e+02
"function evaluation" "best-so-far f(x)"
1 -3.53000e+02
63 -3.52000e+02
178 -3.51000e+02
278 -3.50000e+02
356 -3.49000e+02
375 -3.48000e+02
435 -3.47000e+02
453 -3.46000e+02
579 -3.45000e+02
694 -3.44000e+02
781 -3.43000e+02
878 -3.42000e+02
1103 -3.41000e+02
1214 -3.40000e+02
1291 -3.39000e+02
1377 -3.38000e+02
1399 -3.37000e+02
1512 -3.36000e+02
1641 -3.35000e+02
1738 -3.34000e+02
1747 -3.33000e+02
1954 -3.32000e+02
2101 -3.30000e+02
2367 -3.29000e+02
2442 -3.28000e+02
2477 -3.27000e+02
2569 -3.26000e+02
2708 -3.25000e+02
2793 -3.24000e+02
2898 -3.23000e+02
3045 -3.22000e+02
3194 -3.21000e+02
3243 -3.20000e+02
3270 -3.18000e+02
3375 -3.17000e+02
3491 -3.16000e+02
3540 -3.14000e+02
3649 -3.13000e+02
3712 -3.12000e+02
3816 -3.11000e+02
3850 -3.10000e+02
3949 -3.09000e+02
3977 -3.08000e+02
4006 -3.07000e+02
4159 -3.06000e+02
4286 -3.05000e+02
4404 -3.04000e+02
4412 -3.03000e+02
4494 -3.02000e+02
4525 -3.01000e+02
4562 -3.00000e+02
4572 -2.99000e+02
4680 -2.98000e+02
4742 -2.97000e+02
4743 -2.95000e+02
4916 -2.94000e+02
4964 -2.93000e+02
5049 -2.92000e+02
5215 -2.91000e+02
5444 -2.90000e+02
5517 -2.89000e+02
5617 -2.88000e+02
5773 -2.87000e+02
5811 -2.86000e+02
5985 -2.85000e+02
6111 -2.84000e+02
6225 -2.83000e+02
6368 -2.82000e+02
6441 -2.81000e+02
6565 -2.80000e+02
6728 -2.79000e+02
6900 -2.78000e+02
6992 -2.77000e+02
7095 -2.76000e+02
7146 -2.75000e+02
7226 -2.74000e+02
7230 -2.73000e+02
7274 -2.72000e+02
7443 -2.71000e+02
7656 -2.70000e+02
7750 -2.69000e+02
7859 -2.68000e+02
8063 -2.67000e+02
8161 -2.66000e+02
8185 -2.65000e+02
8318 -2.64000e+02
8326 -2.63000e+02
8390 -2.62000e+02
8536 -2.61000e+02
8595 -2.60000e+02
8840 -2.59000e+02
8948 -2.58000e+02
9061 -2.57000e+02
9082 -2.56000e+02
9143 -2.55000e+02
9352 -2.54000e+02
9411 -2.53000e+02
9491 -2.52000e+02
9575 -2.51000e+02
9725 -2.50000e+02
9855 -2.49000e+02
9951 -2.49000e+02
"function evaluation" "best-so-far f(x)"
1 -3.53000e+02
15 -3.52000e+02
134 -3.51000e+02
193 -3.50000e+02
306 -3.49000e+02
465 -3.48000e+02
525 -3.47000e+02
554 -3.46000e+02
661 -3.45000e+02
858 -3.44000e+02
942 -3.43000e+02
1038 -3.42000e+02
1124 -3.41000e+02
1232 -3.40000e+02
1242 -3.39000e+02
1393 -3.38000e+02
1456 -3.37000e+02
1474 -3.36000e+02
1502 -3.35000e+02
1582 -3.34000e+02
1679 -3.33000e+02
1766 -3.32000e+02
1920 -3.31000e+02
2008 -3.30000e+02
2152 -3.29000e+02
2222 -3.28000e+02
2319 -3.27000e+02
2485 -3.26000e+02
2541 -3.25000e+02
2674 -3.24000e+02
2823 -3.23000e+02
2926 -3.22000e+02
3079 -3.21000e+02
3218 -3.20000e+02
3314 -3.19000e+02
3368 -3.18000e+02
3460 -3.17000e+02
3485 -3.16000e+02
3597 -3.15000e+02
3678 -3.14000e+02
3786 -3.13000e+02
3880 -3.12000e+02
4014 -3.11000e+02
4181 -3.10000e+02
4222 -3.09000e+02
4274 -3.08000e+02
4411 -3.07000e+02
4420 -3.06000e+02
4535 -3.05000e+02
4615 -3.04000e+02
4667 -3.03000e+02
4670 -3.02000e+02
4743 -3.01000e+02
4756 -3.00000e+02
4921 -2.98000e+02
5069 -2.97000e+02
5176 -2.96000e+02
5296 -2.95000e+02
5326 -2.94000e+02
5427 -2.93000e+02
5486 -2.92000e+02
5560 -2.91000e+02
5662 -2.90000e+02
5680 -2.89000e+02
5761 -2.88000e+02
5828 -2.87000e+02
5936 -2.86000e+02
6151 -2.85000e+02
6168 -2.84000e+02
6265 -2.83000e+02
6386 -2.82000e+02
6446 -2.81000e+02
6469 -2.80000e+02
6527 -2.79000e+02
6675 -2.78000e+02
6730 -2.77000e+02
6790 -2.76000e+02
6818 -2.75000e+02
6927 -2.74000e+02
6956 -2.73000e+02
7127 -2.72000e+02
7258 -2.71000e+02
7328 -2.70000e+02
7482 -2.69000e+02
7506 -2.68000e+02
7735 -2.67000e+02
7756 -2.66000e+02
7824 -2.65000e+02
8047 -2.64000e+02
8115 -2.63000e+02
8252 -2.62000e+02
8270 -2.60000e+02
8553 -2.59000e+02
8599 -2.58000e+02
8703 -2.57000e+02
8715 -2.56000e+02
8771 -2.55000e+02
8868 -2.54000e+02
8902 -2.53000e+02
9070 -2.52000e+02
9116 -2.51000e+02
9192 -2.50000e+02
9298 -2.49000e+02
9372 -2.48000e+02
9470 -2.47000e+02
9602 -2.46000e+02
9722 -2.45000e+02
9810 -2.44000e+02
9951 -2.44000e+02
"function evaluation" "best-so-far f(x)"
1 -3.53000e+02
13 -3.51000e+02
173 -3.50000e+02
269 -3.49000e+02
294 -3.48000e+02
421 -3.46000e+02
512 -3.45000e+02
608 -3.44000e+02
680 -3.43000e+02
729 -3.42000e+02
759 -3.41000e+02
817 -3.40000e+02
905 -3.39000e+02
987 -3.38000e+02
1047 -3.37000e+02
1111 -3.36000e+02
1337 -3.35000e+02
1395 -3.34000e+02
1509 -3.33000e+02
1639 -3.32000e+02
1661 -3.31000e+02
1821 -3.30000e+02
1848 -3.29000e+02
2016 -3.28000e+02
2232 -3.27000e+02
2389 -3.25000e+02
2395 -3.24000e+02
2455 -3.23000e+02
2566 -3.22000e+02
2669 -3.21000e+02
2826 -3.20000e+02
2841 -3.19000e+02
2944 -3.18000e+02
2967 -3.17000e+02
2978 -3.16000e+02
3079 -3.15000e+02
3152 -3.14000e+02
3202 -3.13000e+02
3320 -3.12000e+02
3340 -3.11000e+02
3413 -3.10000e+02
3472 -3.09000e+02
3496 -3.08000e+02
3585 -3.07000e+02
3610 -3.06000e+02
3793 -3.05000e+02
3828 -3.04000e+02
3950 -3.03000e+02
4021 -3.02000e+02
4157 -3.01000e+02
4258 -3.00000e+02
4259 -2.99000e+02
4303 -2.98000e+02
4334 -2.97000e+02
4471 -2.96000e+02
4549 -2.95000e+02
4591 -2.94000e+02
4601 -2.93000e+02
4624 -2.92000e+02
4661 -2.91000e+02
4828 -2.90000e+02
4964 -2.89000e+02
4997 -2.88000e+02
5160 -2.86000e+02
5353 -2.85000e+02
5454 -2.84000e+02
5576 -2.83000e+02
5655 -2.82000e+02
5744 -2.81000e+02
5832 -2.80000e+02
6009 -2.79000e+02
6030 -2.78000e+02
6108 -2.77000e+02
6124 -2.76000e+02
6255 -2.75000e+02
6276 -2.74000e+02
6308 -2.73000e+02
6375 -2.72000e+02
6455 -2.71000e+02
6583 -2.70000e+02
6671 -2.69000e+02
6845 -2.68000e+02
7008 -2.67000e+02
7192 -2.65000e+02
7309 -2.64000e+02
7416 -2.63000e+02
7607 -2.62000e+02
7754 -2.61000e+02
7915 -2.60000e+02
8014 -2.59000e+02
8053 -2.58000e+02
8153 -2.57000e+02
8307 -2.56000e+02
8366 -2.55000e+02
8454 -2.54000e+02
8653 -2.53000e+02
8730 -2.52000e+02
8830 -2.51000e+02
8881 -2.50000e+02
9046 -2.49000e+02
9154 -2.48000e+02
9337 -2.47000e+02
9437 -2.46000e+02
9531 -2.45000e+02
9614 -2.44000e+02
9772 -2.43000e+02
9831 -2.42000e+02
9929 -2.41000e+02
9932 -2.40000e+02
9951 -2.40000e+02
"function evaluation" "best-so-far f(x)"
1 -3.53000e+02
18 -3.52000e+02
79 -3.51000e+02
151 -3.50000e+02
220 -3.49000e+02
260 -3.48000e+02
283 -3.47000e+02
336 -3.45000e+02
357 -3.44000e+02
468 -3.43000e+02
522 -3.42000e+02
592 -3.41000e+02
645 -3.40000e+02
705 -3.39000e+02
770 -3.38000e+02
786 -3.37000e+02
900 -3.36000e+02
940 -3.35000e+02
1025 -3.34000e+02
1170 -3.33000e+02
1219 -3.32000e+02
1253 -3.31000e+02
1353 -3.30000e+02
1443 -3.29000e+02
1456 -3.28000e+02
1569 -3.27000e+02
1628 -3.26000e+02
1662 -3.25000e+02
1720 -3.24000e+02
1806 -3.23000e+02
1891 -3.22000e+02
1949 -3.21000e+02
1954 -3.20000e+02
1967 -3.18000e+02
2030 -3.17000e+02
2037 -3.16000e+02
2102 -3.15000e+02
2211 -3.14000e+02
2245 -3.13000e+02
2252 -3.12000e+02
2462 -3.11000e+02
2496 -3.10000e+02
2616 -3.09000e+02
2664 -3.08000e+02
2801 -3.07000e+02
2860 -3.06000e+02
2960 -3.05000e+02
3108 -3.04000e+02
3240 -3.03000e+02
3280 -3.01000e+02
3398 -3.00000e+02
3544 -2.99000e+02
3723 -2.98000e+02
3783 -2.97000e+02
3916 -2.96000e+02
4029 -2.94000e+02
4164 -2.93000e+02
4286 -2.92000e+02
4356 -2.91000e+02
4397 -2.90000e+02
4515 -2.89000e+02
4604 -2.88000e+02
4722 -2.87000e+02
4844 -2.86000e+02
4904 -2.85000e+02
4960 -2.84000e+02
5041 -2.83000e+02
5187 -2.82000e+02
5333 -2.81000e+02
5407 -2.80000e+02
5504 -2.79000e+02
5537 -2.78000e+02
5591 -2.77000e+02
5675 -2.76000e+02
5783 -2.75000e+02
5942 -2.74000e+02
6008 -2.73000e+02
6079 -2.72000e+02
6234 -2.71000e+02
6371 -2.70000e+02
6437 -2.69000e+02
6557 -2.68000e+02
6626 -2.67000e+02
6695 -2.66000e+02
6732 -2.65000e+02
6939 -2.64000e+02
6992 -2.63000e+02
7164 -2.62000e+02
7263 -2.61000e+02
7421 -2.60000e+02
7475 -2.59000e+02
7561 -2.58000e+02
7648 -2.57000e+02
7721 -2.56000e+02
7765 -2.55000e+02
7913 -2.54000e+02
7986 -2.53000e+02
8052 -2.52000e+02
8163 -2.51000e+02
8254 -2.50000e+02
8368 -2.49000e+02
8565 -2.48000e+02
8645 -2.47000e+02
8688 -2.46000e+02
8807 -2.45000e+02
8938 -2.44000e+02
9012 -2.43000e+02
9120 -2.42000e+02
9155 -2.41000e+02
9235 -2.40000e+02
9370 -2.39000e+02
9506 -2.38000e+02
9572 -2.37000e+02
9589 -2.36000e+02
9648 -2.35000e+02
9750 -2.34000e+02
9779 -2.33000e+02
9947 -2.32000e+02
9951 -2.32000e+02
"function evaluation" "best-so-far f(x)"
1 -3.53000e+02
84 -3.52000e+02
93 -3.51000e+02
183 -3.50000e+02
201 -3.49000e+02
327 -3.47000e+02
444 -3.46000e+02
591 -3.45000e+02
726 -3.43000e+02
782 -3.42000e+02
973 -3.41000e+02
995 -3.40000e+02
1128 -3.39000e+02
1228 -3.38000e+02
1245 -3.37000e+02
1343 -3.36000e+02
1383 -3.35000e+02
1446 -3.34000e+02
1491 -3.33000e+02
1570 -3.32000e+02
1726 -3.31000e+02
1755 -3.30000e+02
1901 -3.29000e+02
1945 -3.28000e+02
2026 -3.27000e+02
2193 -3.26000e+02
2262 -3.24000e+02
2512 -3.23000e+02
2664 -3.22000e+02
2812 -3.21000e+02
2838 -3.20000e+02
2951 -3.19000e+02
2964 -3.18000e+02
2971 -3.17000e+02
3081 -3.16000e+02
3245 -3.15000e+02
3252 -3.13000e+02
3381 -3.12000e+02
3428 -3.11000e+02
3507 -3.09000e+02
3627 -3.08000e+02
3740 -3.07000e+02
3826 -3.06000e+02
3958 -3.05000e+02
3987 -3.04000e+02
4091 -3.03000e+02
4160 -3.02000e+02
4233 -3.01000e+02
4458 -3.00000e+02
4565 -2.99000e+02
4664 -2.98000e+02
4733 -2.97000e+02
4866 -2.96000e+02
4987 -2.94000e+02
5220 -2.93000e+02
5299 -2.92000e+02
5327 -2.91000e+02
5400 -2.90000e+02
5569 -2.89000e+02
5636 -2.88000e+02
5786 -2.87000e+02
5856 -2.86000e+02
5953 -2.85000e+02
6038 -2.83000e+02
6106 -2.82000e+02
6214 -2.81000e+02
6246 -2.80000e+02
6284 -2.79000e+02
6363 -2.78000e+02
6367 -2.77000e+02
6439 -2.76000e+02
6525 -2.75000e+02
6582 -2.74000e+02
6634 -2.73000e+02
6722 -2.72000e+02
6796 -2.71000e+02
6834 -2.70000e+02
7021 -2.69000e+02
7083 -2.68000e+02
7231 -2.67000e+02
7252 -2.66000e+02
7295 -2.65000e+02
7337 -2.64000e+02
7370 -2.63000e+02
7569 -2.62000e+02
7712 -2.61000e+02
7791 -2.60000e+02
7955 -2.59000e+02
8121 -2.58000e+02
8172 -2.57000e+02
8376 -2.56000e+02
8391 -2.55000e+02
8520 -2.54000e+02
8636 -2.53000e+02
8791 -2.52000e+02
8978 -2.51000e+02
9057 -2.50000e+02
9148 -2.49000e+02
9196 -2.48000e+02
9247 -2.47000e+02
9318 -2.46000e+02
9468 -2.45000e+02
9631 -2.44000e+02
9720 -2.43000e+02
9726 -2.42000e+02
9886 -2.41000e+02
9917 -2.40000e+02
9951 -2.40000e+02
