"function evaluation" "best-so-far f(x)"
1 -3.53000e+02
50 -3.52000e+02
63 -3.50000e+02
319 -3.49000e+02
342 -3.48000e+02
388 -3.47000e+02
423 -3.46000e+02
483 -3.45000e+02
588 -3.44000e+02
648 -3.43000e+02
687 -3.42000e+02
855 -3.41000e+02
964 -3.40000e+02
1063 -3.39000e+02
1101 -3.38000e+02
1242 -3.37000e+02
1374 -3.36000e+02
1488 -3.35000e+02
1621 -3.34000e+02
1708 -3.32000e+02
1924 -3.31000e+02
2214 -3.29000e+02
2270 -3.28000e+02
2298 -3.27000e+02
2304 -3.26000e+02
2418 -3.25000e+02
2538 -3.24000e+02
2618 -3.23000e+02
2805 -3.22000e+02
2839 -3.21000e+02
2951 -3.20000e+02
3132 -3.19000e+02
3213 -3.18000e+02
3337 -3.17000e+02
3544 -3.16000e+02
3635 -3.15000e+02
3722 -3.14000e+02
3743 -3.13000e+02
3911 -3.11000e+02
4052 -3.10000e+02
4128 -3.09000e+02
4214 -3.08000e+02
4229 -3.07000e+02
4296 -3.06000e+02
4329 -3.05000e+02
4433 -3.04000e+02
4506 -3.03000e+02
4630 -3.02000e+02
4776 -3.01000e+02
4841 -2.99000e+02
4988 -2.98000e+02
5034 -2.97000e+02
5125 -2.96000e+02
5259 -2.95000e+02
5311 -2.94000e+02
5414 -2.93000e+02
5529 -2.92000e+02
5674 -2.91000e+02
5897 -2.90000e+02
5969 -2.89000e+02
6060 -2.88000e+02
6108 -2.87000e+02
6221 -2.86000e+02
6280 -2.85000e+02
6331 -2.84000e+02
6506 -2.83000e+02
6576 -2.81000e+02
6664 -2.80000e+02
6667 -2.79000e+02
6779 -2.78000e+02
6867 -2.77000e+02
7013 -2.76000e+02
7162 -2.74000e+02
7195 -2.72000e+02
7458 -2.71000e+02
7510 -2.70000e+02
7684 -2.67000e+02
7692 -2.66000e+02
7752 -2.65000e+02
7892 -2.63000e+02
8021 -2.62000e+02
8175 -2.61000e+02
8275 -2.59000e+02
8427 -2.58000e+02
8514 -2.57000e+02
8518 -2.56000e+02
8628 -2.55000e+02
8727 -2.54000e+02
8813 -2.53000e+02
8924 -2.52000e+02
8995 -2.51000e+02
9145 -2.50000e+02
9286 -2.49000e+02
9420 -2.47000e+02
9502 -2.46000e+02
9542 -2.45000e+02
9789 -2.44000e+02
9901 -2.43000e+02
9951 -2.43000e+02
"function evaluation" "best-so-far f(x)"
1 -3.53000e+02
27 -3.52000e+02
73 -3.51000e+02
110 -3.50000e+02
205 -3.49000e+02
327 -3.48000e+02
453 -3.47000e+02
472 -3.46000e+02
514 -3.45000e+02
598 -3.44000e+02
812 -3.43000e+02
846 -3.42000e+02
1074 -3.41000e+02
1141 -3.40000e+02
1247 -3.39000e+02
1297 -3.38000e+02
1362 -3.37000e+02
1433 -3.36000e+02
1658 -3.35000e+02
1760 -3.34000e+02
1854 -3.33000e+02
1962 -3.32000e+02
2234 -3.31000e+02
2295 -3.30000e+02
2391 -3.29000e+02
2577 -3.28000e+02
2765 -3.27000e+02
2820 -3.26000e+02
3063 -3.25000e+02
3114 -3.24000e+02
3307 -3.23000e+02
3372 -3.22000e+02
3585 -3.21000e+02
3709 -3.20000e+02
3868 -3.19000e+02
3994 -3.18000e+02
4044 -3.17000e+02
4178 -3.16000e+02
4315 -3.15000e+02
4421 -3.14000e+02
4520 -3.13000e+02
4841 -3.12000e+02
4872 -3.11000e+02
4961 -3.10000e+02
5108 -3.09000e+02
5213 -3.08000e+02
5224 -3.07000e+02
5310 -3.06000e+02
5373 -3.05000e+02
5451 -3.04000e+02
5526 -3.03000e+02
5623 -3.02000e+02
5732 -3.01000e+02
5879 -3.00000e+02
5967 -2.99000e+02
5969 -2.98000e+02
6110 -2.97000e+02
6193 -2.96000e+02
6257 -2.95000e+02
6340 -2.94000e+02
6431 -2.93000e+02
6558 -2.91000e+02
6619 -2.90000e+02
6822 -2.89000e+02
6854 -2.88000e+02
7030 -2.87000e+02
7132 -2.86000e+02
7265 -2.85000e+02
7537 -2.84000e+02
7587 -2.83000e+02
7747 -2.82000e+02
7807 -2.81000e+02
7861 -2.80000e+02
7905 -2.79000e+02
7997 -2.78000e+02
8110 -2.77000e+02
8152 -2.76000e+02
8239 -2.75000e+02
8317 -2.74000e+02
8343 -2.73000e+02
8403 -2.72000e+02
8481 -2.71000e+02
8579 -2.70000e+02
8751 -2.69000e+02
8811 -2.68000e+02
8981 -2.67000e+02
9043 -2.66000e+02
9074 -2.65000e+02
9239 -2.64000e+02
9318 -2.63000e+02
9400 -2.62000e+02
9411 -2.61000e+02
9512 -2.60000e+02
9652 -2.59000e+02
9713 -2.58000e+02
9876 -2.57000e+02
9935 -2.56000e+02
9951 -2.56000e+02
"function evaluation" "best-so-far f(x)"
1 -3.53000e+02
3 -3.52000e+02
46 -3.51000e+02
123 -3.50000e+02
191 -3.49000e+02
238 -3.48000e+02
256 -3.47000e+02
391 -3.46000e+02
429 -3.45000e+02
637 -3.44000e+02
647 -3.43000e+02
698 -3.42000e+02
723 -3.41000e+02
759 -3.40000e+02
805 -3.39000e+02
938 -3.38000e+02
959 -3.36000e+02
1010 -3.35000e+02
1158 -3.34000e+02
1176 -3.33000e+02
1282 -3.32000e+02
1520 -3.31000e+02
1654 -3.30000e+02
1719 -3.29000e+02
1900 -3.28000e+02
1979 -3.27000e+02
2044 -3.26000e+02
2296 -3.25000e+02
2408 -3.24000e+02
2551 -3.23000e+02
2653 -3.22000e+02
2654 -3.21000e+02
2675 -3.20000e+02
2773 -3.19000e+02
2831 -3.18000e+02
3014 -3.17000e+02
3126 -3.16000e+02
3194 -3.15000e+02
3324 -3.14000e+02
3430 -3.13000e+02
3464 -3.12000e+02
3666 -3.11000e+02
3757 -3.09000e+02
3818 -3.08000e+02
3949 -3.07000e+02
4093 -3.06000e+02
4240 -3.05000e+02
4445 -3.04000e+02
4509 -3.03000e+02
4617 -3.02000e+02
4691 -3.01000e+02
4792 -3.00000e+02
4832 -2.99000e+02
5000 -2.98000e+02
5048 -2.97000e+02
5150 -2.96000e+02
5163 -2.95000e+02
5212 -2.94000e+02
5262 -2.93000e+02
5467 -2.92000e+02
5549 -2.91000e+02
5586 -2.90000e+02
5627 -2.89000e+02
5648 -2.88000e+02
5818 -2.87000e+02
5887 -2.86000e+02
5987 -2.85000e+02
6118 -2.84000e+02
6121 -2.83000e+02
6169 -2.82000e+02
6258 -2.81000e+02
6289 -2.80000e+02
6413 -2.79000e+02
6634 -2.78000e+02
6761 -2.76000e+02
6801 -2.75000e+02
6846 -2.74000e+02
6991 -2.73000e+02
7047 -2.72000e+02
7065 -2.71000e+02
7161 -2.70000e+02
7175 -2.69000e+02
7239 -2.68000e+02
7346 -2.67000e+02
7518 -2.66000e+02
7548 -2.65000e+02
7692 -2.64000e+02
7723 -2.63000e+02
7889 -2.62000e+02
7964 -2.61000e+02
8010 -2.60000e+02
8051 -2.59000e+02
8100 -2.58000e+02
8210 -2.57000e+02
8255 -2.56000e+02
8377 -2.54000e+02
8508 -2.53000e+02
8898 -2.52000e+02
9011 -2.50000e+02
9109 -2.49000e+02
9229 -2.48000e+02
9325 -2.47000e+02
9443 -2.46000e+02
9553 -2.45000e+02
9746 -2.44000e+02
9947 -2.43000e+02
9951 -2.43000e+02
"function evaluation" "best-so-far f(x)"
1 -3.53000e+02
59 -3.51000e+02
87 -3.50000e+02
144 -3.49000e+02
193 -3.48000e+02
299 -3.47000e+02
397 -3.46000e+02
542 -3.45000e+02
627 -3.44000e+02
778 -3.43000e+02
871 -3.42000e+02
892 -3.41000e+02
1044 -3.40000e+02
1120 -3.39000e+02
1160 -3.38000e+02
1263 -3.37000e+02
1318 -3.36000e+02
1366 -3.35000e+02
1474 -3.34000e+02
1637 -3.33000e+02
1722 -3.32000e+02
1758 -3.31000e+02
1831 -3.30000e+02
2003 -3.29000e+02
2210 -3.28000e+02
2289 -3.27000e+02
2496 -3.26000e+02
2573 -3.25000e+02
2621 -3.24000e+02
2823 -3.23000e+02
2881 -3.22000e+02
2940 -3.21000e+02
2990 -3.20000e+02
3150 -3.19000e+02
3283 -3.18000e+02
3326 -3.17000e+02
3444 -3.16000e+02
3592 -3.15000e+02
3643 -3.14000e+02
3686 -3.13000e+02
3795 -3.12000e+02
3963 -3.11000e+02
4109 -3.10000e+02
4199 -3.09000e+02
4242 -3.08000e+02
4383 -3.07000e+02
4428 -3.06000e+02
4658 -3.05000e+02
4854 -3.04000e+02
5032 -3.03000e+02
5103 -3.02000e+02
5167 -3.01000e+02
5302 -3.00000e+02
5384 -2.99000e+02
5497 -2.98000e+02
5615 -2.97000e+02
5726 -2.96000e+02
6100 -2.95000e+02
6166 -2.94000e+02
6216 -2.93000e+02
6328 -2.92000e+02
6450 -2.91000e+02
6603 -2.89000e+02
6876 -2.88000e+02
7013 -2.87000e+02
7030 -2.86000e+02
7209 -2.85000e+02
7241 -2.84000e+02
7612 -2.83000e+02
7726 -2.82000e+02
7830 -2.81000e+02
7880 -2.80000e+02
7928 -2.79000e+02
7936 -2.78000e+02
8041 -2.77000e+02
8127 -2.76000e+02
8193 -2.75000e+02
8225 -2.74000e+02
8370 -2.73000e+02
8433 -2.72000e+02
8541 -2.71000e+02
8584 -2.70000e+02
8662 -2.69000e+02
8727 -2.68000e+02
8886 -2.67000e+02
8987 -2.66000e+02
9030 -2.65000e+02
9098 -2.64000e+02
9163 -2.63000e+02
9200 -2.62000e+02
9292 -2.61000e+02
9437 -2.60000e+02
9513 -2.59000e+02
9680 -2.58000e+02
9858 -2.56000e+02
9951 -2.56000e+02
"function evaluation" "best-so-far f(x)"
1 -3.53000e+02
32 -3.52000e+02
48 -3.51000e+02
112 -3.50000e+02
338 -3.49000e+02
392 -3.48000e+02
435 -3.47000e+02
458 -3.46000e+02
511 -3.45000e+02
615 -3.44000e+02
727 -3.43000e+02
873 -3.42000e+02
904 -3.41000e+02
1059 -3.40000e+02
1064 -3.39000e+02
1145 -3.38000e+02
1178 -3.37000e+02
1352 -3.36000e+02
1391 -3.35000e+02
1488 -3.34000e+02
1645 -3.33000e+02
1736 -3.32000e+02
1839 -3.31000e+02
1844 -3.30000e+02
1867 -3.29000e+02
1908 -3.28000e+02
2022 -3.27000e+02
2127 -3.26000e+02
2169 -3.25000e+02
2278 -3.24000e+02
2383 -3.23000e+02
2417 -3.22000e+02
2503 -3.21000e+02
2678 -3.20000e+02
2717 -3.19000e+02
2819 -3.18000e+02
2889 -3.17000e+02
2953 -3.16000e+02
3073 -3.15000e+02
3233 -3.14000e+02
3356 -3.13000e+02
3561 -3.12000e+02
3674 -3.11000e+02
3777 -3.10000e+02
3885 -3.09000e+02
3907 -3.06000e+02
4018 -3.05000e+02
4045 -3.04000e+02
4201 -3.03000e+02
4395 -3.02000e+02
4471 -3.00000e+02
4534 -2.99000e+02
4625 -2.98000e+02
4737 -2.97000e+02
4895 -2.96000e+02
5015 -2.95000e+02
5080 -2.94000e+02
5130 -2.93000e+02
5262 -2.92000e+02
5353 -2.91000e+02
5377 -2.90000e+02
5506 -2.89000e+02
5730 -2.88000e+02
5916 -2.87000e+02
5993 -2.86000e+02
6219 -2.85000e+02
6300 -2.84000e+02
6325 -2.83000e+02
6388 -2.82000e+02
6530 -2.81000e+02
6692 -2.80000e+02
6869 -2.79000e+02
7006 -2.78000e+02
7029 -2.77000e+02
7090 -2.76000e+02
7131 -2.75000e+02
7410 -2.74000e+02
7527 -2.73000e+02
7603 -2.71000e+02
7680 -2.70000e+02
7784 -2.69000e+02
7893 -2.68000e+02
8038 -2.67000e+02
8228 -2.66000e+02
8403 -2.65000e+02
8723 -2.64000e+02
8854 -2.63000e+02
8962 -2.62000e+02
9024 -2.61000e+02
9094 -2.60000e+02
9367 -2.59000e+02
9492 -2.58000e+02
9565 -2.57000e+02
9632 -2.56000e+02
9853 -2.55000e+02
9931 -2.54000e+02
9951 -2.54000e+02
"function evaluation" "best-so-far f(x)"
1 -3.53000e+02
77 -3.52000e+02
176 -3.51000e+02
363 -3.50000e+02
405 -3.49000e+02
529 -3.48000e+02
593 -3.47000e+02
652 -3.46000e+02
719 -3.45000e+02
834 -3.44000e+02
899 -3.43000e+02
1062 -3.42000e+02
1119 -3.41000e+02
1334 -3.40000e+02
1521 -3.39000e+02
1653 -3.38000e+02
1702 -3.37000e+02
1710 -3.36000e+02
1876 -3.35000e+02
2108 -3.34000e+02
2127 -3.33000e+02
2219 -3.32000e+02
2286 -3.31000e+02
2373 -3.30000e+02
2590 -3.29000e+02
2720 -3.27000e+02
3042 -3.26000e+02
3095 -3.25000e+02
3210 -3.24000e+02
3323 -3.23000e+02
3496 -3.22000e+02
3545 -3.21000e+02
3680 -3.20000e+02
3818 -3.19000e+02
3969 -3.18000e+02
4065 -3.17000e+02
4154 -3.16000e+02
4168 -3.15000e+02
4347 -3.14000e+02
4454 -3.13000e+02
4478 -3.12000e+02
4532 -3.11000e+02
4725 -3.10000e+02
4741 -3.09000e+02
4909 -3.08000e+02
4970 -3.06000e+02
4995 -3.05000e+02
5042 -3.03000e+02
5064 -3.02000e+02
5187 -3.01000e+02
5303 -3.00000e+02
5381 -2.99000e+02
5498 -2.98000e+02
5625 -2.97000e+02
5706 -2.96000e+02
5799 -2.95000e+02
5922 -2.94000e+02
5971 -2.93000e+02
6165 -2.92000e+02
6264 -2.91000e+02
6310 -2.90000e+02
6587 -2.89000e+02
6743 -2.88000e+02
7009 -2.87000e+02
7208 -2.86000e+02
7322 -2.85000e+02
7355 -2.84000e+02
7499 -2.83000e+02
7618 -2.82000e+02
7730 -2.81000e+02
7804 -2.80000e+02
7946 -2.79000e+02
8050 -2.78000e+02
8108 -2.77000e+02
8313 -2.76000e+02
8569 -2.75000e+02
8598 -2.74000e+02
8650 -2.73000e+02
8686 -2.72000e+02
8747 -2.71000e+02
8891 -2.70000e+02
9073 -2.69000e+02
9479 -2.68000e+02
9567 -2.67000e+02
9672 -2.66000e+02
9839 -2.65000e+02
9951 -2.65000e+02
"function evaluation" "best-so-far f(x)"
1 -3.53000e+02
17 -3.52000e+02
64 -3.51000e+02
108 -3.50000e+02
223 -3.49000e+02
348 -3.48000e+02
493 -3.47000e+02
568 -3.45000e+02
744 -3.44000e+02
845 -3.43000e+02
885 -3.42000e+02
938 -3.41000e+02
943 -3.40000e+02
1012 -3.39000e+02
1074 -3.38000e+02
1198 -3.37000e+02
1389 -3.36000e+02
1476 -3.35000e+02
1568 -3.34000e+02
1673 -3.33000e+02
1775 -3.32000e+02
1886 -3.31000e+02
1907 -3.30000e+02
1950 -3.29000e+02
2084 -3.28000e+02
2247 -3.27000e+02
2343 -3.26000e+02
2515 -3.25000e+02
2725 -3.24000e+02
2754 -3.23000e+02
2786 -3.22000e+02
2875 -3.21000e+02
2944 -3.20000e+02
3098 -3.19000e+02
3144 -3.18000e+02
3253 -3.17000e+02
3332 -3.16000e+02
3457 -3.15000e+02
3490 -3.14000e+02
3552 -3.12000e+02
3631 -3.11000e+02
3652 -3.10000e+02
3810 -3.09000e+02
3889 -3.08000e+02
3965 -3.07000e+02
4102 -3.06000e+02
4274 -3.05000e+02
4376 -3.04000e+02
4402 -3.03000e+02
4529 -3.02000e+02
4584 -3.01000e+02
4760 -3.00000e+02
4812 -2.99000e+02
4928 -2.98000e+02
4936 -2.97000e+02
4953 -2.96000e+02
5220 -2.95000e+02
5293 -2.94000e+02
5450 -2.93000e+02
5501 -2.91000e+02
5641 -2.90000e+02
5727 -2.89000e+02
5785 -2.88000e+02
5876 -2.87000e+02
5968 -2.86000e+02
6018 -2.85000e+02
6148 -2.84000e+02
6230 -2.83000e+02
6326 -2.82000e+02
6451 -2.80000e+02
6535 -2.79000e+02
6759 -2.78000e+02
6840 -2.77000e+02
6902 -2.76000e+02
7115 -2.75000e+02
7249 -2.74000e+02
7325 -2.73000e+02
7485 -2.72000e+02
7586 -2.71000e+02
7744 -2.70000e+02
7863 -2.69000e+02
7902 -2.68000e+02
8076 -2.67000e+02
8213 -2.66000e+02
8423 -2.64000e+02
8511 -2.63000e+02
8561 -2.62000e+02
8663 -2.61000e+02
8791 -2.60000e+02
8919 -2.59000e+02
9007 -2.58000e+02
9217 -2.57000e+02
9327 -2.56000e+02
9491 -2.55000e+02
9635 -2.54000e+02
9637 -2.53000e+02
9693 -2.52000e+02
9941 -2.51000e+02
9951 -2.51000e+02
"function evaluation" "best-so-far f(x)"
1 -3.53000e+02
7 -3.52000e+02
105 -3.51000e+02
204 -3.50000e+02
431 -3.49000e+02
589 -3.48000e+02
624 -3.47000e+02
702 -3.46000e+02
836 -3.45000e+02
1053 -3.44000e+02
1323 -3.43000e+02
1425 -3.42000e+02
1485 -3.41000e+02
1580 -3.40000e+02
1643 -3.39000e+02
1666 -3.38000e+02
1782 -3.37000e+02
2038 -3.36000e+02
2080 -3.35000e+02
2107 -3.34000e+02
2230 -3.33000e+02
2401 -3.32000e+02
2513 -3.31000e+02
2553 -3.30000e+02
2694 -3.29000e+02
2791 -3.28000e+02
2965 -3.27000e+02
3131 -3.26000e+02
3252 -3.24000e+02
3275 -3.23000e+02
3488 -3.22000e+02
3920 -3.21000e+02
4029 -3.20000e+02
4033 -3.19000e+02
4223 -3.18000e+02
4390 -3.16000e+02
4453 -3.15000e+02
4504 -3.14000e+02
4623 -3.13000e+02
4655 -3.12000e+02
4686 -3.11000e+02
4864 -3.10000e+02
4970 -3.09000e+02
5150 -3.08000e+02
5225 -3.07000e+02
5246 -3.06000e+02
5407 -3.05000e+02
5436 -3.04000e+02
5534 -3.03000e+02
5550 -3.02000e+02
5714 -3.01000e+02
5806 -3.00000e+02
5983 -2.99000e+02
6085 -2.98000e+02
6119 -2.97000e+02
6260 -2.96000e+02
6267 -2.95000e+02
6377 -2.94000e+02
6409 -2.93000e+02
6537 -2.91000e+02
6632 -2.90000e+02
6694 -2.89000e+02
6831 -2.88000e+02
6839 -2.87000e+02
7051 -2.86000e+02
7148 -2.85000e+02
7158 -2.84000e+02
7354 -2.83000e+02
7538 -2.82000e+02
7563 -2.81000e+02
7792 -2.80000e+02
8008 -2.79000e+02
8305 -2.78000e+02
8473 -2.77000e+02
8668 -2.76000e+02
8864 -2.75000e+02
8910 -2.74000e+02
8981 -2.73000e+02
9032 -2.72000e+02
9227 -2.71000e+02
9257 -2.70000e+02
9388 -2.69000e+02
9539 -2.68000e+02
9585 -2.67000e+02
9729 -2.66000e+02
9877 -2.65000e+02
9951 -2.65000e+02
"function evaluation" "best-so-far f(x)"
1 -3.53000e+02
7 -3.52000e+02
90 -3.51000e+02
235 -3.50000e+02
300 -3.49000e+02
423 -3.48000e+02
519 -3.47000e+02
588 -3.46000e+02
657 -3.45000e+02
741 -3.44000e+02
778 -3.43000e+02
891 -3.42000e+02
970 -3.41000e+02
1022 -3.40000e+02
1027 -3.39000e+02
1100 -3.38000e+02
1117 -3.37000e+02
1208 -3.36000e+02
1329 -3.35000e+02
1397 -3.34000e+02
1514 -3.32000e+02
1614 -3.31000e+02
1689 -3.30000e+02
1791 -3.29000e+02
2008 -3.28000e+02
2156 -3.27000e+02
2277 -3.26000e+02
2447 -3.24000e+02
2555 -3.23000e+02
2645 -3.22000e+02
2756 -3.21000e+02
2848 -3.20000e+02
2959 -3.19000e+02
3091 -3.18000e+02
3191 -3.17000e+02
3215 -3.16000e+02
3344 -3.15000e+02
3414 -3.13000e+02
3507 -3.12000e+02
3529 -3.11000e+02
3669 -3.10000e+02
3714 -3.09000e+02
3785 -3.08000e+02
3899 -3.07000e+02
3994 -3.06000e+02
4043 -3.05000e+02
4283 -3.04000e+02
4431 -3.03000e+02
4616 -3.02000e+02
4747 -3.01000e+02
4760 -3.00000e+02
4819 -2.99000e+02
4930 -2.98000e+02
5101 -2.97000e+02
5239 -2.96000e+02
5443 -2.95000e+02
5572 -2.94000e+02
5752 -2.93000e+02
5753 -2.92000e+02
5871 -2.91000e+02
5938 -2.90000e+02
6111 -2.89000e+02
6284 -2.88000e+02
6384 -2.87000e+02
6679 -2.86000e+02
6779 -2.84000e+02
6917 -2.83000e+02
7153 -2.82000e+02
7163 -2.81000e+02
7267 -2.80000e+02
7314 -2.79000e+02
7366 -2.78000e+02
7455 -2.77000e+02
7550 -2.76000e+02
7585 -2.75000e+02
7662 -2.74000e+02
7716 -2.73000e+02
7856 -2.72000e+02
7949 -2.71000e+02
8079 -2.70000e+02
8084 -2.69000e+02
8247 -2.68000e+02
8439 -2.67000e+02
8530 -2.66000e+02
8627 -2.65000e+02
8762 -2.64000e+02
8943 -2.63000e+02
9058 -2.62000e+02
9134 -2.61000e+02
9325 -2.60000e+02
9488 -2.59000e+02
9779 -2.58000e+02
9895 -2.57000e+02
9951 -2.57000e+02
"function evaluation" "best-so-far f(x)"
1 -3.53000e+02
34 -3.52000e+02
80 -3.51000e+02
335 -3.50000e+02
394 -3.49000e+02
593 -3.48000e+02
629 -3.47000e+02
753 -3.46000e+02
815 -3.45000e+02
898 -3.44000e+02
1026 -3.43000e+02
1312 -3.42000e+02
1465 -3.41000e+02
1485 -3.40000e+02
1601 -3.39000e+02
1685 -3.38000e+02
1775 -3.37000e+02
1786 -3.36000e+02
1867 -3.35000e+02
1918 -3.34000e+02
2032 -3.33000e+02
2063 -3.31000e+02
2204 -3.30000e+02
2286 -3.29000e+02
2369 -3.28000e+02
2545 -3.27000e+02
2652 -3.26000e+02
2742 -3.25000e+02
2831 -3.23000e+02
2944 -3.22000e+02
2992 -3.21000e+02
3024 -3.19000e+02
3214 -3.18000e+02
3271 -3.16000e+02
3474 -3.15000e+02
3523 -3.14000e+02
3536 -3.13000e+02
3699 -3.12000e+02
3850 -3.11000e+02
3918 -3.10000e+02
4004 -3.09000e+02
4091 -3.08000e+02
4211 -3.07000e+02
4274 -3.06000e+02
4396 -3.05000e+02
4491 -3.04000e+02
4541 -3.03000e+02
4702 -3.02000e+02
4712 -3.01000e+02
4877 -3.00000e+02
4890 -2.99000e+02
4904 -2.97000e+02
4991 -2.96000e+02
5040 -2.95000e+02
5195 -2.94000e+02
5268 -2.93000e+02
5429 -2.92000e+02
5758 -2.90000e+02
5943 -2.89000e+02
6138 -2.88000e+02
6173 -2.87000e+02
6332 -2.86000e+02
6489 -2.85000e+02
6560 -2.84000e+02
6622 -2.83000e+02
6733 -2.82000e+02
6907 -2.81000e+02
7138 -2.80000e+02
7313 -2.79000e+02
7359 -2.78000e+02
7451 -2.77000e+02
7458 -2.76000e+02
7588 -2.75000e+02
7876 -2.74000e+02
7996 -2.73000e+02
8031 -2.72000e+02
8071 -2.71000e+02
8091 -2.70000e+02
8235 -2.69000e+02
8319 -2.68000e+02
8344 -2.67000e+02
8620 -2.66000e+02
8707 -2.65000e+02
8796 -2.64000e+02
8897 -2.63000e+02
8971 -2.62000e+02
9034 -2.61000e+02
9162 -2.60000e+02
9309 -2.59000e+02
9373 -2.58000e+02
9384 -2.57000e+02
9532 -2.56000e+02
9556 -2.55000e+02
9647 -2.54000e+02
9773 -2.53000e+02
9796 -2.52000e+02
9841 -2.51000e+02
9944 -2.50000e+02
9951 -2.50000e+02
"function evaluation" "best-so-far f(x)"
1 -3.53000e+02
6 -3.51000e+02
31 -3.50000e+02
138 -3.49000e+02
245 -3.48000e+02
256 -3.47000e+02
349 -3.46000e+02
414 -3.45000e+02
575 -3.44000e+02
623 -3.43000e+02
652 -3.42000e+02
705 -3.41000e+02
796 -3.40000e+02
871 -3.39000e+02
970 -3.38000e+02
1164 -3.37000e+02
1309 -3.36000e+02
1374 -3.35000e+02
1451 -3.34000e+02
1522 -3.33000e+02
1546 -3.32000e+02
1622 -3.31000e+02
1747 -3.30000e+02
1768 -3.29000e+02
1808 -3.28000e+02
1955 -3.27000e+02
1996 -3.26000e+02
2389 -3.24000e+02
2486 -3.23000e+02
2571 -3.22000e+02
2628 -3.21000e+02
2707 -3.20000e+02
2829 -3.19000e+02
2942 -3.18000e+02
3031 -3.17000e+02
3116 -3.16000e+02
3236 -3.15000e+02
3319 -3.14000e+02
3366 -3.13000e+02
3475 -3.12000e+02
3573 -3.11000e+02
3609 -3.09000e+02
3660 -3.08000e+02
3789 -3.07000e+02
3846 -3.06000e+02
3899 -3.05000e+02
3979 -3.04000e+02
4018 -3.03000e+02
4110 -3.02000e+02
4172 -3.01000e+02
4174 -3.00000e+02
4256 -2.99000e+02
4433 -2.97000e+02
4536 -2.96000e+02
4674 -2.95000e+02
4754 -2.94000e+02
4806 -2.93000e+02
4883 -2.92000e+02
5022 -2.91000e+02
5129 -2.90000e+02
5240 -2.89000e+02
5355 -2.88000e+02
5564 -2.87000e+02
5667 -2.86000e+02
5725 -2.85000e+02
5924 -2.84000e+02
5988 -2.83000e+02
6113 -2.82000e+02
6270 -2.81000e+02
6361 -2.80000e+02
6461 -2.79000e+02
6596 -2.78000e+02
6738 -2.77000e+02
6992 -2.76000e+02
7125 -2.75000e+02
7152 -2.74000e+02
7156 -2.73000e+02
7333 -2.72000e+02
7352 -2.71000e+02
7473 -2.70000e+02
7481 -2.69000e+02
7803 -2.68000e+02
7884 -2.67000e+02
8061 -2.66000e+02
8262 -2.65000e+02
8383 -2.64000e+02
8554 -2.63000e+02
8666 -2.62000e+02
8762 -2.61000e+02
8866 -2.60000e+02
8903 -2.59000e+02
8951 -2.58000e+02
9094 -2.57000e+02
9122 -2.56000e+02
9188 -2.55000e+02
9264 -2.54000e+02
9394 -2.53000e+02
9644 -2.52000e+02
9846 -2.51000e+02
9951 -2.51000e+02
"function evaluation" "best-so-far f(x)"
1 -3.53000e+02
4 -3.52000e+02
83 -3.51000e+02
101 -3.50000e+02
180 -3.49000e+02
301 -3.48000e+02
471 -3.47000e+02
585 -3.46000e+02
760 -3.45000e+02
863 -3.44000e+02
995 -3.43000e+02
1140 -3.42000e+02
1251 -3.41000e+02
1301 -3.40000e+02
1418 -3.39000e+02
1605 -3.38000e+02
1607 -3.37000e+02
1659 -3.36000e+02
1695 -3.35000e+02
1772 -3.34000e+02
1854 -3.33000e+02
1973 -3.32000e+02
2018 -3.31000e+02
2127 -3.30000e+02
2238 -3.29000e+02
2371 -3.28000e+02
2455 -3.27000e+02
2606 -3.26000e+02
2695 -3.25000e+02
2742 -3.24000e+02
2876 -3.23000e+02
3012 -3.22000e+02
3117 -3.21000e+02
3211 -3.20000e+02
3275 -3.19000e+02
3309 -3.18000e+02
3386 -3.17000e+02
3479 -3.16000e+02
3514 -3.15000e+02
3518 -3.14000e+02
3603 -3.13000e+02
3706 -3.12000e+02
3801 -3.11000e+02
3926 -3.10000e+02
4062 -3.09000e+02
4134 -3.08000e+02
4238 -3.07000e+02
4293 -3.06000e+02
4317 -3.05000e+02
4374 -3.04000e+02
4425 -3.03000e+02
4488 -3.02000e+02
4508 -3.01000e+02
4558 -3.00000e+02
4689 -2.99000e+02
4783 -2.98000e+02
4897 -2.97000e+02
4980 -2.96000e+02
5117 -2.95000e+02
5220 -2.94000e+02
5259 -2.93000e+02
5302 -2.92000e+02
5464 -2.91000e+02
5532 -2.90000e+02
5633 -2.89000e+02
5828 -2.88000e+02
5884 -2.87000e+02
6100 -2.86000e+02
6148 -2.85000e+02
6236 -2.84000e+02
6296 -2.83000e+02
6448 -2.82000e+02
6563 -2.80000e+02
6653 -2.79000e+02
6782 -2.78000e+02
6980 -2.77000e+02
7071 -2.76000e+02
7142 -2.75000e+02
7216 -2.73000e+02
7236 -2.72000e+02
7297 -2.71000e+02
7513 -2.70000e+02
7683 -2.69000e+02
7796 -2.68000e+02
7895 -2.67000e+02
8004 -2.66000e+02
8139 -2.65000e+02
8364 -2.64000e+02
8474 -2.63000e+02
8643 -2.62000e+02
8660 -2.61000e+02
8834 -2.60000e+02
8846 -2.59000e+02
9061 -2.58000e+02
9203 -2.57000e+02
9319 -2.56000e+02
9536 -2.55000e+02
9732 -2.54000e+02
9831 -2.53000e+02
9951 -2.53000e+02
"function evaluation" "best-so-far f(x)"
1 -3.53000e+02
23 -3.52000e+02
117 -3.51000e+02
300 -3.50000e+02
390 -3.49000e+02
535 -3.48000e+02
567 -3.47000e+02
594 -3.46000e+02
710 -3.45000e+02
779 -3.44000e+02
855 -3.43000e+02
888 -3.42000e+02
901 -3.41000e+02
1000 -3.40000e+02
1119 -3.39000e+02
1156 -3.38000e+02
1246 -3.37000e+02
1340 -3.36000e+02
1379 -3.35000e+02
1508 -3.34000e+02
1654 -3.33000e+02
1759 -3.32000e+02
1846 -3.31000e+02
1938 -3.30000e+02
2026 -3.29000e+02
2095 -3.28000e+02
2129 -3.27000e+02
2185 -3.26000e+02
2222 -3.25000e+02
2383 -3.24000e+02
2581 -3.23000e+02
2698 -3.22000e+02
2784 -3.21000e+02
2846 -3.20000e+02
2889 -3.19000e+02
2943 -3.18000e+02
3044 -3.17000e+02
3139 -3.16000e+02
3221 -3.15000e+02
3301 -3.14000e+02
3435 -3.13000e+02
3489 -3.12000e+02
3670 -3.11000e+02
3833 -3.10000e+02
3996 -3.09000e+02
4090 -3.08000e+02
4129 -3.07000e+02
4188 -3.06000e+02
4229 -3.05000e+02
4340 -3.04000e+02
4341 -3.03000e+02
4482 -3.02000e+02
4669 -3.01000e+02
4753 -3.00000e+02
5009 -2.99000e+02
5152 -2.98000e+02
5257 -2.97000e+02
5448 -2.96000e+02
5503 -2.95000e+02
5518 -2.94000e+02
5596 -2.93000e+02
5662 -2.92000e+02
5854 -2.91000e+02
5959 -2.90000e+02
6060 -2.89000e+02
6236 -2.88000e+02
6447 -2.87000e+02
6547 -2.86000e+02
6627 -2.85000e+02
6764 -2.84000e+02
7069 -2.83000e+02
7079 -2.82000e+02
7182 -2.81000e+02
7290 -2.80000e+02
7389 -2.79000e+02
7482 -2.78000e+02
7554 -2.77000e+02
7683 -2.76000e+02
7920 -2.75000e+02
8142 -2.74000e+02
8244 -2.72000e+02
8256 -2.71000e+02
8262 -2.70000e+02
8388 -2.69000e+02
8456 -2.68000e+02
8627 -2.67000e+02
8810 -2.66000e+02
8938 -2.65000e+02
9038 -2.64000e+02
9106 -2.63000e+02
9214 -2.62000e+02
9226 -2.61000e+02
9345 -2.60000e+02
9440 -2.59000e+02
9581 -2.58000e+02
9688 -2.57000e+02
9911 -2.56000e+02
9951 -2.56000e+02
"function evaluation" "best-so-far f(x)"
1 -3.53000e+02
24 -3.52000e+02
45 -3.51000e+02
104 -3.50000e+02
145 -3.49000e+02
266 -3.48000e+02
310 -3.47000e+02
461 -3.46000e+02
821 -3.45000e+02
879 -3.44000e+02
929 -3.43000e+02
980 -3.42000e+02
1103 -3.41000e+02
1227 -3.40000e+02
1270 -3.39000e+02
1296 -3.38000e+02
1428 -3.37000e+02
1471 -3.36000e+02
1514 -3.35000e+02
1550 -3.34000e+02
1573 -3.33000e+02
1700 -3.32000e+02
1802 -3.31000e+02
1861 -3.30000e+02
1924 -3.29000e+02
2072 -3.28000e+02
2140 -3.27000e+02
2285 -3.26000e+02
2395 -3.25000e+02
2398 -3.24000e+02
2561 -3.23000e+02
2646 -3.22000e+02
2770 -3.21000e+02
2972 -3.20000e+02
3049 -3.19000e+02
3204 -3.18000e+02
3245 -3.17000e+02
3413 -3.16000e+02
3426 -3.15000e+02
3487 -3.14000e+02
3529 -3.13000e+02
3587 -3.12000e+02
3714 -3.11000e+02
3830 -3.10000e+02
3920 -3.09000e+02
3958 -3.08000e+02
4010 -3.07000e+02
4052 -3.06000e+02
4057 -3.05000e+02
4091 -3.04000e+02
4164 -3.03000e+02
4226 -3.02000e+02
4264 -3.01000e+02
4397 -3.00000e+02
4457 -2.99000e+02
4651 -2.98000e+02
4791 -2.97000e+02
4888 -2.96000e+02
5101 -2.94000e+02
5240 -2.93000e+02
5327 -2.92000e+02
5484 -2.91000e+02
5591 -2.90000e+02
5599 -2.89000e+02
5753 -2.88000e+02
5919 -2.87000e+02
6066 -2.86000e+02
6192 -2.85000e+02
6305 -2.84000e+02
6561 -2.83000e+02
6660 -2.82000e+02
6787 -2.81000e+02
6827 -2.80000e+02
6894 -2.79000e+02
7012 -2.78000e+02
7118 -2.77000e+02
7175 -2.76000e+02
7273 -2.75000e+02
7298 -2.73000e+02
7307 -2.72000e+02
7350 -2.71000e+02
7483 -2.70000e+02
7542 -2.69000e+02
7632 -2.68000e+02
7657 -2.67000e+02
7715 -2.66000e+02
7911 -2.65000e+02
7952 -2.64000e+02
8039 -2.63000e+02
8069 -2.62000e+02
8181 -2.61000e+02
8284 -2.60000e+02
8334 -2.59000e+02
8399 -2.58000e+02
8571 -2.56000e+02
8735 -2.55000e+02
8783 -2.54000e+02
8884 -2.53000e+02
8991 -2.52000e+02
9139 -2.51000e+02
9208 -2.50000e+02
9241 -2.49000e+02
9436 -2.48000e+02
9647 -2.47000e+02
9744 -2.46000e+02
9883 -2.45000e+02
9907 -2.44000e+02
9951 -2.44000e+02
"function evaluation" "best-so-far f(x)"
1 -3.53000e+02
16 -3.52000e+02
41 -3.51000e+02
85 -3.50000e+02
228 -3.49000e+02
262 -3.48000e+02
355 -3.47000e+02
616 -3.46000e+02
751 -3.45000e+02
834 -3.44000e+02
948 -3.42000e+02
1111 -3.41000e+02
1134 -3.40000e+02
1323 -3.39000e+02
1429 -3.38000e+02
1465 -3.37000e+02
1627 -3.36000e+02
1679 -3.35000e+02
1700 -3.34000e+02
1712 -3.32000e+02
1850 -3.31000e+02
1885 -3.29000e+02
2019 -3.28000e+02
2180 -3.27000e+02
2251 -3.26000e+02
2316 -3.25000e+02
2462 -3.24000e+02
2610 -3.23000e+02
2712 -3.22000e+02
2834 -3.21000e+02
2925 -3.20000e+02
2990 -3.19000e+02
3020 -3.18000e+02
3231 -3.17000e+02
3374 -3.16000e+02
3440 -3.15000e+02
3461 -3.14000e+02
3632 -3.13000e+02
3876 -3.12000e+02
3886 -3.11000e+02
4064 -3.10000e+02
4254 -3.09000e+02
4331 -3.08000e+02
4400 -3.07000e+02
4472 -3.06000e+02
4593 -3.05000e+02
4683 -3.04000e+02
4753 -3.03000e+02
4846 -3.02000e+02
4952 -3.01000e+02
4999 -3.00000e+02
5106 -2.99000e+02
5222 -2.98000e+02
5560 -2.97000e+02
5839 -2.96000e+02
5885 -2.95000e+02
5937 -2.94000e+02
6097 -2.93000e+02
6152 -2.92000e+02
6378 -2.91000e+02
6470 -2.90000e+02
6542 -2.89000e+02
6650 -2.88000e+02
6688 -2.87000e+02
6777 -2.85000e+02
6871 -2.84000e+02
6996 -2.83000e+02
7153 -2.82000e+02
7209 -2.81000e+02
7347 -2.80000e+02
7582 -2.79000e+02
7722 -2.78000e+02
7814 -2.77000e+02
7910 -2.76000e+02
7968 -2.75000e+02
8167 -2.74000e+02
8214 -2.73000e+02
8295 -2.72000e+02
8438 -2.71000e+02
8526 -2.70000e+02
8615 -2.69000e+02
8727 -2.68000e+02
8847 -2.67000e+02
8875 -2.66000e+02
8933 -2.65000e+02
9183 -2.64000e+02
9281 -2.63000e+02
9353 -2.62000e+02
9515 -2.61000e+02
9614 -2.60000e+02
9762 -2.59000e+02
9803 -2.58000e+02
9951 -2.58000e+02
"function evaluation" "best-so-far f(x)"
1 -3.53000e+02
18 -3.52000e+02
162 -3.51000e+02
245 -3.50000e+02
339 -3.49000e+02
472 -3.48000e+02
549 -3.47000e+02
878 -3.46000e+02
918 -3.45000e+02
985 -3.44000e+02
1036 -3.43000e+02
1192 -3.42000e+02
1381 -3.41000e+02
1453 -3.40000e+02
1477 -3.39000e+02
1488 -3.37000e+02
1618 -3.36000e+02
1662 -3.35000e+02
1775 -3.34000e+02
1814 -3.33000e+02
1904 -3.32000e+02
1999 -3.31000e+02
2072 -3.30000e+02
2193 -3.29000e+02
2216 -3.28000e+02
2283 -3.27000e+02
2305 -3.26000e+02
2372 -3.25000e+02
2408 -3.24000e+02
2452 -3.23000e+02
2660 -3.22000e+02
2792 -3.21000e+02
2842 -3.20000e+02
3004 -3.19000e+02
3178 -3.17000e+02
3292 -3.16000e+02
3330 -3.15000e+02
3389 -3.14000e+02
3427 -3.13000e+02
3636 -3.12000e+02
3781 -3.11000e+02
3951 -3.10000e+02
4024 -3.08000e+02
4230 -3.07000e+02
4474 -3.06000e+02
4548 -3.05000e+02
4663 -3.03000e+02
4829 -3.02000e+02
4888 -3.01000e+02
5050 -3.00000e+02
5070 -2.99000e+02
5087 -2.98000e+02
5139 -2.97000e+02
5169 -2.96000e+02
5338 -2.95000e+02
5407 -2.94000e+02
5500 -2.93000e+02
5580 -2.92000e+02
5661 -2.91000e+02
5721 -2.90000e+02
5822 -2.89000e+02
5970 -2.88000e+02
5993 -2.87000e+02
6085 -2.86000e+02
6242 -2.85000e+02
6402 -2.84000e+02
6533 -2.83000e+02
6655 -2.81000e+02
6734 -2.80000e+02
6904 -2.79000e+02
6921 -2.78000e+02
7111 -2.77000e+02
7129 -2.76000e+02
7320 -2.75000e+02
7417 -2.74000e+02
7602 -2.73000e+02
7695 -2.72000e+02
7789 -2.71000e+02
7947 -2.70000e+02
7986 -2.69000e+02
8009 -2.68000e+02
8042 -2.67000e+02
8209 -2.66000e+02
8274 -2.65000e+02
8431 -2.64000e+02
8510 -2.63000e+02
8512 -2.62000e+02
8607 -2.61000e+02
8642 -2.60000e+02
8773 -2.59000e+02
8961 -2.58000e+02
9062 -2.57000e+02
9118 -2.56000e+02
9128 -2.55000e+02
9184 -2.54000e+02
9298 -2.53000e+02
9351 -2.51000e+02
9520 -2.50000e+02
9688 -2.49000e+02
9716 -2.48000e+02
9783 -2.47000e+02
9951 -2.47000e+02
"function evaluation" "best-so-far f(x)"
1 -3.53000e+02
62 -3.52000e+02
74 -3.51000e+02
252 -3.50000e+02
298 -3.49000e+02
345 -3.48000e+02
411 -3.47000e+02
531 -3.45000e+02
662 -3.44000e+02
890 -3.43000e+02
1041 -3.42000e+02
1073 -3.40000e+02
1215 -3.39000e+02
1227 -3.38000e+02
1278 -3.37000e+02
1405 -3.36000e+02
1445 -3.35000e+02
1502 -3.34000e+02
1553 -3.33000e+02
1606 -3.32000e+02
1715 -3.30000e+02
1805 -3.29000e+02
1854 -3.28000e+02
2022 -3.27000e+02
2062 -3.26000e+02
2066 -3.25000e+02
2092 -3.23000e+02
2094 -3.22000e+02
2156 -3.21000e+02
2248 -3.20000e+02
2273 -3.19000e+02
2336 -3.18000e+02
2495 -3.16000e+02
2549 -3.15000e+02
2754 -3.14000e+02
2901 -3.13000e+02
2962 -3.12000e+02
3021 -3.11000e+02
3207 -3.10000e+02
3334 -3.09000e+02
3378 -3.08000e+02
3454 -3.07000e+02
3602 -3.06000e+02
3725 -3.05000e+02
3767 -3.04000e+02
3954 -3.03000e+02
3956 -3.02000e+02
4049 -3.01000e+02
4125 -3.00000e+02
4150 -2.99000e+02
4410 -2.98000e+02
4417 -2.97000e+02
4528 -2.96000e+02
4564 -2.95000e+02
4665 -2.94000e+02
4771 -2.93000e+02
4869 -2.92000e+02
4921 -2.91000e+02
4967 -2.90000e+02
5075 -2.89000e+02
5161 -2.88000e+02
5165 -2.87000e+02
5264 -2.86000e+02
5361 -2.85000e+02
5438 -2.84000e+02
5576 -2.83000e+02
5676 -2.82000e+02
5790 -2.81000e+02
5794 -2.80000e+02
5823 -2.79000e+02
5899 -2.78000e+02
6039 -2.77000e+02
6230 -2.76000e+02
6327 -2.75000e+02
6467 -2.74000e+02
6573 -2.73000e+02
6678 -2.72000e+02
6753 -2.71000e+02
7028 -2.70000e+02
7186 -2.69000e+02
7443 -2.68000e+02
7559 -2.67000e+02
7594 -2.66000e+02
7884 -2.65000e+02
7913 -2.64000e+02
8033 -2.63000e+02
8071 -2.62000e+02
8160 -2.61000e+02
8304 -2.60000e+02
8446 -2.59000e+02
8502 -2.58000e+02
8620 -2.57000e+02
8685 -2.56000e+02
8908 -2.55000e+02
9049 -2.54000e+02
9150 -2.53000e+02
9217 -2.52000e+02
9370 -2.51000e+02
9604 -2.50000e+02
9756 -2.49000e+02
9951 -2.49000e+02
"function evaluation" "best-so-far f(x)"
1 -3.53000e+02
3 -3.52000e+02
63 -3.51000e+02
227 -3.50000e+02
284 -3.49000e+02
371 -3.48000e+02
542 -3.47000e+02
597 -3.46000e+02
599 -3.45000e+02
740 -3.44000e+02
939 -3.43000e+02
1147 -3.42000e+02
1354 -3.41000e+02
1386 -3.40000e+02
1497 -3.39000e+02
1599 -3.38000e+02
1687 -3.37000e+02
1770 -3.36000e+02
1840 -3.35000e+02
1925 -3.34000e+02
1975 -3.33000e+02
2120 -3.32000e+02
2123 -3.31000e+02
2161 -3.30000e+02
2193 -3.29000e+02
2392 -3.28000e+02
2490 -3.27000e+02
2579 -3.26000e+02
2694 -3.25000e+02
2824 -3.24000e+02
2882 -3.23000e+02
3020 -3.22000e+02
3139 -3.21000e+02
3159 -3.20000e+02
3282 -3.19000e+02
3393 -3.18000e+02
3486 -3.17000e+02
3547 -3.16000e+02
3586 -3.15000e+02
3688 -3.14000e+02
3718 -3.13000e+02
3835 -3.12000e+02
3994 -3.11000e+02
4038 -3.10000e+02
4126 -3.09000e+02
4156 -3.08000e+02
4172 -3.07000e+02
4335 -3.06000e+02
4566 -3.05000e+02
4617 -3.04000e+02
4744 -3.03000e+02
4876 -3.02000e+02
4993 -3.01000e+02
5066 -3.00000e+02
5159 -2.99000e+02
5185 -2.98000e+02
5320 -2.97000e+02
5417 -2.96000e+02
5467 -2.95000e+02
5559 -2.94000e+02
5657 -2.92000e+02
5711 -2.91000e+02
6030 -2.90000e+02
6059 -2.88000e+02
6101 -2.87000e+02
6113 -2.86000e+02
6209 -2.85000e+02
6337 -2.84000e+02
6396 -2.83000e+02
6518 -2.82000e+02
6598 -2.81000e+02
6729 -2.80000e+02
6839 -2.79000e+02
7056 -2.78000e+02
7160 -2.77000e+02
7299 -2.76000e+02
7448 -2.75000e+02
7558 -2.74000e+02
7566 -2.73000e+02
7748 -2.72000e+02
8019 -2.71000e+02
8054 -2.70000e+02
8252 -2.69000e+02
8277 -2.68000e+02
8404 -2.67000e+02
8495 -2.66000e+02
8572 -2.65000e+02
8609 -2.64000e+02
8656 -2.63000e+02
8669 -2.62000e+02
8859 -2.61000e+02
8992 -2.60000e+02
9049 -2.59000e+02
9133 -2.58000e+02
9322 -2.57000e+02
9463 -2.56000e+02
9626 -2.55000e+02
9724 -2.54000e+02
9739 -2.53000e+02
9859 -2.51000e+02
9915 -2.50000e+02
9951 -2.50000e+02
"function evaluation" "best-so-far f(x)"
1 -3.53000e+02
35 -3.52000e+02
87 -3.51000e+02
178 -3.50000e+02
363 -3.49000e+02
423 -3.48000e+02
474 -3.47000e+02
524 -3.46000e+02
702 -3.45000e+02
769 -3.44000e+02
810 -3.43000e+02
827 -3.41000e+02
1031 -3.40000e+02
1143 -3.39000e+02
1201 -3.38000e+02
1371 -3.37000e+02
1501 -3.36000e+02
1579 -3.35000e+02
1729 -3.34000e+02
1908 -3.32000e+02
1986 -3.31000e+02
2064 -3.30000e+02
2163 -3.29000e+02
2276 -3.28000e+02
2414 -3.27000e+02
2468 -3.26000e+02
2474 -3.25000e+02
2600 -3.24000e+02
2699 -3.23000e+02
2712 -3.22000e+02
2761 -3.21000e+02
2853 -3.20000e+02
3126 -3.19000e+02
3169 -3.18000e+02
3259 -3.17000e+02
3321 -3.16000e+02
3413 -3.15000e+02
3467 -3.13000e+02
3529 -3.12000e+02
3559 -3.11000e+02
3650 -3.09000e+02
3712 -3.08000e+02
3815 -3.07000e+02
3938 -3.06000e+02
3963 -3.05000e+02
4118 -3.04000e+02
4141 -3.03000e+02
4205 -3.02000e+02
4241 -3.01000e+02
4265 -3.00000e+02
4415 -2.99000e+02
4538 -2.98000e+02
4607 -2.97000e+02
4664 -2.96000e+02
4750 -2.94000e+02
4850 -2.93000e+02
4885 -2.92000e+02
5007 -2.91000e+02
5089 -2.90000e+02
5152 -2.89000e+02
5216 -2.88000e+02
5404 -2.87000e+02
5475 -2.86000e+02
5571 -2.85000e+02
5658 -2.84000e+02
5669 -2.83000e+02
5689 -2.82000e+02
5734 -2.81000e+02
5835 -2.80000e+02
6003 -2.79000e+02
6047 -2.78000e+02
6194 -2.77000e+02
6312 -2.76000e+02
6351 -2.75000e+02
6548 -2.74000e+02
6638 -2.73000e+02
6718 -2.72000e+02
6822 -2.71000e+02
6848 -2.70000e+02
6907 -2.69000e+02
7135 -2.68000e+02
7181 -2.67000e+02
7211 -2.66000e+02
7501 -2.65000e+02
7706 -2.64000e+02
7889 -2.63000e+02
8195 -2.62000e+02
8273 -2.61000e+02
8357 -2.60000e+02
8534 -2.59000e+02
8631 -2.58000e+02
8735 -2.57000e+02
8899 -2.56000e+02
9039 -2.55000e+02
9149 -2.54000e+02
9200 -2.53000e+02
9290 -2.52000e+02
9587 -2.51000e+02
9751 -2.50000e+02
9844 -2.49000e+02
9894 -2.48000e+02
9951 -2.48000e+02
"function evaluation" "best-so-far f(x)"
1 -3.53000e+02
38 -3.52000e+02
228 -3.51000e+02
239 -3.50000e+02
336 -3.49000e+02
343 -3.48000e+02
495 -3.47000e+02
643 -3.46000e+02
721 -3.45000e+02
785 -3.44000e+02
867 -3.43000e+02
944 -3.42000e+02
1005 -3.41000e+02
1100 -3.40000e+02
1178 -3.39000e+02
1195 -3.38000e+02
1244 -3.37000e+02
1363 -3.36000e+02
1472 -3.35000e+02
1517 -3.33000e+02
1745 -3.32000e+02
1973 -3.31000e+02
2122 -3.30000e+02
2196 -3.29000e+02
2270 -3.28000e+02
2459 -3.27000e+02
2580 -3.26000e+02
2770 -3.25000e+02
2773 -3.24000e+02
2822 -3.23000e+02
2954 -3.22000e+02
3056 -3.21000e+02
3167 -3.20000e+02
3271 -3.19000e+02
3356 -3.17000e+02
3598 -3.16000e+02
3633 -3.15000e+02
3662 -3.13000e+02
3790 -3.12000e+02
3819 -3.11000e+02
4068 -3.10000e+02
4194 -3.09000e+02
4213 -3.08000e+02
4235 -3.07000e+02
4282 -3.06000e+02
4411 -3.05000e+02
4480 -3.04000e+02
4537 -3.03000e+02
4642 -3.02000e+02
4716 -3.01000e+02
4902 -3.00000e+02
4954 -2.99000e+02
5094 -2.98000e+02
5221 -2.97000e+02
5331 -2.96000e+02
5449 -2.95000e+02
5616 -2.94000e+02
5671 -2.93000e+02
5781 -2.92000e+02
5855 -2.91000e+02
5977 -2.90000e+02
6253 -2.89000e+02
6443 -2.88000e+02
6573 -2.87000e+02
6582 -2.86000e+02
6812 -2.85000e+02
6871 -2.84000e+02
6991 -2.83000e+02
7128 -2.82000e+02
7150 -2.81000e+02
7178 -2.80000e+02
7332 -2.79000e+02
7421 -2.78000e+02
7453 -2.77000e+02
7561 -2.76000e+02
7742 -2.75000e+02
7976 -2.74000e+02
8084 -2.73000e+02
8184 -2.72000e+02
8198 -2.71000e+02
8444 -2.70000e+02
8545 -2.69000e+02
8629 -2.68000e+02
8964 -2.67000e+02
9124 -2.66000e+02
9232 -2.65000e+02
9345 -2.64000e+02
9609 -2.63000e+02
9611 -2.62000e+02
9800 -2.61000e+02
9916 -2.60000e+02
9947 -2.59000e+02
9951 -2.59000e+02
"function evaluation" "best-so-far f(x)"
1 -3.53000e+02
21 -3.52000e+02
112 -3.51000e+02
219 -3.50000e+02
284 -3.49000e+02
369 -3.48000e+02
397 -3.46000e+02
477 -3.45000e+02
498 -3.44000e+02
576 -3.43000e+02
621 -3.42000e+02
638 -3.41000e+02
706 -3.40000e+02
719 -3.39000e+02
826 -3.38000e+02
906 -3.37000e+02
952 -3.36000e+02
1033 -3.35000e+02
1271 -3.34000e+02
1401 -3.33000e+02
1525 -3.32000e+02
1591 -3.31000e+02
1639 -3.30000e+02
1774 -3.29000e+02
2006 -3.28000e+02
2059 -3.27000e+02
2084 -3.26000e+02
2109 -3.25000e+02
2179 -3.24000e+02
2252 -3.23000e+02
2388 -3.22000e+02
2627 -3.21000e+02
2806 -3.20000e+02
2930 -3.19000e+02
3027 -3.18000e+02
3250 -3.17000e+02
3384 -3.16000e+02
3510 -3.15000e+02
3670 -3.14000e+02
3678 -3.13000e+02
3738 -3.12000e+02
3856 -3.11000e+02
4037 -3.09000e+02
4094 -3.08000e+02
4148 -3.07000e+02
4303 -3.05000e+02
4384 -3.04000e+02
4514 -3.03000e+02
4665 -3.02000e+02
4917 -3.01000e+02
5128 -3.00000e+02
5206 -2.99000e+02
5416 -2.98000e+02
5461 -2.97000e+02
5614 -2.96000e+02
5678 -2.95000e+02
5698 -2.94000e+02
5744 -2.93000e+02
5958 -2.92000e+02
6033 -2.91000e+02
6043 -2.90000e+02
6135 -2.89000e+02
6206 -2.87000e+02
6269 -2.86000e+02
6303 -2.85000e+02
6365 -2.84000e+02
6484 -2.83000e+02
6493 -2.82000e+02
6660 -2.81000e+02
6824 -2.80000e+02
6866 -2.79000e+02
6981 -2.78000e+02
6995 -2.77000e+02
7057 -2.76000e+02
7256 -2.74000e+02
7359 -2.73000e+02
7495 -2.72000e+02
7718 -2.71000e+02
7959 -2.70000e+02
8005 -2.69000e+02
8079 -2.68000e+02
8339 -2.67000e+02
8404 -2.66000e+02
8488 -2.65000e+02
8504 -2.64000e+02
8578 -2.63000e+02
8699 -2.62000e+02
8788 -2.61000e+02
8874 -2.60000e+02
8912 -2.59000e+02
9067 -2.58000e+02
9229 -2.56000e+02
9331 -2.55000e+02
9564 -2.54000e+02
9649 -2.53000e+02
9794 -2.52000e+02
9877 -2.51000e+02
9916 -2.50000e+02
9951 -2.50000e+02
"function evaluation" "best-so-far f(x)"
1 -3.53000e+02
15 -3.52000e+02
55 -3.51000e+02
129 -3.50000e+02
405 -3.49000e+02
596 -3.48000e+02
660 -3.47000e+02
823 -3.46000e+02
831 -3.45000e+02
889 -3.44000e+02
909 -3.43000e+02
942 -3.42000e+02
949 -3.40000e+02
1006 -3.39000e+02
1151 -3.38000e+02
1264 -3.37000e+02
1321 -3.36000e+02
1419 -3.35000e+02
1424 -3.34000e+02
1560 -3.33000e+02
1653 -3.32000e+02
1724 -3.31000e+02
1785 -3.30000e+02
1964 -3.29000e+02
2106 -3.28000e+02
2250 -3.27000e+02
2323 -3.26000e+02
2438 -3.25000e+02
2572 -3.24000e+02
2605 -3.23000e+02
2641 -3.22000e+02
2748 -3.21000e+02
2877 -3.20000e+02
2950 -3.19000e+02
2951 -3.18000e+02
3057 -3.17000e+02
3211 -3.16000e+02
3359 -3.15000e+02
3514 -3.14000e+02
3575 -3.13000e+02
3621 -3.12000e+02
3811 -3.11000e+02
3897 -3.10000e+02
3954 -3.09000e+02
3992 -3.08000e+02
4118 -3.07000e+02
4223 -3.06000e+02
4315 -3.05000e+02
4367 -3.04000e+02
4382 -3.03000e+02
4538 -3.02000e+02
4662 -3.01000e+02
4859 -3.00000e+02
4919 -2.99000e+02
5043 -2.98000e+02
5108 -2.97000e+02
5268 -2.96000e+02
5322 -2.95000e+02
5348 -2.94000e+02
5390 -2.93000e+02
5453 -2.92000e+02
5525 -2.91000e+02
5626 -2.90000e+02
5778 -2.89000e+02
5843 -2.88000e+02
5941 -2.87000e+02
6003 -2.86000e+02
6129 -2.85000e+02
6267 -2.84000e+02
6376 -2.83000e+02
6448 -2.82000e+02
6499 -2.81000e+02
6617 -2.80000e+02
6667 -2.79000e+02
6751 -2.78000e+02
6835 -2.77000e+02
6998 -2.76000e+02
7006 -2.75000e+02
7184 -2.74000e+02
7244 -2.73000e+02
7447 -2.72000e+02
7503 -2.70000e+02
7643 -2.69000e+02
7656 -2.68000e+02
7756 -2.67000e+02
7820 -2.66000e+02
7904 -2.65000e+02
7993 -2.64000e+02
8005 -2.63000e+02
8253 -2.61000e+02
8304 -2.60000e+02
8483 -2.59000e+02
8515 -2.58000e+02
8709 -2.57000e+02
8795 -2.56000e+02
8961 -2.55000e+02
8997 -2.54000e+02
9040 -2.53000e+02
9071 -2.51000e+02
9364 -2.50000e+02
9397 -2.49000e+02
9672 -2.48000e+02
9725 -2.47000e+02
9951 -2.47000e+02
"function evaluation" "best-so-far f(x)"
1 -3.53000e+02
3 -3.52000e+02
90 -3.51000e+02
146 -3.50000e+02
166 -3.47000e+02
290 -3.46000e+02
396 -3.45000e+02
475 -3.44000e+02
603 -3.43000e+02
671 -3.42000e+02
757 -3.41000e+02
909 -3.40000e+02
943 -3.39000e+02
1049 -3.38000e+02
1196 -3.36000e+02
1213 -3.35000e+02
1222 -3.34000e+02
1250 -3.33000e+02
1315 -3.32000e+02
1359 -3.31000e+02
1385 -3.30000e+02
1627 -3.29000e+02
1641 -3.28000e+02
1660 -3.27000e+02
1679 -3.26000e+02
1807 -3.25000e+02
1963 -3.24000e+02
2056 -3.23000e+02
2167 -3.21000e+02
2310 -3.20000e+02
2344 -3.19000e+02
2416 -3.18000e+02
2478 -3.17000e+02
2603 -3.16000e+02
2683 -3.15000e+02
2817 -3.14000e+02
2964 -3.13000e+02
3097 -3.12000e+02
3244 -3.11000e+02
3284 -3.10000e+02
3299 -3.09000e+02
3436 -3.08000e+02
3616 -3.06000e+02
3720 -3.05000e+02
3834 -3.04000e+02
3895 -3.03000e+02
3987 -3.02000e+02
4068 -3.01000e+02
4127 -3.00000e+02
4171 -2.99000e+02
4266 -2.98000e+02
4284 -2.97000e+02
4362 -2.96000e+02
4620 -2.95000e+02
4672 -2.94000e+02
4961 -2.93000e+02
5149 -2.92000e+02
5284 -2.91000e+02
5404 -2.90000e+02
5518 -2.89000e+02
5566 -2.88000e+02
5715 -2.87000e+02
5873 -2.86000e+02
6051 -2.85000e+02
6211 -2.84000e+02
6271 -2.83000e+02
6494 -2.82000e+02
6572 -2.81000e+02
6703 -2.80000e+02
6740 -2.79000e+02
6831 -2.78000e+02
6929 -2.77000e+02
6984 -2.76000e+02
7116 -2.75000e+02
7162 -2.74000e+02
7203 -2.73000e+02
7271 -2.72000e+02
7339 -2.71000e+02
7450 -2.70000e+02
7554 -2.69000e+02
7678 -2.68000e+02
7750 -2.67000e+02
7979 -2.66000e+02
8150 -2.65000e+02
8206 -2.64000e+02
8337 -2.63000e+02
8438 -2.62000e+02
8449 -2.61000e+02
8575 -2.60000e+02
8732 -2.59000e+02
8802 -2.58000e+02
8951 -2.57000e+02
9071 -2.56000e+02
9378 -2.54000e+02
9508 -2.53000e+02
9605 -2.52000e+02
9726 -2.51000e+02
9834 -2.50000e+02
9902 -2.49000e+02
9951 -2.49000e+02
"function evaluation" "best-so-far f(x)"
1 -3.53000e+02
43 -3.52000e+02
105 -3.51000e+02
130 -3.50000e+02
385 -3.49000e+02
406 -3.48000e+02
544 -3.47000e+02
623 -3.46000e+02
675 -3.45000e+02
711 -3.44000e+02
808 -3.43000e+02
889 -3.42000e+02
1018 -3.41000e+02
1069 -3.40000e+02
1236 -3.39000e+02
1492 -3.38000e+02
1601 -3.37000e+02
1619 -3.36000e+02
1678 -3.35000e+02
1811 -3.34000e+02
1818 -3.33000e+02
2024 -3.32000e+02
2099 -3.31000e+02
2211 -3.30000e+02
2264 -3.29000e+02
2433 -3.28000e+02
2467 -3.27000e+02
2581 -3.26000e+02
2712 -3.25000e+02
3001 -3.24000e+02
3084 -3.23000e+02
3207 -3.22000e+02
3306 -3.20000e+02
3505 -3.19000e+02
3545 -3.18000e+02
3649 -3.17000e+02
3691 -3.16000e+02
3712 -3.15000e+02
3854 -3.14000e+02
3889 -3.13000e+02
3906 -3.12000e+02
3970 -3.11000e+02
4198 -3.10000e+02
4305 -3.09000e+02
4364 -3.08000e+02
4503 -3.07000e+02
4714 -3.06000e+02
4723 -3.05000e+02
4899 -3.04000e+02
5011 -3.03000e+02
5058 -3.02000e+02
5210 -3.01000e+02
5330 -3.00000e+02
5414 -2.99000e+02
5519 -2.98000e+02
5572 -2.97000e+02
5675 -2.96000e+02
5713 -2.95000e+02
5723 -2.94000e+02
5767 -2.93000e+02
5831 -2.92000e+02
5884 -2.91000e+02
5999 -2.90000e+02
6130 -2.89000e+02
6191 -2.88000e+02
6274 -2.87000e+02
6459 -2.86000e+02
6588 -2.85000e+02
6641 -2.84000e+02
6681 -2.83000e+02
6720 -2.82000e+02
6910 -2.81000e+02
6934 -2.80000e+02
7004 -2.79000e+02
7226 -2.77000e+02
7302 -2.76000e+02
7373 -2.75000e+02
7462 -2.74000e+02
7538 -2.73000e+02
7609 -2.72000e+02
7675 -2.71000e+02
7735 -2.70000e+02
7849 -2.69000e+02
7911 -2.68000e+02
7912 -2.67000e+02
8010 -2.65000e+02
8156 -2.64000e+02
8271 -2.63000e+02
8314 -2.62000e+02
8417 -2.61000e+02
8575 -2.60000e+02
8903 -2.59000e+02
8906 -2.58000e+02
8967 -2.57000e+02
9097 -2.56000e+02
9261 -2.55000e+02
9302 -2.53000e+02
9447 -2.52000e+02
9623 -2.51000e+02
9695 -2.50000e+02
9946 -2.49000e+02
9951 -2.49000e+02
"function evaluation" "best-so-far f(x)"
1 -3.53000e+02
4 -3.52000e+02
22 -3.51000e+02
67 -3.50000e+02
150 -3.49000e+02
180 -3.48000e+02
286 -3.47000e+02
454 -3.46000e+02
532 -3.45000e+02
608 -3.44000e+02
696 -3.43000e+02
709 -3.42000e+02
836 -3.41000e+02
865 -3.40000e+02
922 -3.39000e+02
938 -3.38000e+02
1028 -3.37000e+02
1175 -3.36000e+02
1272 -3.35000e+02
1305 -3.34000e+02
1427 -3.33000e+02
1738 -3.32000e+02
1869 -3.31000e+02
1914 -3.30000e+02
2000 -3.29000e+02
2087 -3.28000e+02
2200 -3.27000e+02
2217 -3.26000e+02
2293 -3.25000e+02
2429 -3.24000e+02
2579 -3.23000e+02
2677 -3.22000e+02
2716 -3.21000e+02
2739 -3.20000e+02
2908 -3.19000e+02
3027 -3.18000e+02
3240 -3.17000e+02
3294 -3.16000e+02
3420 -3.15000e+02
3504 -3.14000e+02
3557 -3.13000e+02
3704 -3.12000e+02
3969 -3.11000e+02
4031 -3.09000e+02
4092 -3.08000e+02
4206 -3.07000e+02
4492 -3.06000e+02
4623 -3.05000e+02
4887 -3.04000e+02
4950 -3.03000e+02
4995 -3.02000e+02
5056 -3.01000e+02
5063 -3.00000e+02
5119 -2.99000e+02
5190 -2.98000e+02
5359 -2.97000e+02
5426 -2.96000e+02
5487 -2.95000e+02
5575 -2.94000e+02
5638 -2.93000e+02
5677 -2.92000e+02
5723 -2.91000e+02
5770 -2.90000e+02
5891 -2.89000e+02
5925 -2.88000e+02
6024 -2.87000e+02
6087 -2.86000e+02
6258 -2.84000e+02
6359 -2.83000e+02
6372 -2.82000e+02
6417 -2.81000e+02
6495 -2.80000e+02
6497 -2.79000e+02
6522 -2.78000e+02
6580 -2.77000e+02
6778 -2.76000e+02
6790 -2.75000e+02
6965 -2.74000e+02
7203 -2.73000e+02
7396 -2.72000e+02
7420 -2.70000e+02
7424 -2.69000e+02
7493 -2.68000e+02
7585 -2.67000e+02
7695 -2.66000e+02
7725 -2.65000e+02
7765 -2.64000e+02
7929 -2.63000e+02
8066 -2.62000e+02
8222 -2.61000e+02
8279 -2.60000e+02
8491 -2.59000e+02
8514 -2.58000e+02
8657 -2.57000e+02
8824 -2.56000e+02
8960 -2.55000e+02
8969 -2.54000e+02
9098 -2.53000e+02
9219 -2.52000e+02
9373 -2.51000e+02
9375 -2.49000e+02
9392 -2.48000e+02
9476 -2.47000e+02
9551 -2.46000e+02
9610 -2.45000e+02
9663 -2.44000e+02
9727 -2.43000e+02
9852 -2.42000e+02
9924 -2.41000e+02
9951 -2.41000e+02
"function evaluation" "best-so-far f(x)"
1 -3.53000e+02
76 -3.52000e+02
117 -3.51000e+02
354 -3.49000e+02
357 -3.48000e+02
403 -3.47000e+02
557 -3.46000e+02
579 -3.45000e+02
600 -3.44000e+02
632 -3.43000e+02
672 -3.42000e+02
822 -3.41000e+02
888 -3.40000e+02
920 -3.39000e+02
1052 -3.38000e+02
1277 -3.37000e+02
1467 -3.35000e+02
1583 -3.34000e+02
1702 -3.33000e+02
1703 -3.32000e+02
1785 -3.31000e+02
1957 -3.30000e+02
2037 -3.29000e+02
2096 -3.28000e+02
2133 -3.27000e+02
2257 -3.26000e+02
2307 -3.25000e+02
2404 -3.24000e+02
2461 -3.23000e+02
2527 -3.22000e+02
2644 -3.20000e+02
2799 -3.19000e+02
2878 -3.18000e+02
2960 -3.17000e+02
3058 -3.16000e+02
3164 -3.15000e+02
3273 -3.14000e+02
3298 -3.13000e+02
3468 -3.12000e+02
3581 -3.11000e+02
3631 -3.10000e+02
3704 -3.09000e+02
3819 -3.08000e+02
3929 -3.07000e+02
3961 -3.06000e+02
4067 -3.05000e+02
4117 -3.04000e+02
4266 -3.03000e+02
4318 -3.02000e+02
4407 -3.01000e+02
4577 -3.00000e+02
4700 -2.99000e+02
4793 -2.98000e+02
4819 -2.97000e+02
4878 -2.96000e+02
5000 -2.95000e+02
5095 -2.94000e+02
5123 -2.93000e+02
5278 -2.92000e+02
5400 -2.91000e+02
5566 -2.90000e+02
5593 -2.89000e+02
5652 -2.88000e+02
5852 -2.87000e+02
6044 -2.86000e+02
6193 -2.85000e+02
6401 -2.84000e+02
6517 -2.83000e+02
6654 -2.82000e+02
6765 -2.81000e+02
6935 -2.80000e+02
6987 -2.79000e+02
7268 -2.78000e+02
7319 -2.77000e+02
7360 -2.76000e+02
7413 -2.75000e+02
7586 -2.74000e+02
7752 -2.73000e+02
7883 -2.72000e+02
8121 -2.71000e+02
8254 -2.70000e+02
8433 -2.69000e+02
8588 -2.68000e+02
8659 -2.67000e+02
8693 -2.66000e+02
8758 -2.65000e+02
8827 -2.63000e+02
8930 -2.62000e+02
8959 -2.61000e+02
9006 -2.59000e+02
9203 -2.58000e+02
9368 -2.57000e+02
9484 -2.56000e+02
9678 -2.55000e+02
9857 -2.54000e+02
9931 -2.53000e+02
9951 -2.53000e+02
"function evaluation" "best-so-far f(x)"
1 -3.53000e+02
18 -3.51000e+02
94 -3.50000e+02
238 -3.48000e+02
349 -3.47000e+02
439 -3.46000e+02
483 -3.45000e+02
553 -3.44000e+02
556 -3.43000e+02
648 -3.42000e+02
738 -3.41000e+02
850 -3.40000e+02
931 -3.39000e+02
995 -3.38000e+02
1041 -3.37000e+02
1145 -3.36000e+02
1377 -3.35000e+02
1524 -3.34000e+02
1628 -3.33000e+02
1708 -3.32000e+02
1819 -3.31000e+02
1937 -3.30000e+02
1953 -3.29000e+02
1981 -3.28000e+02
2046 -3.27000e+02
2152 -3.26000e+02
2243 -3.25000e+02
2337 -3.24000e+02
2374 -3.23000e+02
2527 -3.22000e+02
2577 -3.21000e+02
2846 -3.20000e+02
2857 -3.19000e+02
3054 -3.18000e+02
3122 -3.17000e+02
3337 -3.16000e+02
3435 -3.15000e+02
3512 -3.14000e+02
3597 -3.13000e+02
3665 -3.12000e+02
3802 -3.11000e+02
3926 -3.10000e+02
3937 -3.09000e+02
3959 -3.08000e+02
4009 -3.07000e+02
4214 -3.06000e+02
4217 -3.05000e+02
4294 -3.04000e+02
4428 -3.03000e+02
4518 -3.02000e+02
4603 -3.01000e+02
4621 -3.00000e+02
4711 -2.99000e+02
4825 -2.98000e+02
4841 -2.97000e+02
4972 -2.96000e+02
5036 -2.95000e+02
5072 -2.94000e+02
5294 -2.93000e+02
5457 -2.92000e+02
5541 -2.91000e+02
5639 -2.90000e+02
5766 -2.89000e+02
5889 -2.88000e+02
5953 -2.87000e+02
6211 -2.86000e+02
6353 -2.85000e+02
6499 -2.84000e+02
6543 -2.83000e+02
6630 -2.82000e+02
6801 -2.81000e+02
6980 -2.80000e+02
7021 -2.79000e+02
7113 -2.78000e+02
7263 -2.77000e+02
7483 -2.76000e+02
7681 -2.75000e+02
7686 -2.74000e+02
7688 -2.73000e+02
7830 -2.72000e+02
7910 -2.71000e+02
8039 -2.70000e+02
8230 -2.69000e+02
8280 -2.68000e+02
8461 -2.67000e+02
8538 -2.66000e+02
8743 -2.65000e+02
8784 -2.64000e+02
8853 -2.63000e+02
8894 -2.62000e+02
8956 -2.60000e+02
9169 -2.59000e+02
9249 -2.58000e+02
9359 -2.57000e+02
9501 -2.56000e+02
9665 -2.55000e+02
9861 -2.54000e+02
9951 -2.54000e+02
"function evaluation" "best-so-far f(x)"
1 -3.53000e+02
12 -3.52000e+02
74 -3.51000e+02
285 -3.50000e+02
461 -3.47000e+02
539 -3.46000e+02
631 -3.45000e+02
652 -3.43000e+02
707 -3.42000e+02
823 -3.41000e+02
868 -3.40000e+02
946 -3.39000e+02
1165 -3.38000e+02
1253 -3.37000e+02
1305 -3.36000e+02
1480 -3.35000e+02
1557 -3.34000e+02
1612 -3.33000e+02
1698 -3.32000e+02
1750 -3.31000e+02
1800 -3.29000e+02
1877 -3.28000e+02
1926 -3.27000e+02
1989 -3.26000e+02
2082 -3.25000e+02
2116 -3.24000e+02
2155 -3.23000e+02
2230 -3.22000e+02
2275 -3.21000e+02
2380 -3.20000e+02
2401 -3.19000e+02
2506 -3.18000e+02
2677 -3.17000e+02
2749 -3.16000e+02
2872 -3.15000e+02
2914 -3.14000e+02
2979 -3.12000e+02
3099 -3.11000e+02
3201 -3.10000e+02
3377 -3.09000e+02
3394 -3.08000e+02
3545 -3.07000e+02
3571 -3.06000e+02
3741 -3.05000e+02
3966 -3.04000e+02
4011 -3.03000e+02
4037 -3.02000e+02
4194 -3.01000e+02
4263 -3.00000e+02
4393 -2.99000e+02
4453 -2.98000e+02
4564 -2.97000e+02
4716 -2.96000e+02
4787 -2.95000e+02
4887 -2.94000e+02
4942 -2.93000e+02
4995 -2.92000e+02
5073 -2.91000e+02
5180 -2.90000e+02
5316 -2.89000e+02
5368 -2.88000e+02
5572 -2.87000e+02
5826 -2.86000e+02
5904 -2.85000e+02
6085 -2.84000e+02
6240 -2.83000e+02
6406 -2.81000e+02
6531 -2.80000e+02
6556 -2.79000e+02
6726 -2.78000e+02
6806 -2.77000e+02
6816 -2.76000e+02
6883 -2.75000e+02
6982 -2.74000e+02
7064 -2.73000e+02
7079 -2.72000e+02
7085 -2.71000e+02
7137 -2.70000e+02
7212 -2.69000e+02
7265 -2.68000e+02
7330 -2.67000e+02
7428 -2.66000e+02
7442 -2.65000e+02
7573 -2.64000e+02
7641 -2.63000e+02
7781 -2.62000e+02
7828 -2.60000e+02
8017 -2.59000e+02
8157 -2.58000e+02
8220 -2.57000e+02
8538 -2.56000e+02
8634 -2.55000e+02
8908 -2.54000e+02
8933 -2.53000e+02
9020 -2.52000e+02
9147 -2.51000e+02
9218 -2.50000e+02
9266 -2.49000e+02
9452 -2.48000e+02
9586 -2.47000e+02
9792 -2.46000e+02
9946 -2.45000e+02
9951 -2.45000e+02
"function evaluation" "best-so-far f(x)"
1 -3.53000e+02
107 -3.52000e+02
206 -3.51000e+02
410 -3.50000e+02
476 -3.49000e+02
525 -3.48000e+02
601 -3.47000e+02
667 -3.46000e+02
685 -3.45000e+02
764 -3.44000e+02
836 -3.43000e+02
864 -3.42000e+02
880 -3.41000e+02
933 -3.40000e+02
1099 -3.39000e+02
1209 -3.38000e+02
1301 -3.37000e+02
1356 -3.36000e+02
1450 -3.35000e+02
1480 -3.34000e+02
1543 -3.33000e+02
1603 -3.32000e+02
1726 -3.31000e+02
1786 -3.30000e+02
1923 -3.29000e+02
2141 -3.28000e+02
2213 -3.27000e+02
2231 -3.26000e+02
2323 -3.25000e+02
2459 -3.24000e+02
2562 -3.23000e+02
2621 -3.22000e+02
2624 -3.21000e+02
2705 -3.20000e+02
2809 -3.19000e+02
2930 -3.18000e+02
2957 -3.17000e+02
3073 -3.16000e+02
3178 -3.15000e+02
3246 -3.14000e+02
3450 -3.13000e+02
3572 -3.12000e+02
3616 -3.11000e+02
3743 -3.10000e+02
3829 -3.09000e+02
3902 -3.08000e+02
4058 -3.07000e+02
4102 -3.06000e+02
4141 -3.05000e+02
4293 -3.04000e+02
4373 -3.03000e+02
4508 -3.02000e+02
4510 -3.01000e+02
4605 -3.00000e+02
4777 -2.99000e+02
4793 -2.98000e+02
4950 -2.97000e+02
4959 -2.96000e+02
5047 -2.94000e+02
5206 -2.93000e+02
5253 -2.92000e+02
5301 -2.91000e+02
5366 -2.90000e+02
5419 -2.89000e+02
5438 -2.88000e+02
5445 -2.87000e+02
5562 -2.86000e+02
5610 -2.85000e+02
5734 -2.84000e+02
5810 -2.83000e+02
5914 -2.82000e+02
6087 -2.81000e+02
6112 -2.80000e+02
6217 -2.79000e+02
6302 -2.78000e+02
6496 -2.77000e+02
6616 -2.76000e+02
6717 -2.75000e+02
6834 -2.74000e+02
6991 -2.73000e+02
7228 -2.72000e+02
7240 -2.71000e+02
7307 -2.70000e+02
7434 -2.69000e+02
7481 -2.68000e+02
7604 -2.66000e+02
7609 -2.65000e+02
7622 -2.64000e+02
7904 -2.63000e+02
8016 -2.61000e+02
8108 -2.60000e+02
8203 -2.59000e+02
8219 -2.58000e+02
8275 -2.57000e+02
8314 -2.56000e+02
8367 -2.55000e+02
8549 -2.54000e+02
8625 -2.53000e+02
8736 -2.52000e+02
8827 -2.51000e+02
8892 -2.50000e+02
9174 -2.49000e+02
9264 -2.48000e+02
9339 -2.47000e+02
9708 -2.46000e+02
9832 -2.45000e+02
9951 -2.45000e+02
"function evaluation" "best-so-far f(x)"
1 -3.53000e+02
10 -3.52000e+02
114 -3.51000e+02
277 -3.50000e+02
435 -3.49000e+02
476 -3.48000e+02
515 -3.47000e+02
535 -3.46000e+02
574 -3.45000e+02
719 -3.44000e+02
808 -3.43000e+02
974 -3.42000e+02
1082 -3.41000e+02
1114 -3.40000e+02
1249 -3.38000e+02
1341 -3.37000e+02
1356 -3.36000e+02
1516 -3.35000e+02
1577 -3.34000e+02
1671 -3.33000e+02
1689 -3.32000e+02
1734 -3.31000e+02
1835 -3.30000e+02
1908 -3.29000e+02
2048 -3.28000e+02
2134 -3.27000e+02
2184 -3.26000e+02
2299 -3.25000e+02
2509 -3.24000e+02
2559 -3.23000e+02
2785 -3.22000e+02
2926 -3.21000e+02
3187 -3.20000e+02
3222 -3.19000e+02
3318 -3.18000e+02
3456 -3.17000e+02
3537 -3.16000e+02
3598 -3.15000e+02
3672 -3.14000e+02
3733 -3.13000e+02
3755 -3.11000e+02
3771 -3.10000e+02
4009 -3.08000e+02
4029 -3.07000e+02
4118 -3.06000e+02
4168 -3.05000e+02
4337 -3.04000e+02
4368 -3.03000e+02
4510 -3.02000e+02
4540 -3.01000e+02
4661 -3.00000e+02
4809 -2.99000e+02
4897 -2.98000e+02
5201 -2.97000e+02
5205 -2.96000e+02
5319 -2.95000e+02
5335 -2.93000e+02
5378 -2.92000e+02
5379 -2.91000e+02
5530 -2.90000e+02
5605 -2.89000e+02
5661 -2.88000e+02
5781 -2.87000e+02
5925 -2.86000e+02
6005 -2.85000e+02
6275 -2.84000e+02
6422 -2.83000e+02
6470 -2.82000e+02
6577 -2.81000e+02
6648 -2.80000e+02
6820 -2.79000e+02
6953 -2.78000e+02
6988 -2.77000e+02
7147 -2.76000e+02
7320 -2.75000e+02
7449 -2.74000e+02
7607 -2.73000e+02
7646 -2.71000e+02
7747 -2.70000e+02
7854 -2.69000e+02
7992 -2.68000e+02
7997 -2.67000e+02
8015 -2.66000e+02
8173 -2.65000e+02
8176 -2.64000e+02
8456 -2.63000e+02
8548 -2.62000e+02
8633 -2.61000e+02
8863 -2.60000e+02
8937 -2.59000e+02
9075 -2.58000e+02
9088 -2.57000e+02
9216 -2.56000e+02
9389 -2.55000e+02
9464 -2.54000e+02
9574 -2.53000e+02
9719 -2.52000e+02
9755 -2.50000e+02
9836 -2.49000e+02
9922 -2.47000e+02
9951 -2.47000e+02
