"function evaluation" "best-so-far f(x)"
1 -3.53000e+02
48 -3.52000e+02
107 -3.51000e+02
145 -3.50000e+02
184 -3.49000e+02
227 -3.48000e+02
281 -3.47000e+02
332 -3.46000e+02
361 -3.44000e+02
391 -3.43000e+02
397 -3.42000e+02
466 -3.41000e+02
486 -3.40000e+02
493 -3.39000e+02
537 -3.38000e+02
704 -3.37000e+02
735 -3.36000e+02
740 -3.35000e+02
751 -3.34000e+02
765 -3.33000e+02
838 -3.31000e+02
858 -3.30000e+02
933 -3.29000e+02
1003 -3.28000e+02
1101 -3.27000e+02
1120 -3.25000e+02
1154 -3.24000e+02
1164 -3.23000e+02
1201 -3.22000e+02
1249 -3.21000e+02
1269 -3.20000e+02
1316 -3.19000e+02
1358 -3.18000e+02
1438 -3.17000e+02
1485 -3.16000e+02
1506 -3.15000e+02
1522 -3.14000e+02
1529 -3.13000e+02
1547 -3.12000e+02
1552 -3.11000e+02
1594 -3.10000e+02
1615 -3.09000e+02
1627 -3.08000e+02
1678 -3.07000e+02
1707 -3.06000e+02
1723 -3.05000e+02
1795 -3.04000e+02
1808 -3.03000e+02
1810 -3.02000e+02
1876 -3.01000e+02
1982 -3.00000e+02
2041 -2.99000e+02
2108 -2.98000e+02
2135 -2.97000e+02
2185 -2.96000e+02
2217 -2.95000e+02
2249 -2.94000e+02
2283 -2.93000e+02
2310 -2.92000e+02
2397 -2.91000e+02
2435 -2.90000e+02
2466 -2.89000e+02
2497 -2.88000e+02
2568 -2.87000e+02
2573 -2.86000e+02
2591 -2.85000e+02
2769 -2.84000e+02
2840 -2.83000e+02
2925 -2.82000e+02
2973 -2.81000e+02
3029 -2.80000e+02
3078 -2.79000e+02
3134 -2.78000e+02
3185 -2.77000e+02
3270 -2.76000e+02
3365 -2.75000e+02
3421 -2.74000e+02
3490 -2.73000e+02
3539 -2.72000e+02
3595 -2.71000e+02
3620 -2.70000e+02
3676 -2.69000e+02
3695 -2.68000e+02
3735 -2.67000e+02
3843 -2.66000e+02
4019 -2.65000e+02
4065 -2.64000e+02
4090 -2.63000e+02
4106 -2.62000e+02
4136 -2.61000e+02
4171 -2.60000e+02
4243 -2.59000e+02
4326 -2.58000e+02
4370 -2.57000e+02
4382 -2.56000e+02
4395 -2.55000e+02
4416 -2.54000e+02
4472 -2.53000e+02
4525 -2.52000e+02
4603 -2.51000e+02
4624 -2.50000e+02
4638 -2.49000e+02
4652 -2.48000e+02
4733 -2.47000e+02
4826 -2.46000e+02
4832 -2.45000e+02
4874 -2.44000e+02
4887 -2.42000e+02
4979 -2.41000e+02
5016 -2.40000e+02
5045 -2.39000e+02
5159 -2.38000e+02
5172 -2.37000e+02
5229 -2.36000e+02
5254 -2.35000e+02
5273 -2.34000e+02
5298 -2.33000e+02
5350 -2.32000e+02
5369 -2.31000e+02
5449 -2.30000e+02
5452 -2.29000e+02
5544 -2.28000e+02
5570 -2.27000e+02
5665 -2.26000e+02
5690 -2.25000e+02
5702 -2.24000e+02
5781 -2.23000e+02
5872 -2.21000e+02
5896 -2.20000e+02
5945 -2.19000e+02
5992 -2.18000e+02
6009 -2.17000e+02
6054 -2.16000e+02
6067 -2.15000e+02
6129 -2.14000e+02
6184 -2.13000e+02
6460 -2.12000e+02
6472 -2.11000e+02
6510 -2.10000e+02
6560 -2.09000e+02
6577 -2.08000e+02
6611 -2.07000e+02
6617 -2.06000e+02
6634 -2.05000e+02
6698 -2.04000e+02
6785 -2.03000e+02
6827 -2.02000e+02
6871 -2.01000e+02
6918 -2.00000e+02
6943 -1.99000e+02
6986 -1.98000e+02
7103 -1.97000e+02
7123 -1.96000e+02
7144 -1.95000e+02
7159 -1.94000e+02
7301 -1.93000e+02
7354 -1.92000e+02
7388 -1.91000e+02
7427 -1.90000e+02
7448 -1.89000e+02
7454 -1.88000e+02
7517 -1.87000e+02
7571 -1.86000e+02
7678 -1.85000e+02
7751 -1.84000e+02
7940 -1.83000e+02
7947 -1.82000e+02
8066 -1.81000e+02
8071 -1.80000e+02
8199 -1.79000e+02
8241 -1.78000e+02
8316 -1.77000e+02
8401 -1.76000e+02
8440 -1.75000e+02
8487 -1.73000e+02
8520 -1.72000e+02
8581 -1.71000e+02
8621 -1.70000e+02
8651 -1.69000e+02
8686 -1.68000e+02
8722 -1.67000e+02
8831 -1.66000e+02
9040 -1.65000e+02
9165 -1.64000e+02
9228 -1.63000e+02
9230 -1.62000e+02
9299 -1.61000e+02
9357 -1.60000e+02
9402 -1.59000e+02
9444 -1.58000e+02
9486 -1.57000e+02
9609 -1.56000e+02
9611 -1.55000e+02
9801 -1.54000e+02
9919 -1.53000e+02
9956 -1.52000e+02
9981 -1.52000e+02
"function evaluation" "best-so-far f(x)"
1 -3.53000e+02
46 -3.52000e+02
57 -3.51000e+02
67 -3.50000e+02
92 -3.48000e+02
128 -3.47000e+02
176 -3.46000e+02
238 -3.45000e+02
261 -3.44000e+02
357 -3.42000e+02
428 -3.41000e+02
442 -3.40000e+02
453 -3.39000e+02
476 -3.38000e+02
493 -3.36000e+02
530 -3.35000e+02
559 -3.34000e+02
713 -3.33000e+02
721 -3.32000e+02
750 -3.31000e+02
803 -3.30000e+02
847 -3.29000e+02
905 -3.28000e+02
950 -3.27000e+02
955 -3.26000e+02
1084 -3.25000e+02
1114 -3.24000e+02
1203 -3.23000e+02
1205 -3.22000e+02
1220 -3.21000e+02
1224 -3.20000e+02
1274 -3.19000e+02
1312 -3.18000e+02
1395 -3.17000e+02
1435 -3.16000e+02
1491 -3.15000e+02
1527 -3.14000e+02
1578 -3.13000e+02
1602 -3.12000e+02
1662 -3.11000e+02
1761 -3.10000e+02
1772 -3.09000e+02
1875 -3.08000e+02
1919 -3.07000e+02
1941 -3.06000e+02
1946 -3.05000e+02
2034 -3.04000e+02
2073 -3.03000e+02
2118 -3.02000e+02
2141 -3.00000e+02
2230 -2.99000e+02
2250 -2.98000e+02
2349 -2.97000e+02
2356 -2.96000e+02
2379 -2.95000e+02
2419 -2.94000e+02
2423 -2.92000e+02
2486 -2.91000e+02
2506 -2.90000e+02
2632 -2.89000e+02
2683 -2.88000e+02
2736 -2.87000e+02
2749 -2.86000e+02
2778 -2.85000e+02
2802 -2.84000e+02
2816 -2.83000e+02
2858 -2.82000e+02
2881 -2.81000e+02
2924 -2.80000e+02
2963 -2.79000e+02
3001 -2.78000e+02
3018 -2.77000e+02
3033 -2.76000e+02
3125 -2.75000e+02
3203 -2.74000e+02
3235 -2.73000e+02
3298 -2.72000e+02
3317 -2.70000e+02
3341 -2.69000e+02
3366 -2.68000e+02
3376 -2.67000e+02
3430 -2.66000e+02
3482 -2.65000e+02
3549 -2.64000e+02
3566 -2.63000e+02
3730 -2.62000e+02
3732 -2.61000e+02
3800 -2.60000e+02
3831 -2.59000e+02
3902 -2.58000e+02
3937 -2.57000e+02
3999 -2.56000e+02
4048 -2.55000e+02
4084 -2.54000e+02
4127 -2.53000e+02
4214 -2.52000e+02
4299 -2.51000e+02
4464 -2.50000e+02
4535 -2.49000e+02
4573 -2.48000e+02
4699 -2.47000e+02
4751 -2.46000e+02
4794 -2.45000e+02
4822 -2.44000e+02
4973 -2.43000e+02
4984 -2.41000e+02
5126 -2.40000e+02
5131 -2.39000e+02
5201 -2.38000e+02
5267 -2.37000e+02
5310 -2.36000e+02
5346 -2.35000e+02
5444 -2.34000e+02
5467 -2.33000e+02
5511 -2.32000e+02
5630 -2.31000e+02
5644 -2.29000e+02
5678 -2.28000e+02
5710 -2.27000e+02
5819 -2.26000e+02
5932 -2.25000e+02
6022 -2.24000e+02
6046 -2.23000e+02
6060 -2.22000e+02
6074 -2.21000e+02
6120 -2.20000e+02
6166 -2.19000e+02
6307 -2.18000e+02
6423 -2.17000e+02
6476 -2.16000e+02
6487 -2.15000e+02
6569 -2.14000e+02
6608 -2.13000e+02
6655 -2.12000e+02
6659 -2.11000e+02
6731 -2.10000e+02
6827 -2.09000e+02
6890 -2.08000e+02
6913 -2.07000e+02
6965 -2.06000e+02
7021 -2.05000e+02
7065 -2.04000e+02
7113 -2.03000e+02
7206 -2.02000e+02
7439 -2.01000e+02
7501 -2.00000e+02
7596 -1.99000e+02
7641 -1.98000e+02
7670 -1.97000e+02
7702 -1.96000e+02
7748 -1.95000e+02
7773 -1.94000e+02
7801 -1.93000e+02
7837 -1.92000e+02
7921 -1.91000e+02
7983 -1.90000e+02
8059 -1.89000e+02
8105 -1.88000e+02
8208 -1.87000e+02
8274 -1.86000e+02
8372 -1.85000e+02
8414 -1.84000e+02
8453 -1.83000e+02
8506 -1.82000e+02
8592 -1.81000e+02
8626 -1.80000e+02
8650 -1.79000e+02
8682 -1.78000e+02
8705 -1.77000e+02
8807 -1.76000e+02
8915 -1.75000e+02
8976 -1.74000e+02
9019 -1.73000e+02
9113 -1.72000e+02
9134 -1.71000e+02
9162 -1.70000e+02
9329 -1.69000e+02
9446 -1.68000e+02
9531 -1.67000e+02
9542 -1.66000e+02
9649 -1.65000e+02
9721 -1.64000e+02
9811 -1.63000e+02
9884 -1.62000e+02
9948 -1.61000e+02
9981 -1.61000e+02
"function evaluation" "best-so-far f(x)"
1 -3.53000e+02
16 -3.52000e+02
43 -3.51000e+02
65 -3.50000e+02
66 -3.49000e+02
69 -3.48000e+02
111 -3.47000e+02
133 -3.46000e+02
190 -3.45000e+02
242 -3.44000e+02
288 -3.43000e+02
320 -3.42000e+02
349 -3.41000e+02
385 -3.40000e+02
406 -3.39000e+02
441 -3.38000e+02
494 -3.37000e+02
497 -3.36000e+02
592 -3.35000e+02
605 -3.34000e+02
730 -3.33000e+02
763 -3.32000e+02
886 -3.31000e+02
965 -3.30000e+02
1029 -3.29000e+02
1142 -3.28000e+02
1236 -3.27000e+02
1284 -3.26000e+02
1320 -3.25000e+02
1331 -3.24000e+02
1351 -3.23000e+02
1409 -3.22000e+02
1496 -3.21000e+02
1543 -3.20000e+02
1571 -3.19000e+02
1737 -3.18000e+02
1808 -3.17000e+02
1849 -3.16000e+02
1880 -3.15000e+02
1937 -3.14000e+02
1979 -3.13000e+02
2012 -3.12000e+02
2095 -3.11000e+02
2114 -3.10000e+02
2193 -3.09000e+02
2229 -3.08000e+02
2244 -3.07000e+02
2377 -3.06000e+02
2398 -3.05000e+02
2417 -3.04000e+02
2477 -3.03000e+02
2534 -3.02000e+02
2563 -3.01000e+02
2624 -3.00000e+02
2773 -2.99000e+02
2857 -2.97000e+02
2928 -2.96000e+02
2938 -2.95000e+02
3004 -2.94000e+02
3040 -2.93000e+02
3059 -2.92000e+02
3212 -2.91000e+02
3339 -2.89000e+02
3365 -2.88000e+02
3391 -2.87000e+02
3467 -2.86000e+02
3557 -2.85000e+02
3633 -2.84000e+02
3698 -2.83000e+02
3720 -2.82000e+02
3739 -2.81000e+02
3811 -2.80000e+02
3904 -2.79000e+02
3939 -2.78000e+02
3955 -2.77000e+02
4014 -2.76000e+02
4052 -2.75000e+02
4073 -2.74000e+02
4107 -2.73000e+02
4148 -2.72000e+02
4251 -2.71000e+02
4290 -2.70000e+02
4307 -2.69000e+02
4346 -2.67000e+02
4406 -2.66000e+02
4421 -2.65000e+02
4435 -2.64000e+02
4505 -2.63000e+02
4547 -2.62000e+02
4564 -2.61000e+02
4587 -2.60000e+02
4649 -2.59000e+02
4841 -2.58000e+02
4872 -2.57000e+02
5077 -2.56000e+02
5138 -2.55000e+02
5186 -2.54000e+02
5220 -2.53000e+02
5229 -2.52000e+02
5305 -2.51000e+02
5392 -2.50000e+02
5444 -2.49000e+02
5500 -2.48000e+02
5524 -2.47000e+02
5694 -2.46000e+02
5816 -2.45000e+02
5824 -2.44000e+02
5864 -2.43000e+02
5885 -2.42000e+02
5964 -2.41000e+02
6044 -2.40000e+02
6069 -2.39000e+02
6070 -2.38000e+02
6083 -2.37000e+02
6115 -2.36000e+02
6144 -2.35000e+02
6168 -2.34000e+02
6233 -2.33000e+02
6285 -2.32000e+02
6402 -2.31000e+02
6528 -2.30000e+02
6572 -2.29000e+02
6661 -2.28000e+02
6720 -2.27000e+02
6838 -2.26000e+02
6914 -2.25000e+02
6972 -2.24000e+02
6992 -2.23000e+02
7078 -2.22000e+02
7252 -2.21000e+02
7292 -2.20000e+02
7340 -2.19000e+02
7342 -2.18000e+02
7367 -2.17000e+02
7450 -2.16000e+02
7509 -2.15000e+02
7522 -2.14000e+02
7575 -2.13000e+02
7615 -2.12000e+02
7772 -2.11000e+02
7824 -2.10000e+02
8003 -2.09000e+02
8030 -2.08000e+02
8164 -2.07000e+02
8266 -2.06000e+02
8276 -2.05000e+02
8346 -2.04000e+02
8453 -2.03000e+02
8660 -2.02000e+02
8724 -2.01000e+02
8788 -2.00000e+02
8801 -1.99000e+02
8827 -1.98000e+02
8908 -1.97000e+02
8930 -1.96000e+02
8964 -1.95000e+02
9014 -1.94000e+02
9165 -1.93000e+02
9245 -1.92000e+02
9261 -1.91000e+02
9268 -1.90000e+02
9325 -1.89000e+02
9480 -1.88000e+02
9532 -1.87000e+02
9646 -1.86000e+02
9812 -1.85000e+02
9860 -1.84000e+02
9878 -1.83000e+02
9932 -1.82000e+02
9981 -1.82000e+02
"function evaluation" "best-so-far f(x)"
1 -3.53000e+02
2 -3.52000e+02
62 -3.51000e+02
90 -3.50000e+02
124 -3.49000e+02
231 -3.48000e+02
361 -3.47000e+02
390 -3.45000e+02
451 -3.44000e+02
513 -3.43000e+02
543 -3.42000e+02
603 -3.41000e+02
614 -3.40000e+02
655 -3.38000e+02
684 -3.37000e+02
777 -3.36000e+02
806 -3.35000e+02
829 -3.34000e+02
869 -3.33000e+02
938 -3.32000e+02
1049 -3.31000e+02
1063 -3.30000e+02
1120 -3.29000e+02
1204 -3.28000e+02
1219 -3.27000e+02
1229 -3.26000e+02
1326 -3.25000e+02
1412 -3.24000e+02
1504 -3.23000e+02
1539 -3.21000e+02
1643 -3.20000e+02
1724 -3.19000e+02
1726 -3.18000e+02
1747 -3.17000e+02
1787 -3.16000e+02
1839 -3.15000e+02
1872 -3.14000e+02
1913 -3.13000e+02
1936 -3.12000e+02
2017 -3.11000e+02
2147 -3.10000e+02
2215 -3.09000e+02
2285 -3.08000e+02
2381 -3.07000e+02
2409 -3.06000e+02
2428 -3.05000e+02
2466 -3.04000e+02
2519 -3.03000e+02
2564 -3.02000e+02
2616 -3.01000e+02
2630 -3.00000e+02
2668 -2.99000e+02
2787 -2.98000e+02
2794 -2.97000e+02
2818 -2.96000e+02
2848 -2.95000e+02
2964 -2.94000e+02
3017 -2.93000e+02
3096 -2.92000e+02
3127 -2.91000e+02
3163 -2.90000e+02
3237 -2.89000e+02
3404 -2.87000e+02
3473 -2.85000e+02
3503 -2.84000e+02
3528 -2.83000e+02
3540 -2.82000e+02
3551 -2.81000e+02
3561 -2.80000e+02
3583 -2.79000e+02
3631 -2.78000e+02
3697 -2.77000e+02
3765 -2.76000e+02
3775 -2.75000e+02
3812 -2.74000e+02
3839 -2.73000e+02
3856 -2.72000e+02
3954 -2.71000e+02
3982 -2.70000e+02
4137 -2.69000e+02
4182 -2.68000e+02
4235 -2.67000e+02
4269 -2.66000e+02
4282 -2.65000e+02
4375 -2.64000e+02
4403 -2.62000e+02
4440 -2.61000e+02
4478 -2.60000e+02
4538 -2.59000e+02
4563 -2.58000e+02
4624 -2.57000e+02
4637 -2.56000e+02
4651 -2.55000e+02
4672 -2.54000e+02
4726 -2.53000e+02
4750 -2.52000e+02
4782 -2.51000e+02
4941 -2.50000e+02
4999 -2.49000e+02
5035 -2.48000e+02
5100 -2.47000e+02
5195 -2.46000e+02
5255 -2.44000e+02
5355 -2.43000e+02
5436 -2.42000e+02
5578 -2.41000e+02
5626 -2.40000e+02
5653 -2.39000e+02
5689 -2.38000e+02
5738 -2.37000e+02
5863 -2.36000e+02
5903 -2.35000e+02
5905 -2.34000e+02
6065 -2.33000e+02
6163 -2.32000e+02
6244 -2.31000e+02
6269 -2.30000e+02
6378 -2.29000e+02
6387 -2.28000e+02
6430 -2.27000e+02
6481 -2.26000e+02
6499 -2.25000e+02
6630 -2.24000e+02
6745 -2.23000e+02
6793 -2.22000e+02
6825 -2.21000e+02
6862 -2.20000e+02
6876 -2.19000e+02
6919 -2.18000e+02
6988 -2.17000e+02
7125 -2.16000e+02
7211 -2.15000e+02
7264 -2.14000e+02
7347 -2.12000e+02
7386 -2.11000e+02
7584 -2.10000e+02
7595 -2.09000e+02
7685 -2.08000e+02
7699 -2.07000e+02
7763 -2.06000e+02
7978 -2.05000e+02
8050 -2.04000e+02
8054 -2.03000e+02
8064 -2.02000e+02
8189 -2.01000e+02
8223 -2.00000e+02
8273 -1.99000e+02
8284 -1.98000e+02
8319 -1.97000e+02
8370 -1.96000e+02
8393 -1.95000e+02
8454 -1.94000e+02
8516 -1.93000e+02
8627 -1.92000e+02
8754 -1.91000e+02
8797 -1.90000e+02
8914 -1.89000e+02
9066 -1.88000e+02
9155 -1.87000e+02
9190 -1.86000e+02
9213 -1.85000e+02
9315 -1.83000e+02
9329 -1.82000e+02
9394 -1.81000e+02
9449 -1.80000e+02
9524 -1.79000e+02
9593 -1.78000e+02
9610 -1.77000e+02
9636 -1.76000e+02
9864 -1.75000e+02
9929 -1.74000e+02
9981 -1.74000e+02
"function evaluation" "best-so-far f(x)"
1 -3.53000e+02
23 -3.52000e+02
62 -3.50000e+02
141 -3.49000e+02
160 -3.48000e+02
294 -3.47000e+02
316 -3.46000e+02
388 -3.45000e+02
427 -3.44000e+02
445 -3.43000e+02
451 -3.42000e+02
486 -3.41000e+02
550 -3.40000e+02
595 -3.39000e+02
651 -3.38000e+02
691 -3.37000e+02
732 -3.36000e+02
734 -3.35000e+02
766 -3.34000e+02
817 -3.33000e+02
843 -3.32000e+02
849 -3.31000e+02
904 -3.30000e+02
948 -3.29000e+02
983 -3.28000e+02
1050 -3.27000e+02
1074 -3.26000e+02
1120 -3.25000e+02
1160 -3.24000e+02
1191 -3.23000e+02
1304 -3.22000e+02
1372 -3.21000e+02
1421 -3.20000e+02
1502 -3.19000e+02
1544 -3.18000e+02
1638 -3.17000e+02
1652 -3.16000e+02
1716 -3.15000e+02
1759 -3.14000e+02
1782 -3.12000e+02
1783 -3.11000e+02
1837 -3.10000e+02
1894 -3.08000e+02
1934 -3.07000e+02
2012 -3.06000e+02
2027 -3.05000e+02
2061 -3.04000e+02
2075 -3.03000e+02
2122 -3.02000e+02
2230 -3.01000e+02
2273 -3.00000e+02
2334 -2.99000e+02
2387 -2.98000e+02
2437 -2.97000e+02
2495 -2.96000e+02
2615 -2.95000e+02
2690 -2.94000e+02
2735 -2.93000e+02
2765 -2.92000e+02
2851 -2.91000e+02
2915 -2.90000e+02
2921 -2.89000e+02
2985 -2.88000e+02
3034 -2.87000e+02
3070 -2.86000e+02
3123 -2.85000e+02
3140 -2.84000e+02
3163 -2.83000e+02
3179 -2.82000e+02
3190 -2.81000e+02
3270 -2.80000e+02
3346 -2.79000e+02
3514 -2.78000e+02
3584 -2.77000e+02
3633 -2.75000e+02
3652 -2.74000e+02
3700 -2.73000e+02
3726 -2.71000e+02
3778 -2.70000e+02
3813 -2.69000e+02
3837 -2.68000e+02
3863 -2.67000e+02
3916 -2.66000e+02
3964 -2.65000e+02
4014 -2.64000e+02
4049 -2.63000e+02
4084 -2.62000e+02
4177 -2.61000e+02
4239 -2.60000e+02
4287 -2.59000e+02
4315 -2.58000e+02
4393 -2.57000e+02
4454 -2.56000e+02
4470 -2.55000e+02
4482 -2.54000e+02
4539 -2.53000e+02
4618 -2.52000e+02
4629 -2.51000e+02
4710 -2.50000e+02
4735 -2.49000e+02
4858 -2.48000e+02
4905 -2.47000e+02
4969 -2.46000e+02
4975 -2.45000e+02
5046 -2.44000e+02
5076 -2.43000e+02
5141 -2.42000e+02
5207 -2.41000e+02
5240 -2.40000e+02
5387 -2.39000e+02
5462 -2.38000e+02
5466 -2.37000e+02
5477 -2.36000e+02
5532 -2.35000e+02
5585 -2.34000e+02
5619 -2.33000e+02
5655 -2.32000e+02
5671 -2.31000e+02
5734 -2.30000e+02
5819 -2.29000e+02
5885 -2.28000e+02
5918 -2.27000e+02
5955 -2.26000e+02
6062 -2.25000e+02
6102 -2.24000e+02
6197 -2.23000e+02
6277 -2.22000e+02
6324 -2.21000e+02
6340 -2.20000e+02
6486 -2.19000e+02
6600 -2.18000e+02
6652 -2.17000e+02
6699 -2.16000e+02
6714 -2.15000e+02
6741 -2.14000e+02
6766 -2.13000e+02
6802 -2.12000e+02
7011 -2.11000e+02
7033 -2.10000e+02
7191 -2.09000e+02
7266 -2.08000e+02
7329 -2.07000e+02
7479 -2.06000e+02
7558 -2.05000e+02
7642 -2.04000e+02
7823 -2.03000e+02
7875 -2.02000e+02
7941 -2.01000e+02
8092 -2.00000e+02
8145 -1.99000e+02
8216 -1.98000e+02
8280 -1.97000e+02
8373 -1.96000e+02
8402 -1.95000e+02
8476 -1.94000e+02
8524 -1.93000e+02
8583 -1.92000e+02
8643 -1.91000e+02
8754 -1.89000e+02
8875 -1.88000e+02
8981 -1.87000e+02
9014 -1.86000e+02
9078 -1.85000e+02
9140 -1.84000e+02
9191 -1.83000e+02
9274 -1.82000e+02
9330 -1.80000e+02
9444 -1.79000e+02
9540 -1.78000e+02
9542 -1.77000e+02
9593 -1.76000e+02
9670 -1.75000e+02
9746 -1.74000e+02
9835 -1.73000e+02
9888 -1.72000e+02
9920 -1.71000e+02
9948 -1.70000e+02
9981 -1.70000e+02
"function evaluation" "best-so-far f(x)"
1 -3.53000e+02
2 -3.52000e+02
12 -3.51000e+02
35 -3.50000e+02
94 -3.49000e+02
214 -3.48000e+02
280 -3.47000e+02
284 -3.46000e+02
308 -3.45000e+02
340 -3.44000e+02
357 -3.43000e+02
404 -3.42000e+02
477 -3.41000e+02
548 -3.40000e+02
617 -3.39000e+02
630 -3.38000e+02
736 -3.37000e+02
799 -3.36000e+02
859 -3.35000e+02
913 -3.34000e+02
957 -3.33000e+02
1016 -3.32000e+02
1072 -3.31000e+02
1110 -3.30000e+02
1141 -3.29000e+02
1213 -3.28000e+02
1314 -3.27000e+02
1399 -3.26000e+02
1471 -3.25000e+02
1582 -3.24000e+02
1664 -3.23000e+02
1804 -3.22000e+02
1850 -3.21000e+02
1950 -3.20000e+02
2007 -3.19000e+02
2046 -3.18000e+02
2083 -3.17000e+02
2107 -3.16000e+02
2181 -3.15000e+02
2232 -3.14000e+02
2278 -3.13000e+02
2307 -3.12000e+02
2339 -3.11000e+02
2399 -3.10000e+02
2450 -3.09000e+02
2547 -3.08000e+02
2630 -3.07000e+02
2651 -3.06000e+02
2693 -3.05000e+02
2718 -3.04000e+02
2729 -3.03000e+02
2789 -3.02000e+02
2840 -3.01000e+02
2952 -3.00000e+02
2977 -2.99000e+02
3015 -2.98000e+02
3046 -2.97000e+02
3187 -2.95000e+02
3270 -2.94000e+02
3287 -2.93000e+02
3347 -2.92000e+02
3469 -2.90000e+02
3523 -2.89000e+02
3610 -2.88000e+02
3625 -2.87000e+02
3697 -2.86000e+02
3730 -2.85000e+02
3732 -2.84000e+02
3763 -2.83000e+02
3778 -2.82000e+02
3793 -2.81000e+02
3817 -2.80000e+02
3938 -2.79000e+02
3980 -2.78000e+02
4026 -2.77000e+02
4108 -2.76000e+02
4197 -2.75000e+02
4286 -2.74000e+02
4349 -2.73000e+02
4390 -2.72000e+02
4412 -2.71000e+02
4459 -2.70000e+02
4495 -2.69000e+02
4512 -2.68000e+02
4576 -2.67000e+02
4589 -2.66000e+02
4638 -2.65000e+02
4824 -2.64000e+02
4958 -2.63000e+02
4991 -2.62000e+02
5054 -2.61000e+02
5084 -2.60000e+02
5148 -2.59000e+02
5212 -2.58000e+02
5313 -2.57000e+02
5336 -2.56000e+02
5347 -2.55000e+02
5378 -2.54000e+02
5411 -2.53000e+02
5445 -2.52000e+02
5480 -2.51000e+02
5507 -2.50000e+02
5584 -2.49000e+02
5722 -2.48000e+02
5741 -2.47000e+02
5771 -2.46000e+02
5790 -2.45000e+02
5818 -2.44000e+02
5901 -2.43000e+02
5949 -2.42000e+02
6005 -2.41000e+02
6033 -2.40000e+02
6080 -2.39000e+02
6180 -2.38000e+02
6204 -2.37000e+02
6238 -2.36000e+02
6278 -2.35000e+02
6394 -2.34000e+02
6427 -2.33000e+02
6494 -2.32000e+02
6552 -2.31000e+02
6578 -2.30000e+02
6604 -2.29000e+02
6639 -2.28000e+02
6670 -2.27000e+02
6716 -2.26000e+02
6733 -2.25000e+02
6775 -2.24000e+02
6954 -2.23000e+02
7050 -2.22000e+02
7172 -2.21000e+02
7226 -2.20000e+02
7364 -2.19000e+02
7373 -2.18000e+02
7442 -2.17000e+02
7526 -2.16000e+02
7639 -2.15000e+02
7784 -2.14000e+02
7791 -2.13000e+02
7852 -2.12000e+02
7892 -2.11000e+02
7936 -2.10000e+02
8026 -2.09000e+02
8068 -2.08000e+02
8096 -2.07000e+02
8104 -2.06000e+02
8142 -2.05000e+02
8172 -2.04000e+02
8238 -2.03000e+02
8314 -2.02000e+02
8364 -2.01000e+02
8452 -2.00000e+02
8509 -1.99000e+02
8548 -1.98000e+02
8605 -1.97000e+02
8662 -1.96000e+02
8718 -1.95000e+02
8849 -1.94000e+02
8879 -1.93000e+02
8884 -1.92000e+02
8943 -1.91000e+02
8951 -1.90000e+02
9006 -1.89000e+02
9039 -1.88000e+02
9096 -1.87000e+02
9120 -1.86000e+02
9188 -1.85000e+02
9242 -1.84000e+02
9347 -1.83000e+02
9380 -1.82000e+02
9460 -1.81000e+02
9493 -1.80000e+02
9532 -1.79000e+02
9683 -1.78000e+02
9855 -1.77000e+02
9901 -1.76000e+02
9981 -1.76000e+02
"function evaluation" "best-so-far f(x)"
1 -3.53000e+02
47 -3.52000e+02
86 -3.51000e+02
101 -3.50000e+02
119 -3.49000e+02
141 -3.48000e+02
142 -3.47000e+02
175 -3.45000e+02
208 -3.44000e+02
265 -3.43000e+02
284 -3.42000e+02
316 -3.41000e+02
456 -3.40000e+02
488 -3.39000e+02
570 -3.38000e+02
620 -3.37000e+02
644 -3.36000e+02
676 -3.35000e+02
728 -3.34000e+02
772 -3.33000e+02
786 -3.32000e+02
914 -3.31000e+02
954 -3.30000e+02
973 -3.29000e+02
1016 -3.28000e+02
1051 -3.27000e+02
1109 -3.26000e+02
1121 -3.25000e+02
1170 -3.23000e+02
1189 -3.22000e+02
1227 -3.21000e+02
1281 -3.20000e+02
1317 -3.19000e+02
1336 -3.18000e+02
1371 -3.17000e+02
1416 -3.16000e+02
1461 -3.15000e+02
1513 -3.14000e+02
1555 -3.13000e+02
1616 -3.12000e+02
1656 -3.11000e+02
1668 -3.10000e+02
1705 -3.09000e+02
1826 -3.08000e+02
1864 -3.07000e+02
1932 -3.06000e+02
2054 -3.05000e+02
2209 -3.04000e+02
2246 -3.03000e+02
2316 -3.02000e+02
2387 -3.01000e+02
2478 -3.00000e+02
2519 -2.99000e+02
2527 -2.98000e+02
2578 -2.97000e+02
2600 -2.96000e+02
2695 -2.95000e+02
2701 -2.94000e+02
2785 -2.93000e+02
2833 -2.92000e+02
2844 -2.90000e+02
2926 -2.89000e+02
3051 -2.88000e+02
3077 -2.87000e+02
3175 -2.86000e+02
3176 -2.85000e+02
3193 -2.84000e+02
3203 -2.83000e+02
3303 -2.81000e+02
3345 -2.80000e+02
3434 -2.79000e+02
3439 -2.78000e+02
3474 -2.77000e+02
3535 -2.76000e+02
3548 -2.74000e+02
3611 -2.73000e+02
3630 -2.72000e+02
3641 -2.71000e+02
3689 -2.70000e+02
3775 -2.69000e+02
3823 -2.68000e+02
3979 -2.67000e+02
4048 -2.66000e+02
4129 -2.65000e+02
4136 -2.64000e+02
4242 -2.63000e+02
4318 -2.62000e+02
4340 -2.61000e+02
4368 -2.60000e+02
4411 -2.59000e+02
4493 -2.58000e+02
4534 -2.57000e+02
4576 -2.56000e+02
4640 -2.55000e+02
4679 -2.54000e+02
4719 -2.53000e+02
4780 -2.52000e+02
4831 -2.51000e+02
4860 -2.50000e+02
4912 -2.49000e+02
4964 -2.48000e+02
5003 -2.47000e+02
5016 -2.46000e+02
5072 -2.45000e+02
5089 -2.44000e+02
5090 -2.43000e+02
5156 -2.42000e+02
5289 -2.41000e+02
5359 -2.40000e+02
5416 -2.39000e+02
5471 -2.38000e+02
5530 -2.37000e+02
5586 -2.36000e+02
5640 -2.35000e+02
5693 -2.34000e+02
5738 -2.33000e+02
5800 -2.32000e+02
5952 -2.31000e+02
5970 -2.30000e+02
5992 -2.29000e+02
6001 -2.27000e+02
6126 -2.26000e+02
6152 -2.25000e+02
6216 -2.24000e+02
6341 -2.23000e+02
6359 -2.22000e+02
6493 -2.21000e+02
6557 -2.20000e+02
6620 -2.19000e+02
6667 -2.18000e+02
6686 -2.17000e+02
6806 -2.16000e+02
6868 -2.15000e+02
6953 -2.14000e+02
7103 -2.13000e+02
7227 -2.12000e+02
7255 -2.11000e+02
7295 -2.10000e+02
7415 -2.09000e+02
7463 -2.08000e+02
7510 -2.07000e+02
7622 -2.06000e+02
7649 -2.05000e+02
7761 -2.04000e+02
7887 -2.03000e+02
7926 -2.02000e+02
7962 -2.01000e+02
7974 -2.00000e+02
7997 -1.99000e+02
8149 -1.98000e+02
8166 -1.97000e+02
8176 -1.96000e+02
8208 -1.95000e+02
8269 -1.94000e+02
8294 -1.93000e+02
8389 -1.92000e+02
8391 -1.91000e+02
8453 -1.90000e+02
8521 -1.89000e+02
8624 -1.88000e+02
8708 -1.87000e+02
8730 -1.86000e+02
8788 -1.85000e+02
8844 -1.84000e+02
8959 -1.83000e+02
9010 -1.82000e+02
9131 -1.81000e+02
9153 -1.80000e+02
9232 -1.79000e+02
9270 -1.78000e+02
9283 -1.77000e+02
9315 -1.76000e+02
9331 -1.75000e+02
9344 -1.74000e+02
9374 -1.73000e+02
9407 -1.72000e+02
9446 -1.71000e+02
9509 -1.70000e+02
9551 -1.69000e+02
9575 -1.68000e+02
9650 -1.67000e+02
9793 -1.66000e+02
9844 -1.65000e+02
9957 -1.64000e+02
9981 -1.64000e+02
"function evaluation" "best-so-far f(x)"
1 -3.53000e+02
8 -3.52000e+02
87 -3.51000e+02
111 -3.50000e+02
142 -3.49000e+02
197 -3.47000e+02
200 -3.46000e+02
234 -3.45000e+02
263 -3.44000e+02
320 -3.43000e+02
339 -3.42000e+02
372 -3.41000e+02
419 -3.40000e+02
463 -3.39000e+02
505 -3.38000e+02
639 -3.37000e+02
654 -3.36000e+02
687 -3.35000e+02
758 -3.34000e+02
888 -3.33000e+02
942 -3.32000e+02
1017 -3.31000e+02
1143 -3.30000e+02
1159 -3.29000e+02
1199 -3.28000e+02
1262 -3.27000e+02
1362 -3.26000e+02
1414 -3.25000e+02
1435 -3.24000e+02
1450 -3.23000e+02
1491 -3.22000e+02
1516 -3.21000e+02
1574 -3.20000e+02
1641 -3.19000e+02
1652 -3.18000e+02
1700 -3.17000e+02
1725 -3.16000e+02
1832 -3.15000e+02
1890 -3.14000e+02
1949 -3.13000e+02
2031 -3.12000e+02
2107 -3.11000e+02
2156 -3.10000e+02
2198 -3.09000e+02
2236 -3.08000e+02
2312 -3.07000e+02
2345 -3.06000e+02
2388 -3.05000e+02
2459 -3.04000e+02
2488 -3.03000e+02
2523 -3.01000e+02
2643 -3.00000e+02
2743 -2.99000e+02
2768 -2.98000e+02
2812 -2.97000e+02
2908 -2.96000e+02
2959 -2.95000e+02
2991 -2.94000e+02
2998 -2.93000e+02
3047 -2.92000e+02
3073 -2.91000e+02
3127 -2.90000e+02
3185 -2.88000e+02
3274 -2.87000e+02
3367 -2.86000e+02
3382 -2.85000e+02
3407 -2.84000e+02
3437 -2.83000e+02
3475 -2.82000e+02
3509 -2.81000e+02
3548 -2.80000e+02
3587 -2.79000e+02
3634 -2.78000e+02
3666 -2.77000e+02
3701 -2.76000e+02
3741 -2.75000e+02
3794 -2.73000e+02
3838 -2.72000e+02
3879 -2.71000e+02
3908 -2.70000e+02
3942 -2.69000e+02
3949 -2.68000e+02
3965 -2.67000e+02
4078 -2.66000e+02
4129 -2.65000e+02
4160 -2.64000e+02
4313 -2.63000e+02
4345 -2.62000e+02
4356 -2.61000e+02
4436 -2.60000e+02
4498 -2.59000e+02
4532 -2.58000e+02
4540 -2.57000e+02
4585 -2.56000e+02
4650 -2.55000e+02
4736 -2.54000e+02
4765 -2.53000e+02
4841 -2.51000e+02
4920 -2.50000e+02
4949 -2.49000e+02
4985 -2.48000e+02
5071 -2.47000e+02
5108 -2.46000e+02
5154 -2.45000e+02
5191 -2.44000e+02
5262 -2.43000e+02
5293 -2.42000e+02
5315 -2.41000e+02
5422 -2.40000e+02
5579 -2.39000e+02
5604 -2.38000e+02
5632 -2.37000e+02
5656 -2.36000e+02
5781 -2.35000e+02
5816 -2.34000e+02
5843 -2.33000e+02
5846 -2.32000e+02
5879 -2.31000e+02
5950 -2.30000e+02
6022 -2.29000e+02
6064 -2.28000e+02
6112 -2.27000e+02
6170 -2.26000e+02
6297 -2.25000e+02
6355 -2.24000e+02
6393 -2.23000e+02
6418 -2.22000e+02
6441 -2.21000e+02
6459 -2.20000e+02
6522 -2.19000e+02
6566 -2.18000e+02
6599 -2.17000e+02
6641 -2.16000e+02
6735 -2.15000e+02
6804 -2.14000e+02
6914 -2.13000e+02
6938 -2.12000e+02
6998 -2.11000e+02
7031 -2.10000e+02
7047 -2.09000e+02
7065 -2.08000e+02
7176 -2.07000e+02
7179 -2.06000e+02
7226 -2.05000e+02
7262 -2.04000e+02
7301 -2.03000e+02
7348 -2.02000e+02
7390 -2.01000e+02
7435 -2.00000e+02
7502 -1.99000e+02
7610 -1.98000e+02
7638 -1.97000e+02
7640 -1.96000e+02
7697 -1.95000e+02
7794 -1.94000e+02
7806 -1.93000e+02
7917 -1.92000e+02
7946 -1.91000e+02
7999 -1.90000e+02
8212 -1.89000e+02
8243 -1.88000e+02
8267 -1.87000e+02
8331 -1.86000e+02
8428 -1.85000e+02
8462 -1.84000e+02
8470 -1.83000e+02
8579 -1.82000e+02
8647 -1.81000e+02
8674 -1.80000e+02
8803 -1.79000e+02
8873 -1.78000e+02
9007 -1.77000e+02
9031 -1.76000e+02
9065 -1.75000e+02
9100 -1.74000e+02
9206 -1.73000e+02
9292 -1.72000e+02
9372 -1.71000e+02
9406 -1.70000e+02
9561 -1.69000e+02
9616 -1.68000e+02
9676 -1.67000e+02
9755 -1.66000e+02
9852 -1.65000e+02
9898 -1.64000e+02
9963 -1.63000e+02
9981 -1.63000e+02
"function evaluation" "best-so-far f(x)"
1 -3.53000e+02
3 -3.52000e+02
55 -3.51000e+02
88 -3.50000e+02
110 -3.49000e+02
151 -3.48000e+02
163 -3.47000e+02
164 -3.46000e+02
222 -3.45000e+02
321 -3.44000e+02
371 -3.43000e+02
400 -3.42000e+02
453 -3.41000e+02
547 -3.40000e+02
593 -3.39000e+02
624 -3.38000e+02
656 -3.37000e+02
690 -3.36000e+02
775 -3.35000e+02
852 -3.34000e+02
960 -3.33000e+02
985 -3.32000e+02
1085 -3.31000e+02
1123 -3.30000e+02
1134 -3.29000e+02
1225 -3.28000e+02
1304 -3.27000e+02
1309 -3.26000e+02
1386 -3.25000e+02
1429 -3.24000e+02
1451 -3.23000e+02
1521 -3.22000e+02
1647 -3.21000e+02
1679 -3.20000e+02
1773 -3.19000e+02
1789 -3.18000e+02
1813 -3.17000e+02
1880 -3.16000e+02
1910 -3.15000e+02
1937 -3.14000e+02
2021 -3.13000e+02
2056 -3.12000e+02
2139 -3.11000e+02
2201 -3.10000e+02
2244 -3.09000e+02
2254 -3.08000e+02
2295 -3.07000e+02
2341 -3.06000e+02
2411 -3.05000e+02
2463 -3.04000e+02
2468 -3.03000e+02
2506 -3.02000e+02
2541 -3.01000e+02
2579 -3.00000e+02
2598 -2.98000e+02
2624 -2.96000e+02
2698 -2.95000e+02
2734 -2.94000e+02
2754 -2.93000e+02
2802 -2.92000e+02
2818 -2.91000e+02
2819 -2.90000e+02
2882 -2.89000e+02
2909 -2.88000e+02
2945 -2.87000e+02
3013 -2.86000e+02
3039 -2.85000e+02
3153 -2.84000e+02
3180 -2.83000e+02
3213 -2.82000e+02
3261 -2.81000e+02
3347 -2.80000e+02
3380 -2.79000e+02
3388 -2.78000e+02
3433 -2.77000e+02
3478 -2.76000e+02
3506 -2.75000e+02
3563 -2.74000e+02
3585 -2.73000e+02
3624 -2.72000e+02
3671 -2.71000e+02
3687 -2.70000e+02
3791 -2.69000e+02
3902 -2.68000e+02
3957 -2.67000e+02
3992 -2.66000e+02
4070 -2.65000e+02
4176 -2.64000e+02
4240 -2.63000e+02
4250 -2.62000e+02
4467 -2.61000e+02
4483 -2.60000e+02
4495 -2.59000e+02
4545 -2.58000e+02
4617 -2.57000e+02
4686 -2.56000e+02
4782 -2.55000e+02
4831 -2.54000e+02
4869 -2.53000e+02
4876 -2.52000e+02
4903 -2.51000e+02
4914 -2.50000e+02
5146 -2.48000e+02
5199 -2.46000e+02
5318 -2.45000e+02
5344 -2.44000e+02
5433 -2.43000e+02
5485 -2.42000e+02
5550 -2.41000e+02
5556 -2.40000e+02
5560 -2.39000e+02
5583 -2.38000e+02
5670 -2.37000e+02
5746 -2.36000e+02
5754 -2.35000e+02
5852 -2.34000e+02
5868 -2.33000e+02
5912 -2.32000e+02
6133 -2.31000e+02
6199 -2.30000e+02
6227 -2.29000e+02
6264 -2.28000e+02
6293 -2.27000e+02
6302 -2.26000e+02
6439 -2.25000e+02
6542 -2.23000e+02
6578 -2.22000e+02
6627 -2.21000e+02
6653 -2.20000e+02
6699 -2.19000e+02
6797 -2.18000e+02
6859 -2.17000e+02
6939 -2.16000e+02
6982 -2.15000e+02
7003 -2.14000e+02
7029 -2.13000e+02
7104 -2.12000e+02
7164 -2.11000e+02
7230 -2.10000e+02
7259 -2.09000e+02
7372 -2.08000e+02
7472 -2.07000e+02
7498 -2.06000e+02
7556 -2.05000e+02
7575 -2.04000e+02
7655 -2.03000e+02
7707 -2.02000e+02
7821 -2.01000e+02
7875 -2.00000e+02
7899 -1.99000e+02
7953 -1.97000e+02
8002 -1.96000e+02
8047 -1.95000e+02
8087 -1.94000e+02
8102 -1.93000e+02
8128 -1.92000e+02
8176 -1.91000e+02
8220 -1.90000e+02
8246 -1.89000e+02
8373 -1.88000e+02
8421 -1.87000e+02
8574 -1.86000e+02
8770 -1.85000e+02
8932 -1.84000e+02
8960 -1.83000e+02
9017 -1.82000e+02
9146 -1.81000e+02
9245 -1.80000e+02
9359 -1.79000e+02
9430 -1.78000e+02
9473 -1.77000e+02
9482 -1.76000e+02
9513 -1.75000e+02
9529 -1.74000e+02
9574 -1.73000e+02
9637 -1.72000e+02
9648 -1.71000e+02
9717 -1.70000e+02
9762 -1.69000e+02
9981 -1.69000e+02
"function evaluation" "best-so-far f(x)"
1 -3.53000e+02
19 -3.52000e+02
48 -3.51000e+02
110 -3.50000e+02
201 -3.49000e+02
214 -3.48000e+02
228 -3.47000e+02
260 -3.46000e+02
308 -3.45000e+02
365 -3.44000e+02
396 -3.43000e+02
415 -3.42000e+02
475 -3.41000e+02
509 -3.40000e+02
555 -3.39000e+02
585 -3.38000e+02
611 -3.37000e+02
613 -3.36000e+02
636 -3.35000e+02
734 -3.34000e+02
788 -3.33000e+02
850 -3.32000e+02
864 -3.31000e+02
903 -3.30000e+02
987 -3.29000e+02
1094 -3.28000e+02
1113 -3.27000e+02
1119 -3.26000e+02
1158 -3.25000e+02
1202 -3.24000e+02
1235 -3.23000e+02
1261 -3.22000e+02
1303 -3.21000e+02
1318 -3.20000e+02
1392 -3.19000e+02
1464 -3.18000e+02
1539 -3.17000e+02
1547 -3.16000e+02
1563 -3.15000e+02
1628 -3.13000e+02
1711 -3.12000e+02
1765 -3.11000e+02
1792 -3.10000e+02
1823 -3.09000e+02
1898 -3.08000e+02
1957 -3.07000e+02
2049 -3.06000e+02
2120 -3.04000e+02
2166 -3.03000e+02
2203 -3.02000e+02
2273 -3.01000e+02
2336 -3.00000e+02
2352 -2.99000e+02
2436 -2.98000e+02
2461 -2.97000e+02
2509 -2.96000e+02
2545 -2.95000e+02
2560 -2.94000e+02
2617 -2.93000e+02
2714 -2.92000e+02
2759 -2.90000e+02
2770 -2.89000e+02
2839 -2.88000e+02
2920 -2.87000e+02
2929 -2.85000e+02
2974 -2.84000e+02
3004 -2.83000e+02
3107 -2.82000e+02
3164 -2.81000e+02
3207 -2.80000e+02
3318 -2.79000e+02
3367 -2.78000e+02
3446 -2.77000e+02
3507 -2.76000e+02
3513 -2.75000e+02
3550 -2.74000e+02
3624 -2.73000e+02
3662 -2.72000e+02
3697 -2.71000e+02
3708 -2.70000e+02
3746 -2.69000e+02
3776 -2.68000e+02
3800 -2.67000e+02
3852 -2.66000e+02
3876 -2.65000e+02
3910 -2.64000e+02
3981 -2.63000e+02
3991 -2.62000e+02
4018 -2.61000e+02
4043 -2.60000e+02
4117 -2.59000e+02
4122 -2.58000e+02
4186 -2.57000e+02
4230 -2.56000e+02
4303 -2.55000e+02
4320 -2.54000e+02
4329 -2.53000e+02
4375 -2.52000e+02
4449 -2.51000e+02
4492 -2.50000e+02
4503 -2.49000e+02
4623 -2.48000e+02
4640 -2.47000e+02
4709 -2.46000e+02
4804 -2.45000e+02
4855 -2.44000e+02
4894 -2.43000e+02
5055 -2.42000e+02
5139 -2.41000e+02
5175 -2.40000e+02
5292 -2.39000e+02
5312 -2.38000e+02
5391 -2.37000e+02
5424 -2.35000e+02
5564 -2.34000e+02
5572 -2.33000e+02
5575 -2.31000e+02
5610 -2.30000e+02
5641 -2.29000e+02
5682 -2.28000e+02
5736 -2.27000e+02
5786 -2.26000e+02
5858 -2.25000e+02
5966 -2.24000e+02
6057 -2.23000e+02
6124 -2.22000e+02
6250 -2.21000e+02
6310 -2.20000e+02
6367 -2.19000e+02
6402 -2.18000e+02
6426 -2.17000e+02
6440 -2.16000e+02
6449 -2.15000e+02
6497 -2.14000e+02
6546 -2.13000e+02
6605 -2.12000e+02
6615 -2.11000e+02
6716 -2.09000e+02
6898 -2.08000e+02
7011 -2.07000e+02
7076 -2.06000e+02
7222 -2.05000e+02
7288 -2.04000e+02
7358 -2.03000e+02
7429 -2.02000e+02
7547 -2.01000e+02
7609 -2.00000e+02
7647 -1.99000e+02
7681 -1.98000e+02
7779 -1.97000e+02
7842 -1.96000e+02
7910 -1.95000e+02
8017 -1.93000e+02
8060 -1.92000e+02
8075 -1.91000e+02
8138 -1.90000e+02
8204 -1.89000e+02
8248 -1.88000e+02
8361 -1.87000e+02
8389 -1.86000e+02
8446 -1.85000e+02
8494 -1.84000e+02
8523 -1.83000e+02
8549 -1.82000e+02
8613 -1.81000e+02
8625 -1.80000e+02
8673 -1.79000e+02
8766 -1.78000e+02
8836 -1.77000e+02
8850 -1.76000e+02
8890 -1.75000e+02
8899 -1.74000e+02
8949 -1.73000e+02
9059 -1.72000e+02
9141 -1.71000e+02
9198 -1.70000e+02
9438 -1.69000e+02
9595 -1.68000e+02
9637 -1.67000e+02
9711 -1.66000e+02
9860 -1.65000e+02
9928 -1.64000e+02
9947 -1.63000e+02
9981 -1.63000e+02
"function evaluation" "best-so-far f(x)"
1 -3.53000e+02
3 -3.52000e+02
17 -3.51000e+02
57 -3.50000e+02
124 -3.49000e+02
128 -3.48000e+02
168 -3.47000e+02
199 -3.45000e+02
249 -3.44000e+02
260 -3.43000e+02
309 -3.42000e+02
374 -3.41000e+02
407 -3.40000e+02
451 -3.39000e+02
460 -3.38000e+02
554 -3.37000e+02
570 -3.36000e+02
645 -3.35000e+02
713 -3.34000e+02
739 -3.33000e+02
859 -3.32000e+02
945 -3.31000e+02
1055 -3.30000e+02
1087 -3.29000e+02
1185 -3.28000e+02
1255 -3.27000e+02
1281 -3.26000e+02
1395 -3.25000e+02
1430 -3.24000e+02
1446 -3.22000e+02
1491 -3.21000e+02
1548 -3.20000e+02
1586 -3.19000e+02
1594 -3.18000e+02
1636 -3.17000e+02
1686 -3.16000e+02
1787 -3.15000e+02
1806 -3.14000e+02
1865 -3.12000e+02
1890 -3.11000e+02
1942 -3.10000e+02
1947 -3.09000e+02
1961 -3.08000e+02
2014 -3.07000e+02
2048 -3.06000e+02
2115 -3.05000e+02
2150 -3.04000e+02
2197 -3.03000e+02
2224 -3.02000e+02
2261 -3.01000e+02
2308 -3.00000e+02
2347 -2.99000e+02
2375 -2.98000e+02
2380 -2.97000e+02
2415 -2.96000e+02
2489 -2.95000e+02
2534 -2.94000e+02
2551 -2.93000e+02
2586 -2.92000e+02
2702 -2.91000e+02
2757 -2.90000e+02
2860 -2.89000e+02
2893 -2.88000e+02
2911 -2.87000e+02
2964 -2.86000e+02
3030 -2.85000e+02
3051 -2.84000e+02
3087 -2.83000e+02
3128 -2.82000e+02
3182 -2.81000e+02
3267 -2.80000e+02
3303 -2.79000e+02
3352 -2.78000e+02
3391 -2.77000e+02
3526 -2.76000e+02
3591 -2.75000e+02
3626 -2.74000e+02
3656 -2.73000e+02
3761 -2.72000e+02
3828 -2.71000e+02
3879 -2.70000e+02
3906 -2.69000e+02
3993 -2.68000e+02
3996 -2.67000e+02
4041 -2.66000e+02
4098 -2.65000e+02
4118 -2.64000e+02
4154 -2.63000e+02
4269 -2.62000e+02
4279 -2.61000e+02
4368 -2.60000e+02
4420 -2.59000e+02
4466 -2.58000e+02
4536 -2.57000e+02
4625 -2.56000e+02
4638 -2.54000e+02
4672 -2.53000e+02
4708 -2.52000e+02
4734 -2.51000e+02
4782 -2.50000e+02
4860 -2.49000e+02
4936 -2.48000e+02
5006 -2.47000e+02
5031 -2.46000e+02
5088 -2.45000e+02
5117 -2.44000e+02
5168 -2.43000e+02
5246 -2.42000e+02
5255 -2.41000e+02
5293 -2.40000e+02
5294 -2.39000e+02
5322 -2.38000e+02
5370 -2.37000e+02
5450 -2.36000e+02
5547 -2.34000e+02
5655 -2.33000e+02
5693 -2.32000e+02
5719 -2.31000e+02
5744 -2.30000e+02
5802 -2.29000e+02
5831 -2.28000e+02
5848 -2.27000e+02
5953 -2.26000e+02
6021 -2.25000e+02
6105 -2.24000e+02
6164 -2.23000e+02
6220 -2.22000e+02
6291 -2.21000e+02
6327 -2.20000e+02
6359 -2.19000e+02
6459 -2.18000e+02
6477 -2.17000e+02
6534 -2.16000e+02
6566 -2.15000e+02
6669 -2.14000e+02
6756 -2.13000e+02
6811 -2.12000e+02
6825 -2.11000e+02
6888 -2.10000e+02
6964 -2.09000e+02
7030 -2.08000e+02
7092 -2.07000e+02
7135 -2.06000e+02
7262 -2.05000e+02
7316 -2.04000e+02
7352 -2.03000e+02
7372 -2.02000e+02
7455 -2.01000e+02
7573 -2.00000e+02
7708 -1.99000e+02
7895 -1.98000e+02
8023 -1.97000e+02
8043 -1.95000e+02
8053 -1.94000e+02
8071 -1.93000e+02
8233 -1.92000e+02
8327 -1.91000e+02
8397 -1.90000e+02
8413 -1.89000e+02
8547 -1.88000e+02
8700 -1.87000e+02
8786 -1.86000e+02
8887 -1.85000e+02
8959 -1.84000e+02
9051 -1.83000e+02
9116 -1.82000e+02
9129 -1.81000e+02
9240 -1.80000e+02
9280 -1.79000e+02
9355 -1.78000e+02
9470 -1.77000e+02
9480 -1.76000e+02
9598 -1.75000e+02
9638 -1.74000e+02
9694 -1.73000e+02
9786 -1.72000e+02
9912 -1.71000e+02
9981 -1.71000e+02
"function evaluation" "best-so-far f(x)"
1 -3.53000e+02
17 -3.52000e+02
37 -3.51000e+02
98 -3.50000e+02
138 -3.49000e+02
231 -3.47000e+02
250 -3.46000e+02
286 -3.45000e+02
384 -3.44000e+02
460 -3.43000e+02
470 -3.42000e+02
490 -3.41000e+02
520 -3.40000e+02
556 -3.39000e+02
600 -3.38000e+02
788 -3.37000e+02
882 -3.36000e+02
907 -3.35000e+02
919 -3.34000e+02
928 -3.33000e+02
970 -3.32000e+02
1008 -3.31000e+02
1052 -3.30000e+02
1129 -3.29000e+02
1190 -3.28000e+02
1240 -3.27000e+02
1272 -3.26000e+02
1284 -3.25000e+02
1307 -3.24000e+02
1381 -3.23000e+02
1417 -3.22000e+02
1467 -3.21000e+02
1490 -3.20000e+02
1576 -3.19000e+02
1606 -3.18000e+02
1653 -3.17000e+02
1712 -3.16000e+02
1798 -3.15000e+02
1824 -3.14000e+02
1839 -3.13000e+02
1847 -3.11000e+02
1961 -3.10000e+02
1984 -3.09000e+02
2010 -3.08000e+02
2041 -3.07000e+02
2127 -3.06000e+02
2163 -3.05000e+02
2355 -3.03000e+02
2433 -3.02000e+02
2446 -3.01000e+02
2510 -3.00000e+02
2543 -2.99000e+02
2577 -2.98000e+02
2595 -2.97000e+02
2627 -2.96000e+02
2637 -2.95000e+02
2702 -2.94000e+02
2747 -2.93000e+02
2814 -2.92000e+02
2837 -2.91000e+02
2908 -2.90000e+02
2999 -2.89000e+02
3041 -2.88000e+02
3114 -2.87000e+02
3276 -2.86000e+02
3308 -2.85000e+02
3320 -2.84000e+02
3379 -2.83000e+02
3403 -2.82000e+02
3474 -2.81000e+02
3543 -2.80000e+02
3575 -2.79000e+02
3613 -2.78000e+02
3719 -2.77000e+02
3767 -2.76000e+02
3779 -2.75000e+02
3844 -2.74000e+02
3933 -2.73000e+02
3959 -2.72000e+02
4034 -2.71000e+02
4046 -2.70000e+02
4061 -2.69000e+02
4103 -2.68000e+02
4160 -2.67000e+02
4223 -2.66000e+02
4248 -2.64000e+02
4347 -2.63000e+02
4470 -2.62000e+02
4522 -2.61000e+02
4553 -2.60000e+02
4600 -2.59000e+02
4621 -2.58000e+02
4650 -2.57000e+02
4691 -2.56000e+02
4724 -2.55000e+02
4827 -2.54000e+02
4870 -2.53000e+02
5032 -2.52000e+02
5058 -2.51000e+02
5133 -2.50000e+02
5164 -2.49000e+02
5228 -2.48000e+02
5287 -2.47000e+02
5313 -2.46000e+02
5429 -2.45000e+02
5507 -2.44000e+02
5553 -2.43000e+02
5612 -2.42000e+02
5652 -2.41000e+02
5689 -2.40000e+02
5712 -2.39000e+02
5788 -2.38000e+02
5841 -2.37000e+02
5865 -2.36000e+02
5924 -2.35000e+02
5987 -2.34000e+02
6053 -2.33000e+02
6096 -2.32000e+02
6140 -2.31000e+02
6183 -2.30000e+02
6273 -2.29000e+02
6353 -2.28000e+02
6370 -2.27000e+02
6431 -2.26000e+02
6528 -2.25000e+02
6578 -2.24000e+02
6594 -2.23000e+02
6666 -2.22000e+02
6729 -2.21000e+02
6933 -2.20000e+02
7010 -2.19000e+02
7039 -2.18000e+02
7087 -2.16000e+02
7269 -2.15000e+02
7358 -2.14000e+02
7412 -2.13000e+02
7436 -2.12000e+02
7506 -2.11000e+02
7647 -2.10000e+02
7649 -2.09000e+02
7753 -2.08000e+02
7884 -2.07000e+02
7913 -2.06000e+02
7934 -2.05000e+02
7980 -2.04000e+02
8164 -2.03000e+02
8261 -2.01000e+02
8406 -2.00000e+02
8449 -1.99000e+02
8471 -1.98000e+02
8504 -1.96000e+02
8641 -1.95000e+02
8734 -1.94000e+02
8804 -1.93000e+02
8856 -1.92000e+02
9077 -1.91000e+02
9218 -1.90000e+02
9253 -1.89000e+02
9272 -1.88000e+02
9330 -1.87000e+02
9364 -1.86000e+02
9416 -1.84000e+02
9456 -1.83000e+02
9524 -1.82000e+02
9535 -1.81000e+02
9590 -1.80000e+02
9660 -1.79000e+02
9703 -1.78000e+02
9748 -1.77000e+02
9820 -1.76000e+02
9981 -1.76000e+02
"function evaluation" "best-so-far f(x)"
1 -3.53000e+02
45 -3.52000e+02
68 -3.50000e+02
117 -3.49000e+02
181 -3.48000e+02
241 -3.47000e+02
407 -3.46000e+02
412 -3.45000e+02
437 -3.44000e+02
477 -3.43000e+02
490 -3.42000e+02
519 -3.40000e+02
608 -3.39000e+02
747 -3.38000e+02
766 -3.37000e+02
837 -3.36000e+02
909 -3.35000e+02
966 -3.34000e+02
977 -3.33000e+02
1025 -3.32000e+02
1097 -3.31000e+02
1131 -3.30000e+02
1208 -3.29000e+02
1236 -3.28000e+02
1286 -3.27000e+02
1335 -3.26000e+02
1372 -3.25000e+02
1391 -3.24000e+02
1431 -3.23000e+02
1537 -3.22000e+02
1664 -3.21000e+02
1735 -3.20000e+02
1745 -3.19000e+02
1778 -3.18000e+02
1823 -3.17000e+02
1841 -3.16000e+02
1868 -3.15000e+02
1936 -3.14000e+02
1988 -3.13000e+02
1990 -3.12000e+02
2060 -3.11000e+02
2142 -3.10000e+02
2274 -3.09000e+02
2294 -3.08000e+02
2415 -3.07000e+02
2469 -3.06000e+02
2504 -3.05000e+02
2563 -3.04000e+02
2568 -3.03000e+02
2599 -3.02000e+02
2647 -3.01000e+02
2786 -3.00000e+02
2851 -2.99000e+02
2931 -2.98000e+02
2957 -2.97000e+02
2991 -2.96000e+02
3061 -2.95000e+02
3089 -2.94000e+02
3103 -2.93000e+02
3151 -2.92000e+02
3187 -2.91000e+02
3214 -2.90000e+02
3216 -2.89000e+02
3302 -2.88000e+02
3494 -2.87000e+02
3578 -2.86000e+02
3695 -2.85000e+02
3735 -2.84000e+02
3815 -2.83000e+02
3842 -2.82000e+02
3875 -2.81000e+02
3949 -2.80000e+02
3967 -2.79000e+02
4008 -2.78000e+02
4072 -2.77000e+02
4093 -2.76000e+02
4142 -2.75000e+02
4176 -2.74000e+02
4204 -2.73000e+02
4267 -2.72000e+02
4328 -2.71000e+02
4338 -2.70000e+02
4494 -2.69000e+02
4566 -2.68000e+02
4595 -2.67000e+02
4722 -2.66000e+02
4751 -2.65000e+02
4791 -2.64000e+02
4823 -2.63000e+02
5026 -2.62000e+02
5063 -2.61000e+02
5131 -2.60000e+02
5161 -2.59000e+02
5192 -2.58000e+02
5207 -2.57000e+02
5281 -2.56000e+02
5434 -2.55000e+02
5488 -2.54000e+02
5515 -2.53000e+02
5518 -2.52000e+02
5567 -2.51000e+02
5677 -2.50000e+02
5784 -2.49000e+02
5909 -2.48000e+02
6014 -2.47000e+02
6055 -2.46000e+02
6102 -2.45000e+02
6146 -2.44000e+02
6251 -2.43000e+02
6358 -2.42000e+02
6432 -2.41000e+02
6484 -2.40000e+02
6546 -2.39000e+02
6609 -2.38000e+02
6656 -2.37000e+02
6757 -2.36000e+02
6912 -2.35000e+02
6933 -2.34000e+02
6974 -2.33000e+02
7024 -2.32000e+02
7035 -2.31000e+02
7039 -2.30000e+02
7122 -2.29000e+02
7154 -2.28000e+02
7193 -2.27000e+02
7269 -2.26000e+02
7336 -2.25000e+02
7440 -2.24000e+02
7476 -2.23000e+02
7559 -2.22000e+02
7577 -2.21000e+02
7779 -2.20000e+02
7805 -2.19000e+02
7911 -2.18000e+02
7956 -2.17000e+02
8026 -2.16000e+02
8052 -2.15000e+02
8113 -2.14000e+02
8217 -2.13000e+02
8256 -2.12000e+02
8318 -2.11000e+02
8356 -2.10000e+02
8391 -2.09000e+02
8409 -2.08000e+02
8500 -2.07000e+02
8617 -2.06000e+02
8651 -2.05000e+02
8663 -2.04000e+02
8724 -2.03000e+02
8835 -2.02000e+02
8859 -2.01000e+02
8934 -2.00000e+02
8992 -1.99000e+02
9255 -1.98000e+02
9295 -1.97000e+02
9347 -1.96000e+02
9408 -1.95000e+02
9438 -1.94000e+02
9462 -1.93000e+02
9525 -1.92000e+02
9550 -1.91000e+02
9793 -1.90000e+02
9844 -1.89000e+02
9915 -1.88000e+02
9981 -1.88000e+02
"function evaluation" "best-so-far f(x)"
1 -3.53000e+02
22 -3.52000e+02
53 -3.51000e+02
115 -3.50000e+02
142 -3.49000e+02
194 -3.48000e+02
246 -3.47000e+02
324 -3.46000e+02
343 -3.45000e+02
360 -3.44000e+02
416 -3.42000e+02
473 -3.41000e+02
554 -3.40000e+02
617 -3.39000e+02
637 -3.38000e+02
697 -3.37000e+02
741 -3.36000e+02
782 -3.35000e+02
861 -3.34000e+02
925 -3.33000e+02
956 -3.32000e+02
983 -3.31000e+02
1002 -3.30000e+02
1027 -3.29000e+02
1071 -3.27000e+02
1101 -3.26000e+02
1226 -3.25000e+02
1257 -3.24000e+02
1386 -3.23000e+02
1478 -3.22000e+02
1512 -3.21000e+02
1556 -3.20000e+02
1635 -3.19000e+02
1689 -3.18000e+02
1740 -3.16000e+02
1790 -3.15000e+02
1835 -3.14000e+02
1868 -3.13000e+02
1886 -3.12000e+02
1910 -3.11000e+02
1958 -3.10000e+02
1998 -3.09000e+02
2043 -3.08000e+02
2125 -3.07000e+02
2146 -3.06000e+02
2199 -3.05000e+02
2253 -3.04000e+02
2281 -3.03000e+02
2311 -3.02000e+02
2389 -3.01000e+02
2537 -3.00000e+02
2585 -2.99000e+02
2620 -2.98000e+02
2631 -2.97000e+02
2693 -2.96000e+02
2740 -2.95000e+02
2930 -2.94000e+02
2971 -2.93000e+02
2997 -2.92000e+02
3029 -2.90000e+02
3037 -2.89000e+02
3057 -2.88000e+02
3088 -2.87000e+02
3115 -2.86000e+02
3119 -2.85000e+02
3173 -2.84000e+02
3236 -2.83000e+02
3245 -2.82000e+02
3301 -2.81000e+02
3330 -2.80000e+02
3358 -2.79000e+02
3389 -2.77000e+02
3477 -2.76000e+02
3517 -2.75000e+02
3559 -2.74000e+02
3573 -2.73000e+02
3589 -2.72000e+02
3621 -2.71000e+02
3678 -2.70000e+02
3752 -2.69000e+02
3770 -2.68000e+02
3780 -2.67000e+02
3788 -2.66000e+02
3893 -2.65000e+02
3904 -2.64000e+02
4063 -2.63000e+02
4088 -2.62000e+02
4145 -2.61000e+02
4171 -2.60000e+02
4222 -2.59000e+02
4290 -2.58000e+02
4302 -2.57000e+02
4336 -2.56000e+02
4355 -2.55000e+02
4384 -2.54000e+02
4430 -2.53000e+02
4439 -2.52000e+02
4507 -2.51000e+02
4529 -2.50000e+02
4589 -2.49000e+02
4603 -2.48000e+02
4651 -2.47000e+02
4791 -2.46000e+02
4811 -2.45000e+02
4819 -2.44000e+02
4905 -2.43000e+02
4982 -2.42000e+02
5000 -2.41000e+02
5043 -2.40000e+02
5075 -2.39000e+02
5124 -2.38000e+02
5211 -2.37000e+02
5329 -2.36000e+02
5362 -2.35000e+02
5492 -2.34000e+02
5550 -2.33000e+02
5552 -2.32000e+02
5772 -2.31000e+02
5808 -2.30000e+02
5867 -2.29000e+02
6059 -2.28000e+02
6106 -2.27000e+02
6146 -2.26000e+02
6273 -2.25000e+02
6317 -2.24000e+02
6365 -2.23000e+02
6371 -2.22000e+02
6407 -2.21000e+02
6465 -2.20000e+02
6515 -2.19000e+02
6649 -2.18000e+02
6711 -2.17000e+02
6716 -2.16000e+02
6775 -2.15000e+02
6812 -2.14000e+02
6829 -2.13000e+02
6864 -2.12000e+02
6875 -2.11000e+02
6935 -2.10000e+02
6987 -2.09000e+02
7031 -2.08000e+02
7053 -2.07000e+02
7110 -2.06000e+02
7188 -2.05000e+02
7268 -2.04000e+02
7293 -2.03000e+02
7312 -2.02000e+02
7355 -2.01000e+02
7400 -2.00000e+02
7711 -1.99000e+02
7770 -1.98000e+02
7857 -1.97000e+02
7916 -1.96000e+02
7969 -1.95000e+02
8047 -1.94000e+02
8076 -1.93000e+02
8146 -1.92000e+02
8243 -1.91000e+02
8280 -1.90000e+02
8331 -1.89000e+02
8509 -1.88000e+02
8606 -1.87000e+02
8751 -1.86000e+02
8825 -1.85000e+02
8862 -1.84000e+02
8979 -1.83000e+02
9020 -1.82000e+02
9084 -1.81000e+02
9134 -1.80000e+02
9230 -1.79000e+02
9274 -1.78000e+02
9276 -1.77000e+02
9311 -1.76000e+02
9393 -1.75000e+02
9450 -1.74000e+02
9476 -1.73000e+02
9528 -1.72000e+02
9566 -1.71000e+02
9602 -1.70000e+02
9626 -1.69000e+02
9663 -1.68000e+02
9842 -1.67000e+02
9958 -1.66000e+02
9981 -1.66000e+02
"function evaluation" "best-so-far f(x)"
1 -3.53000e+02
9 -3.52000e+02
55 -3.51000e+02
79 -3.50000e+02
130 -3.49000e+02
194 -3.48000e+02
238 -3.47000e+02
263 -3.46000e+02
280 -3.45000e+02
339 -3.44000e+02
414 -3.43000e+02
416 -3.42000e+02
471 -3.41000e+02
570 -3.40000e+02
628 -3.39000e+02
698 -3.38000e+02
705 -3.37000e+02
755 -3.36000e+02
849 -3.35000e+02
854 -3.34000e+02
875 -3.33000e+02
936 -3.32000e+02
971 -3.31000e+02
1018 -3.30000e+02
1064 -3.29000e+02
1099 -3.28000e+02
1120 -3.27000e+02
1166 -3.26000e+02
1264 -3.25000e+02
1361 -3.24000e+02
1403 -3.23000e+02
1512 -3.22000e+02
1550 -3.21000e+02
1600 -3.20000e+02
1704 -3.19000e+02
1749 -3.18000e+02
1765 -3.17000e+02
1827 -3.16000e+02
1851 -3.14000e+02
1964 -3.13000e+02
1992 -3.12000e+02
2080 -3.11000e+02
2100 -3.10000e+02
2110 -3.09000e+02
2124 -3.08000e+02
2231 -3.07000e+02
2257 -3.06000e+02
2293 -3.05000e+02
2305 -3.04000e+02
2336 -3.02000e+02
2359 -3.01000e+02
2419 -3.00000e+02
2502 -2.99000e+02
2546 -2.98000e+02
2599 -2.97000e+02
2659 -2.96000e+02
2694 -2.95000e+02
2796 -2.94000e+02
2813 -2.93000e+02
2942 -2.92000e+02
3066 -2.91000e+02
3205 -2.90000e+02
3233 -2.89000e+02
3356 -2.88000e+02
3400 -2.87000e+02
3418 -2.86000e+02
3447 -2.85000e+02
3523 -2.84000e+02
3565 -2.83000e+02
3598 -2.82000e+02
3600 -2.81000e+02
3675 -2.80000e+02
3692 -2.79000e+02
3773 -2.78000e+02
3793 -2.77000e+02
3865 -2.76000e+02
3925 -2.75000e+02
3996 -2.74000e+02
4022 -2.73000e+02
4129 -2.72000e+02
4156 -2.71000e+02
4226 -2.70000e+02
4275 -2.69000e+02
4356 -2.68000e+02
4414 -2.67000e+02
4489 -2.66000e+02
4511 -2.65000e+02
4575 -2.64000e+02
4608 -2.63000e+02
4657 -2.62000e+02
4739 -2.61000e+02
4789 -2.60000e+02
4912 -2.59000e+02
4945 -2.58000e+02
5013 -2.57000e+02
5098 -2.56000e+02
5193 -2.55000e+02
5312 -2.54000e+02
5456 -2.53000e+02
5484 -2.52000e+02
5544 -2.51000e+02
5629 -2.49000e+02
5697 -2.48000e+02
5751 -2.47000e+02
5779 -2.46000e+02
5806 -2.45000e+02
5825 -2.44000e+02
5860 -2.43000e+02
5995 -2.42000e+02
6147 -2.41000e+02
6294 -2.40000e+02
6335 -2.39000e+02
6356 -2.38000e+02
6360 -2.37000e+02
6369 -2.36000e+02
6382 -2.35000e+02
6436 -2.34000e+02
6468 -2.33000e+02
6487 -2.32000e+02
6575 -2.31000e+02
6658 -2.30000e+02
6796 -2.29000e+02
6817 -2.28000e+02
6881 -2.27000e+02
6884 -2.26000e+02
6890 -2.25000e+02
6977 -2.24000e+02
7023 -2.23000e+02
7052 -2.22000e+02
7157 -2.21000e+02
7181 -2.20000e+02
7323 -2.19000e+02
7372 -2.18000e+02
7407 -2.17000e+02
7429 -2.16000e+02
7491 -2.15000e+02
7537 -2.14000e+02
7625 -2.13000e+02
7657 -2.12000e+02
7709 -2.11000e+02
7779 -2.10000e+02
7824 -2.08000e+02
7864 -2.07000e+02
7953 -2.06000e+02
7982 -2.05000e+02
8068 -2.04000e+02
8103 -2.03000e+02
8280 -2.02000e+02
8350 -2.01000e+02
8362 -2.00000e+02
8396 -1.99000e+02
8470 -1.98000e+02
8519 -1.97000e+02
8619 -1.96000e+02
8633 -1.95000e+02
8673 -1.94000e+02
8702 -1.93000e+02
8797 -1.92000e+02
8826 -1.91000e+02
8921 -1.90000e+02
8930 -1.89000e+02
8971 -1.88000e+02
9054 -1.87000e+02
9195 -1.86000e+02
9232 -1.85000e+02
9291 -1.84000e+02
9382 -1.83000e+02
9398 -1.82000e+02
9444 -1.81000e+02
9454 -1.80000e+02
9650 -1.79000e+02
9720 -1.78000e+02
9783 -1.77000e+02
9954 -1.76000e+02
9981 -1.76000e+02
"function evaluation" "best-so-far f(x)"
1 -3.53000e+02
47 -3.52000e+02
104 -3.51000e+02
235 -3.50000e+02
283 -3.49000e+02
320 -3.48000e+02
334 -3.47000e+02
370 -3.46000e+02
440 -3.45000e+02
455 -3.44000e+02
481 -3.43000e+02
504 -3.42000e+02
550 -3.41000e+02
579 -3.40000e+02
642 -3.39000e+02
704 -3.38000e+02
769 -3.37000e+02
868 -3.36000e+02
932 -3.35000e+02
940 -3.34000e+02
972 -3.33000e+02
1010 -3.32000e+02
1017 -3.31000e+02
1112 -3.30000e+02
1165 -3.29000e+02
1184 -3.28000e+02
1201 -3.27000e+02
1240 -3.26000e+02
1325 -3.25000e+02
1377 -3.24000e+02
1381 -3.23000e+02
1447 -3.22000e+02
1514 -3.21000e+02
1744 -3.20000e+02
1766 -3.19000e+02
1887 -3.18000e+02
1892 -3.17000e+02
1921 -3.16000e+02
2023 -3.15000e+02
2038 -3.14000e+02
2129 -3.13000e+02
2173 -3.12000e+02
2273 -3.11000e+02
2308 -3.10000e+02
2329 -3.08000e+02
2433 -3.07000e+02
2501 -3.06000e+02
2542 -3.05000e+02
2603 -3.04000e+02
2705 -3.03000e+02
2715 -3.02000e+02
2785 -3.01000e+02
2815 -3.00000e+02
2828 -2.99000e+02
2890 -2.98000e+02
2903 -2.97000e+02
2960 -2.96000e+02
3039 -2.95000e+02
3068 -2.94000e+02
3114 -2.93000e+02
3152 -2.92000e+02
3221 -2.91000e+02
3255 -2.90000e+02
3316 -2.89000e+02
3364 -2.88000e+02
3402 -2.87000e+02
3478 -2.86000e+02
3571 -2.85000e+02
3598 -2.84000e+02
3642 -2.83000e+02
3657 -2.82000e+02
3755 -2.81000e+02
3778 -2.80000e+02
3829 -2.79000e+02
3935 -2.78000e+02
3998 -2.77000e+02
4048 -2.76000e+02
4094 -2.75000e+02
4160 -2.74000e+02
4185 -2.73000e+02
4237 -2.72000e+02
4303 -2.71000e+02
4364 -2.70000e+02
4436 -2.69000e+02
4513 -2.68000e+02
4604 -2.67000e+02
4671 -2.66000e+02
4692 -2.65000e+02
4770 -2.64000e+02
4777 -2.63000e+02
4856 -2.62000e+02
4866 -2.61000e+02
4889 -2.60000e+02
4911 -2.59000e+02
4948 -2.58000e+02
4966 -2.57000e+02
5051 -2.56000e+02
5059 -2.55000e+02
5099 -2.54000e+02
5173 -2.53000e+02
5263 -2.52000e+02
5300 -2.51000e+02
5382 -2.50000e+02
5386 -2.49000e+02
5396 -2.48000e+02
5417 -2.47000e+02
5532 -2.46000e+02
5557 -2.45000e+02
5662 -2.44000e+02
5724 -2.43000e+02
5791 -2.42000e+02
5822 -2.41000e+02
5854 -2.40000e+02
5953 -2.39000e+02
6067 -2.38000e+02
6082 -2.37000e+02
6336 -2.36000e+02
6363 -2.35000e+02
6433 -2.34000e+02
6528 -2.33000e+02
6637 -2.32000e+02
6725 -2.31000e+02
6733 -2.29000e+02
6738 -2.28000e+02
6788 -2.27000e+02
6848 -2.26000e+02
6893 -2.25000e+02
6936 -2.24000e+02
7023 -2.23000e+02
7081 -2.21000e+02
7156 -2.20000e+02
7243 -2.19000e+02
7260 -2.18000e+02
7327 -2.17000e+02
7350 -2.16000e+02
7468 -2.15000e+02
7518 -2.14000e+02
7660 -2.13000e+02
7698 -2.12000e+02
7762 -2.11000e+02
7860 -2.10000e+02
7872 -2.09000e+02
7935 -2.08000e+02
7960 -2.07000e+02
8071 -2.06000e+02
8122 -2.05000e+02
8166 -2.04000e+02
8210 -2.03000e+02
8221 -2.02000e+02
8343 -2.01000e+02
8480 -2.00000e+02
8618 -1.99000e+02
8703 -1.98000e+02
8711 -1.97000e+02
8751 -1.96000e+02
8795 -1.95000e+02
8853 -1.93000e+02
8919 -1.92000e+02
8972 -1.91000e+02
9052 -1.90000e+02
9119 -1.89000e+02
9176 -1.88000e+02
9241 -1.87000e+02
9350 -1.86000e+02
9459 -1.85000e+02
9536 -1.84000e+02
9593 -1.83000e+02
9637 -1.82000e+02
9721 -1.81000e+02
9735 -1.80000e+02
9780 -1.79000e+02
9831 -1.78000e+02
9906 -1.77000e+02
9943 -1.76000e+02
9958 -1.75000e+02
9981 -1.75000e+02
"function evaluation" "best-so-far f(x)"
1 -3.53000e+02
59 -3.52000e+02
94 -3.51000e+02
99 -3.50000e+02
130 -3.49000e+02
169 -3.48000e+02
222 -3.47000e+02
356 -3.46000e+02
394 -3.45000e+02
518 -3.43000e+02
539 -3.42000e+02
592 -3.41000e+02
653 -3.40000e+02
665 -3.39000e+02
680 -3.38000e+02
757 -3.37000e+02
759 -3.36000e+02
762 -3.35000e+02
893 -3.34000e+02
990 -3.33000e+02
1106 -3.32000e+02
1143 -3.31000e+02
1167 -3.30000e+02
1262 -3.29000e+02
1279 -3.28000e+02
1290 -3.27000e+02
1304 -3.26000e+02
1406 -3.25000e+02
1431 -3.24000e+02
1507 -3.23000e+02
1614 -3.21000e+02
1738 -3.20000e+02
1812 -3.19000e+02
1870 -3.18000e+02
1915 -3.17000e+02
1965 -3.16000e+02
1966 -3.15000e+02
2012 -3.14000e+02
2023 -3.13000e+02
2112 -3.12000e+02
2129 -3.11000e+02
2136 -3.10000e+02
2162 -3.09000e+02
2197 -3.08000e+02
2249 -3.07000e+02
2278 -3.06000e+02
2340 -3.04000e+02
2358 -3.03000e+02
2396 -3.02000e+02
2455 -3.01000e+02
2568 -3.00000e+02
2614 -2.99000e+02
2652 -2.98000e+02
2696 -2.97000e+02
2737 -2.96000e+02
2763 -2.95000e+02
2823 -2.94000e+02
2891 -2.93000e+02
2923 -2.92000e+02
3002 -2.91000e+02
3052 -2.90000e+02
3090 -2.89000e+02
3235 -2.88000e+02
3282 -2.87000e+02
3300 -2.86000e+02
3418 -2.85000e+02
3473 -2.84000e+02
3530 -2.83000e+02
3560 -2.82000e+02
3628 -2.81000e+02
3652 -2.80000e+02
3706 -2.79000e+02
3743 -2.78000e+02
3770 -2.77000e+02
3797 -2.75000e+02
3845 -2.74000e+02
3892 -2.73000e+02
3969 -2.72000e+02
3971 -2.71000e+02
3983 -2.70000e+02
4102 -2.69000e+02
4142 -2.68000e+02
4233 -2.67000e+02
4293 -2.66000e+02
4316 -2.65000e+02
4446 -2.64000e+02
4508 -2.63000e+02
4559 -2.62000e+02
4568 -2.61000e+02
4726 -2.60000e+02
4827 -2.59000e+02
4884 -2.58000e+02
4911 -2.57000e+02
4915 -2.56000e+02
5138 -2.55000e+02
5154 -2.54000e+02
5198 -2.53000e+02
5278 -2.52000e+02
5315 -2.51000e+02
5432 -2.50000e+02
5557 -2.49000e+02
5561 -2.48000e+02
5703 -2.47000e+02
5739 -2.46000e+02
5779 -2.45000e+02
5813 -2.44000e+02
5862 -2.43000e+02
5870 -2.42000e+02
5901 -2.41000e+02
5934 -2.40000e+02
5981 -2.39000e+02
5993 -2.38000e+02
6098 -2.37000e+02
6107 -2.36000e+02
6209 -2.35000e+02
6230 -2.34000e+02
6342 -2.33000e+02
6412 -2.32000e+02
6414 -2.31000e+02
6454 -2.30000e+02
6477 -2.29000e+02
6552 -2.28000e+02
6608 -2.27000e+02
6623 -2.26000e+02
6645 -2.25000e+02
6703 -2.24000e+02
6820 -2.23000e+02
6921 -2.22000e+02
7026 -2.21000e+02
7083 -2.20000e+02
7104 -2.19000e+02
7125 -2.18000e+02
7171 -2.17000e+02
7252 -2.16000e+02
7262 -2.15000e+02
7302 -2.14000e+02
7338 -2.13000e+02
7369 -2.12000e+02
7446 -2.11000e+02
7470 -2.10000e+02
7594 -2.09000e+02
7666 -2.08000e+02
7826 -2.07000e+02
7905 -2.06000e+02
7907 -2.05000e+02
7953 -2.04000e+02
8009 -2.03000e+02
8114 -2.02000e+02
8177 -2.01000e+02
8215 -2.00000e+02
8257 -1.99000e+02
8283 -1.98000e+02
8322 -1.97000e+02
8392 -1.96000e+02
8517 -1.95000e+02
8563 -1.94000e+02
8639 -1.93000e+02
8745 -1.92000e+02
8891 -1.91000e+02
8916 -1.90000e+02
8977 -1.89000e+02
9051 -1.88000e+02
9102 -1.87000e+02
9135 -1.86000e+02
9169 -1.85000e+02
9214 -1.84000e+02
9220 -1.83000e+02
9410 -1.82000e+02
9457 -1.81000e+02
9475 -1.80000e+02
9517 -1.79000e+02
9557 -1.78000e+02
9583 -1.77000e+02
9655 -1.76000e+02
9684 -1.75000e+02
9755 -1.74000e+02
9864 -1.73000e+02
9945 -1.72000e+02
9981 -1.72000e+02
"function evaluation" "best-so-far f(x)"
1 -3.53000e+02
13 -3.51000e+02
144 -3.50000e+02
170 -3.49000e+02
205 -3.48000e+02
219 -3.47000e+02
280 -3.46000e+02
319 -3.45000e+02
323 -3.44000e+02
394 -3.43000e+02
434 -3.42000e+02
491 -3.41000e+02
541 -3.39000e+02
596 -3.38000e+02
655 -3.37000e+02
664 -3.36000e+02
712 -3.35000e+02
736 -3.34000e+02
746 -3.33000e+02
786 -3.32000e+02
834 -3.31000e+02
880 -3.30000e+02
951 -3.29000e+02
1012 -3.28000e+02
1106 -3.27000e+02
1186 -3.26000e+02
1264 -3.25000e+02
1288 -3.24000e+02
1338 -3.23000e+02
1357 -3.22000e+02
1386 -3.21000e+02
1394 -3.20000e+02
1467 -3.19000e+02
1507 -3.18000e+02
1518 -3.17000e+02
1585 -3.16000e+02
1713 -3.15000e+02
1799 -3.14000e+02
1836 -3.13000e+02
1926 -3.12000e+02
1930 -3.11000e+02
1975 -3.10000e+02
2025 -3.09000e+02
2043 -3.08000e+02
2090 -3.07000e+02
2135 -3.05000e+02
2176 -3.04000e+02
2217 -3.03000e+02
2224 -3.02000e+02
2279 -3.01000e+02
2288 -3.00000e+02
2335 -2.99000e+02
2363 -2.98000e+02
2416 -2.97000e+02
2467 -2.96000e+02
2502 -2.95000e+02
2543 -2.94000e+02
2603 -2.93000e+02
2613 -2.92000e+02
2682 -2.91000e+02
2701 -2.90000e+02
2730 -2.89000e+02
2759 -2.88000e+02
2770 -2.87000e+02
2819 -2.86000e+02
2841 -2.85000e+02
2871 -2.84000e+02
2914 -2.83000e+02
2916 -2.82000e+02
2958 -2.81000e+02
3000 -2.80000e+02
3001 -2.79000e+02
3034 -2.78000e+02
3105 -2.77000e+02
3128 -2.76000e+02
3141 -2.75000e+02
3184 -2.74000e+02
3233 -2.73000e+02
3318 -2.72000e+02
3427 -2.71000e+02
3485 -2.70000e+02
3546 -2.69000e+02
3570 -2.68000e+02
3733 -2.67000e+02
3856 -2.66000e+02
3966 -2.65000e+02
4045 -2.64000e+02
4062 -2.63000e+02
4148 -2.62000e+02
4160 -2.61000e+02
4282 -2.60000e+02
4360 -2.59000e+02
4395 -2.58000e+02
4465 -2.57000e+02
4557 -2.56000e+02
4592 -2.55000e+02
4620 -2.54000e+02
4732 -2.53000e+02
4773 -2.52000e+02
4776 -2.51000e+02
4863 -2.50000e+02
4975 -2.49000e+02
5052 -2.48000e+02
5077 -2.47000e+02
5210 -2.46000e+02
5385 -2.45000e+02
5426 -2.44000e+02
5532 -2.43000e+02
5573 -2.42000e+02
5590 -2.41000e+02
5654 -2.40000e+02
5682 -2.39000e+02
5727 -2.37000e+02
5806 -2.36000e+02
5851 -2.35000e+02
5899 -2.34000e+02
5952 -2.33000e+02
5983 -2.32000e+02
6034 -2.31000e+02
6131 -2.30000e+02
6194 -2.29000e+02
6254 -2.28000e+02
6325 -2.27000e+02
6369 -2.26000e+02
6391 -2.25000e+02
6455 -2.24000e+02
6473 -2.23000e+02
6552 -2.22000e+02
6604 -2.21000e+02
6651 -2.20000e+02
6746 -2.19000e+02
6784 -2.18000e+02
6869 -2.17000e+02
6976 -2.16000e+02
7069 -2.15000e+02
7135 -2.14000e+02
7158 -2.13000e+02
7203 -2.12000e+02
7340 -2.11000e+02
7342 -2.10000e+02
7437 -2.09000e+02
7507 -2.08000e+02
7550 -2.07000e+02
7580 -2.06000e+02
7694 -2.05000e+02
7781 -2.04000e+02
7786 -2.03000e+02
7860 -2.02000e+02
7914 -2.01000e+02
7971 -2.00000e+02
8017 -1.99000e+02
8105 -1.98000e+02
8117 -1.97000e+02
8284 -1.96000e+02
8305 -1.95000e+02
8326 -1.94000e+02
8329 -1.93000e+02
8431 -1.92000e+02
8492 -1.91000e+02
8571 -1.90000e+02
8631 -1.89000e+02
8666 -1.88000e+02
8780 -1.87000e+02
8787 -1.86000e+02
8814 -1.85000e+02
8915 -1.84000e+02
8974 -1.83000e+02
9023 -1.82000e+02
9166 -1.81000e+02
9210 -1.80000e+02
9400 -1.79000e+02
9543 -1.78000e+02
9592 -1.77000e+02
9642 -1.76000e+02
9679 -1.75000e+02
9714 -1.74000e+02
9747 -1.73000e+02
9814 -1.72000e+02
9879 -1.71000e+02
9915 -1.70000e+02
9955 -1.69000e+02
9981 -1.69000e+02
"function evaluation" "best-so-far f(x)"
1 -3.53000e+02
5 -3.52000e+02
49 -3.51000e+02
72 -3.50000e+02
85 -3.49000e+02
130 -3.48000e+02
200 -3.47000e+02
207 -3.46000e+02
262 -3.45000e+02
298 -3.44000e+02
332 -3.43000e+02
334 -3.42000e+02
365 -3.41000e+02
400 -3.39000e+02
436 -3.38000e+02
460 -3.37000e+02
508 -3.36000e+02
525 -3.35000e+02
568 -3.34000e+02
628 -3.33000e+02
634 -3.32000e+02
697 -3.31000e+02
757 -3.30000e+02
784 -3.29000e+02
856 -3.28000e+02
871 -3.27000e+02
881 -3.26000e+02
993 -3.24000e+02
1042 -3.23000e+02
1114 -3.22000e+02
1220 -3.21000e+02
1257 -3.20000e+02
1293 -3.19000e+02
1354 -3.18000e+02
1380 -3.17000e+02
1442 -3.16000e+02
1512 -3.15000e+02
1570 -3.14000e+02
1598 -3.13000e+02
1659 -3.12000e+02
1784 -3.11000e+02
1885 -3.10000e+02
1913 -3.09000e+02
1968 -3.08000e+02
1975 -3.07000e+02
2068 -3.06000e+02
2083 -3.04000e+02
2119 -3.03000e+02
2127 -3.02000e+02
2154 -3.01000e+02
2210 -3.00000e+02
2340 -2.99000e+02
2581 -2.98000e+02
2643 -2.97000e+02
2672 -2.96000e+02
2682 -2.95000e+02
2801 -2.94000e+02
2878 -2.93000e+02
2928 -2.92000e+02
2959 -2.91000e+02
3008 -2.90000e+02
3035 -2.89000e+02
3081 -2.88000e+02
3106 -2.87000e+02
3144 -2.86000e+02
3161 -2.85000e+02
3261 -2.84000e+02
3340 -2.83000e+02
3382 -2.82000e+02
3509 -2.81000e+02
3590 -2.80000e+02
3612 -2.79000e+02
3642 -2.78000e+02
3773 -2.77000e+02
3803 -2.76000e+02
3833 -2.75000e+02
3897 -2.74000e+02
3912 -2.73000e+02
3954 -2.72000e+02
4003 -2.71000e+02
4019 -2.70000e+02
4065 -2.69000e+02
4088 -2.68000e+02
4122 -2.67000e+02
4174 -2.66000e+02
4205 -2.65000e+02
4209 -2.64000e+02
4232 -2.63000e+02
4350 -2.62000e+02
4419 -2.61000e+02
4466 -2.60000e+02
4515 -2.59000e+02
4535 -2.58000e+02
4577 -2.57000e+02
4615 -2.56000e+02
4669 -2.55000e+02
4820 -2.54000e+02
4888 -2.53000e+02
4969 -2.52000e+02
5024 -2.51000e+02
5095 -2.50000e+02
5206 -2.49000e+02
5236 -2.48000e+02
5357 -2.47000e+02
5445 -2.46000e+02
5465 -2.45000e+02
5523 -2.44000e+02
5535 -2.43000e+02
5686 -2.42000e+02
5714 -2.41000e+02
5747 -2.40000e+02
5768 -2.39000e+02
5818 -2.38000e+02
5837 -2.37000e+02
5862 -2.36000e+02
5983 -2.35000e+02
6005 -2.34000e+02
6087 -2.33000e+02
6159 -2.32000e+02
6171 -2.31000e+02
6245 -2.30000e+02
6295 -2.29000e+02
6300 -2.28000e+02
6378 -2.27000e+02
6386 -2.26000e+02
6519 -2.25000e+02
6609 -2.24000e+02
6696 -2.23000e+02
6763 -2.22000e+02
6804 -2.21000e+02
6998 -2.20000e+02
7088 -2.19000e+02
7106 -2.18000e+02
7166 -2.17000e+02
7171 -2.16000e+02
7199 -2.15000e+02
7252 -2.14000e+02
7362 -2.13000e+02
7544 -2.12000e+02
7592 -2.11000e+02
7634 -2.10000e+02
7711 -2.09000e+02
7764 -2.08000e+02
7857 -2.07000e+02
7892 -2.06000e+02
7940 -2.05000e+02
7960 -2.04000e+02
7997 -2.03000e+02
8024 -2.02000e+02
8085 -2.01000e+02
8132 -2.00000e+02
8287 -1.99000e+02
8465 -1.98000e+02
8505 -1.97000e+02
8512 -1.96000e+02
8556 -1.95000e+02
8573 -1.94000e+02
8618 -1.93000e+02
8668 -1.92000e+02
8759 -1.91000e+02
8793 -1.90000e+02
8808 -1.89000e+02
8820 -1.88000e+02
8955 -1.87000e+02
9007 -1.86000e+02
9021 -1.85000e+02
9067 -1.84000e+02
9120 -1.83000e+02
9218 -1.82000e+02
9259 -1.81000e+02
9276 -1.80000e+02
9290 -1.79000e+02
9322 -1.78000e+02
9344 -1.77000e+02
9406 -1.76000e+02
9722 -1.75000e+02
9774 -1.74000e+02
9851 -1.73000e+02
9917 -1.72000e+02
9981 -1.72000e+02
"function evaluation" "best-so-far f(x)"
1 -3.53000e+02
84 -3.52000e+02
127 -3.51000e+02
139 -3.50000e+02
191 -3.49000e+02
231 -3.48000e+02
269 -3.47000e+02
278 -3.45000e+02
301 -3.44000e+02
327 -3.43000e+02
360 -3.42000e+02
381 -3.41000e+02
405 -3.40000e+02
468 -3.39000e+02
514 -3.38000e+02
592 -3.37000e+02
625 -3.36000e+02
637 -3.35000e+02
665 -3.34000e+02
681 -3.33000e+02
707 -3.32000e+02
733 -3.31000e+02
748 -3.30000e+02
784 -3.29000e+02
825 -3.28000e+02
880 -3.27000e+02
905 -3.26000e+02
948 -3.25000e+02
999 -3.24000e+02
1052 -3.23000e+02
1064 -3.22000e+02
1090 -3.21000e+02
1099 -3.20000e+02
1113 -3.19000e+02
1211 -3.18000e+02
1359 -3.17000e+02
1423 -3.16000e+02
1476 -3.15000e+02
1486 -3.14000e+02
1596 -3.13000e+02
1635 -3.12000e+02
1645 -3.11000e+02
1767 -3.10000e+02
1808 -3.09000e+02
1853 -3.08000e+02
1893 -3.07000e+02
1940 -3.06000e+02
2015 -3.05000e+02
2037 -3.04000e+02
2070 -3.03000e+02
2114 -3.02000e+02
2133 -3.01000e+02
2160 -3.00000e+02
2189 -2.99000e+02
2230 -2.98000e+02
2251 -2.97000e+02
2283 -2.96000e+02
2333 -2.95000e+02
2430 -2.94000e+02
2533 -2.93000e+02
2586 -2.92000e+02
2614 -2.91000e+02
2670 -2.89000e+02
2739 -2.88000e+02
2798 -2.87000e+02
2863 -2.86000e+02
2916 -2.85000e+02
3098 -2.84000e+02
3158 -2.83000e+02
3215 -2.82000e+02
3281 -2.81000e+02
3432 -2.80000e+02
3475 -2.79000e+02
3500 -2.78000e+02
3524 -2.77000e+02
3573 -2.76000e+02
3610 -2.75000e+02
3664 -2.74000e+02
3698 -2.73000e+02
3746 -2.72000e+02
3877 -2.71000e+02
3905 -2.70000e+02
4003 -2.69000e+02
4171 -2.68000e+02
4201 -2.67000e+02
4293 -2.66000e+02
4333 -2.65000e+02
4393 -2.64000e+02
4407 -2.63000e+02
4474 -2.61000e+02
4533 -2.60000e+02
4639 -2.59000e+02
4687 -2.58000e+02
4689 -2.57000e+02
4757 -2.56000e+02
4799 -2.55000e+02
4866 -2.54000e+02
4867 -2.53000e+02
4930 -2.52000e+02
4942 -2.51000e+02
4965 -2.50000e+02
5029 -2.49000e+02
5083 -2.48000e+02
5101 -2.46000e+02
5138 -2.45000e+02
5156 -2.44000e+02
5279 -2.43000e+02
5333 -2.42000e+02
5337 -2.41000e+02
5391 -2.40000e+02
5423 -2.39000e+02
5424 -2.38000e+02
5458 -2.37000e+02
5573 -2.36000e+02
5650 -2.35000e+02
5667 -2.34000e+02
5686 -2.33000e+02
5714 -2.32000e+02
5806 -2.31000e+02
5941 -2.30000e+02
5966 -2.29000e+02
5973 -2.28000e+02
6001 -2.27000e+02
6161 -2.26000e+02
6177 -2.25000e+02
6221 -2.24000e+02
6297 -2.23000e+02
6494 -2.22000e+02
6627 -2.21000e+02
6672 -2.20000e+02
6766 -2.19000e+02
6851 -2.18000e+02
6872 -2.17000e+02
6978 -2.16000e+02
7008 -2.15000e+02
7106 -2.14000e+02
7147 -2.13000e+02
7195 -2.12000e+02
7277 -2.11000e+02
7305 -2.10000e+02
7401 -2.09000e+02
7433 -2.08000e+02
7504 -2.07000e+02
7525 -2.06000e+02
7560 -2.05000e+02
7610 -2.04000e+02
7693 -2.03000e+02
7734 -2.02000e+02
7798 -2.01000e+02
7834 -2.00000e+02
7906 -1.99000e+02
7956 -1.98000e+02
7993 -1.97000e+02
8050 -1.96000e+02
8076 -1.95000e+02
8091 -1.94000e+02
8198 -1.93000e+02
8217 -1.92000e+02
8270 -1.91000e+02
8304 -1.90000e+02
8339 -1.89000e+02
8398 -1.88000e+02
8436 -1.87000e+02
8457 -1.86000e+02
8562 -1.85000e+02
8617 -1.84000e+02
8714 -1.83000e+02
8796 -1.82000e+02
8846 -1.81000e+02
8951 -1.80000e+02
8970 -1.79000e+02
9038 -1.78000e+02
9052 -1.77000e+02
9095 -1.76000e+02
9206 -1.75000e+02
9284 -1.74000e+02
9376 -1.73000e+02
9409 -1.71000e+02
9503 -1.70000e+02
9511 -1.69000e+02
9604 -1.68000e+02
9711 -1.67000e+02
9745 -1.66000e+02
9792 -1.65000e+02
9969 -1.64000e+02
9981 -1.64000e+02
"function evaluation" "best-so-far f(x)"
1 -3.53000e+02
56 -3.52000e+02
141 -3.51000e+02
178 -3.50000e+02
189 -3.49000e+02
230 -3.48000e+02
248 -3.47000e+02
279 -3.46000e+02
325 -3.45000e+02
405 -3.44000e+02
425 -3.43000e+02
445 -3.42000e+02
478 -3.41000e+02
521 -3.40000e+02
525 -3.39000e+02
561 -3.38000e+02
564 -3.37000e+02
641 -3.36000e+02
712 -3.35000e+02
735 -3.34000e+02
771 -3.33000e+02
828 -3.32000e+02
960 -3.31000e+02
1020 -3.30000e+02
1058 -3.29000e+02
1150 -3.28000e+02
1175 -3.27000e+02
1184 -3.26000e+02
1229 -3.25000e+02
1252 -3.24000e+02
1298 -3.21000e+02
1356 -3.20000e+02
1416 -3.19000e+02
1435 -3.18000e+02
1483 -3.17000e+02
1507 -3.16000e+02
1547 -3.15000e+02
1562 -3.14000e+02
1604 -3.13000e+02
1653 -3.12000e+02
1670 -3.11000e+02
1756 -3.10000e+02
1833 -3.09000e+02
1901 -3.08000e+02
1944 -3.07000e+02
2020 -3.06000e+02
2038 -3.05000e+02
2076 -3.04000e+02
2097 -3.02000e+02
2166 -3.01000e+02
2180 -3.00000e+02
2239 -2.99000e+02
2260 -2.98000e+02
2261 -2.97000e+02
2312 -2.96000e+02
2368 -2.95000e+02
2433 -2.94000e+02
2476 -2.93000e+02
2541 -2.92000e+02
2632 -2.91000e+02
2649 -2.90000e+02
2672 -2.89000e+02
2725 -2.88000e+02
2741 -2.87000e+02
2780 -2.86000e+02
2837 -2.85000e+02
2867 -2.84000e+02
2889 -2.83000e+02
2940 -2.82000e+02
3035 -2.81000e+02
3095 -2.80000e+02
3122 -2.79000e+02
3140 -2.78000e+02
3180 -2.77000e+02
3222 -2.76000e+02
3258 -2.75000e+02
3314 -2.74000e+02
3363 -2.73000e+02
3399 -2.72000e+02
3498 -2.71000e+02
3519 -2.70000e+02
3538 -2.69000e+02
3553 -2.68000e+02
3589 -2.67000e+02
3669 -2.66000e+02
3754 -2.65000e+02
3782 -2.64000e+02
3806 -2.63000e+02
3856 -2.62000e+02
3906 -2.61000e+02
3926 -2.60000e+02
4018 -2.59000e+02
4045 -2.58000e+02
4165 -2.57000e+02
4254 -2.56000e+02
4331 -2.55000e+02
4389 -2.54000e+02
4476 -2.53000e+02
4606 -2.52000e+02
4646 -2.51000e+02
4707 -2.49000e+02
4746 -2.48000e+02
4775 -2.47000e+02
4864 -2.46000e+02
4881 -2.45000e+02
4902 -2.44000e+02
4981 -2.43000e+02
5010 -2.42000e+02
5047 -2.41000e+02
5130 -2.40000e+02
5194 -2.38000e+02
5342 -2.37000e+02
5406 -2.36000e+02
5470 -2.35000e+02
5493 -2.34000e+02
5590 -2.33000e+02
5615 -2.32000e+02
5694 -2.31000e+02
5809 -2.29000e+02
5853 -2.28000e+02
5934 -2.27000e+02
5960 -2.26000e+02
5969 -2.25000e+02
6065 -2.24000e+02
6070 -2.23000e+02
6153 -2.22000e+02
6203 -2.21000e+02
6235 -2.20000e+02
6345 -2.19000e+02
6356 -2.18000e+02
6401 -2.17000e+02
6484 -2.16000e+02
6604 -2.15000e+02
6693 -2.14000e+02
6752 -2.13000e+02
6815 -2.12000e+02
6851 -2.11000e+02
6989 -2.10000e+02
7102 -2.09000e+02
7178 -2.08000e+02
7245 -2.07000e+02
7344 -2.06000e+02
7370 -2.05000e+02
7408 -2.04000e+02
7423 -2.03000e+02
7485 -2.02000e+02
7549 -2.01000e+02
7560 -2.00000e+02
7682 -1.99000e+02
7820 -1.98000e+02
7847 -1.96000e+02
8001 -1.95000e+02
8010 -1.94000e+02
8110 -1.93000e+02
8244 -1.92000e+02
8424 -1.91000e+02
8425 -1.90000e+02
8446 -1.89000e+02
8506 -1.88000e+02
8514 -1.87000e+02
8592 -1.86000e+02
8641 -1.85000e+02
8675 -1.84000e+02
8690 -1.83000e+02
8725 -1.82000e+02
8785 -1.81000e+02
8880 -1.80000e+02
9028 -1.79000e+02
9041 -1.78000e+02
9051 -1.77000e+02
9133 -1.76000e+02
9252 -1.75000e+02
9305 -1.74000e+02
9397 -1.73000e+02
9464 -1.72000e+02
9532 -1.71000e+02
9642 -1.70000e+02
9720 -1.69000e+02
9750 -1.68000e+02
9878 -1.67000e+02
9950 -1.66000e+02
9981 -1.66000e+02
"function evaluation" "best-so-far f(x)"
1 -3.53000e+02
10 -3.52000e+02
87 -3.51000e+02
121 -3.50000e+02
179 -3.49000e+02
201 -3.48000e+02
271 -3.47000e+02
287 -3.46000e+02
294 -3.45000e+02
309 -3.44000e+02
384 -3.43000e+02
451 -3.42000e+02
490 -3.41000e+02
560 -3.40000e+02
595 -3.39000e+02
653 -3.38000e+02
704 -3.37000e+02
830 -3.36000e+02
883 -3.35000e+02
899 -3.34000e+02
945 -3.33000e+02
1016 -3.32000e+02
1062 -3.31000e+02
1097 -3.30000e+02
1146 -3.29000e+02
1165 -3.28000e+02
1194 -3.27000e+02
1198 -3.26000e+02
1230 -3.25000e+02
1310 -3.24000e+02
1348 -3.23000e+02
1363 -3.22000e+02
1421 -3.21000e+02
1471 -3.20000e+02
1491 -3.18000e+02
1531 -3.17000e+02
1543 -3.16000e+02
1568 -3.15000e+02
1584 -3.14000e+02
1626 -3.13000e+02
1733 -3.12000e+02
1754 -3.11000e+02
1787 -3.10000e+02
1800 -3.09000e+02
1882 -3.07000e+02
1907 -3.06000e+02
1972 -3.05000e+02
2008 -3.04000e+02
2100 -3.03000e+02
2163 -3.02000e+02
2197 -3.01000e+02
2211 -3.00000e+02
2312 -2.98000e+02
2347 -2.97000e+02
2377 -2.96000e+02
2403 -2.95000e+02
2442 -2.94000e+02
2465 -2.93000e+02
2499 -2.92000e+02
2515 -2.91000e+02
2572 -2.90000e+02
2628 -2.89000e+02
2667 -2.88000e+02
2779 -2.87000e+02
2852 -2.86000e+02
2891 -2.85000e+02
2933 -2.84000e+02
2954 -2.83000e+02
3003 -2.82000e+02
3148 -2.81000e+02
3196 -2.80000e+02
3271 -2.79000e+02
3397 -2.78000e+02
3408 -2.77000e+02
3436 -2.76000e+02
3454 -2.75000e+02
3467 -2.74000e+02
3523 -2.73000e+02
3568 -2.72000e+02
3664 -2.71000e+02
3678 -2.70000e+02
3794 -2.69000e+02
3830 -2.68000e+02
3945 -2.67000e+02
3979 -2.66000e+02
4025 -2.65000e+02
4083 -2.63000e+02
4137 -2.62000e+02
4233 -2.61000e+02
4279 -2.60000e+02
4451 -2.59000e+02
4486 -2.58000e+02
4527 -2.57000e+02
4543 -2.56000e+02
4606 -2.55000e+02
4631 -2.54000e+02
4683 -2.53000e+02
4710 -2.52000e+02
4784 -2.51000e+02
4847 -2.50000e+02
4893 -2.49000e+02
4969 -2.48000e+02
5053 -2.47000e+02
5080 -2.46000e+02
5119 -2.45000e+02
5211 -2.44000e+02
5238 -2.43000e+02
5323 -2.42000e+02
5345 -2.41000e+02
5461 -2.40000e+02
5494 -2.39000e+02
5631 -2.38000e+02
5727 -2.37000e+02
5812 -2.36000e+02
5886 -2.35000e+02
5995 -2.34000e+02
6008 -2.33000e+02
6037 -2.32000e+02
6069 -2.31000e+02
6182 -2.30000e+02
6284 -2.29000e+02
6394 -2.28000e+02
6441 -2.27000e+02
6482 -2.26000e+02
6496 -2.25000e+02
6595 -2.24000e+02
6662 -2.23000e+02
6738 -2.22000e+02
6804 -2.21000e+02
6844 -2.20000e+02
6877 -2.19000e+02
6883 -2.18000e+02
6982 -2.17000e+02
6996 -2.16000e+02
7033 -2.15000e+02
7083 -2.14000e+02
7159 -2.13000e+02
7221 -2.12000e+02
7266 -2.11000e+02
7320 -2.10000e+02
7328 -2.09000e+02
7371 -2.08000e+02
7423 -2.07000e+02
7559 -2.06000e+02
7699 -2.05000e+02
7783 -2.04000e+02
7817 -2.03000e+02
7863 -2.02000e+02
7945 -2.01000e+02
8060 -2.00000e+02
8213 -1.99000e+02
8309 -1.98000e+02
8319 -1.97000e+02
8361 -1.96000e+02
8419 -1.95000e+02
8531 -1.94000e+02
8656 -1.92000e+02
8711 -1.91000e+02
8719 -1.90000e+02
8790 -1.89000e+02
8862 -1.88000e+02
9074 -1.87000e+02
9196 -1.86000e+02
9272 -1.85000e+02
9274 -1.84000e+02
9354 -1.83000e+02
9388 -1.81000e+02
9515 -1.80000e+02
9557 -1.79000e+02
9608 -1.78000e+02
9630 -1.77000e+02
9724 -1.76000e+02
9931 -1.75000e+02
9981 -1.75000e+02
"function evaluation" "best-so-far f(x)"
1 -3.53000e+02
18 -3.52000e+02
47 -3.51000e+02
65 -3.50000e+02
100 -3.48000e+02
173 -3.47000e+02
236 -3.46000e+02
285 -3.45000e+02
319 -3.44000e+02
338 -3.43000e+02
372 -3.42000e+02
467 -3.41000e+02
525 -3.40000e+02
562 -3.39000e+02
563 -3.38000e+02
591 -3.37000e+02
669 -3.36000e+02
753 -3.35000e+02
772 -3.34000e+02
816 -3.33000e+02
847 -3.32000e+02
891 -3.31000e+02
910 -3.30000e+02
1014 -3.29000e+02
1073 -3.28000e+02
1144 -3.27000e+02
1156 -3.26000e+02
1207 -3.25000e+02
1292 -3.24000e+02
1356 -3.23000e+02
1380 -3.22000e+02
1455 -3.21000e+02
1472 -3.19000e+02
1510 -3.18000e+02
1532 -3.17000e+02
1615 -3.16000e+02
1796 -3.15000e+02
1877 -3.14000e+02
1962 -3.13000e+02
2078 -3.12000e+02
2088 -3.11000e+02
2113 -3.10000e+02
2187 -3.09000e+02
2206 -3.08000e+02
2250 -3.07000e+02
2344 -3.05000e+02
2362 -3.04000e+02
2419 -3.03000e+02
2497 -3.02000e+02
2529 -3.01000e+02
2541 -3.00000e+02
2627 -2.99000e+02
2662 -2.98000e+02
2691 -2.97000e+02
2701 -2.96000e+02
2740 -2.95000e+02
2791 -2.94000e+02
2891 -2.93000e+02
2943 -2.92000e+02
2990 -2.91000e+02
3052 -2.90000e+02
3127 -2.89000e+02
3178 -2.88000e+02
3251 -2.87000e+02
3353 -2.86000e+02
3365 -2.85000e+02
3408 -2.84000e+02
3437 -2.83000e+02
3444 -2.82000e+02
3512 -2.81000e+02
3514 -2.80000e+02
3616 -2.79000e+02
3678 -2.78000e+02
3740 -2.77000e+02
3819 -2.76000e+02
3860 -2.75000e+02
3919 -2.74000e+02
3967 -2.73000e+02
4106 -2.72000e+02
4166 -2.71000e+02
4223 -2.70000e+02
4250 -2.69000e+02
4262 -2.68000e+02
4344 -2.67000e+02
4348 -2.66000e+02
4385 -2.65000e+02
4422 -2.64000e+02
4494 -2.63000e+02
4580 -2.62000e+02
4648 -2.61000e+02
4656 -2.60000e+02
4684 -2.59000e+02
4727 -2.58000e+02
4869 -2.57000e+02
4928 -2.56000e+02
4958 -2.55000e+02
5074 -2.54000e+02
5141 -2.53000e+02
5149 -2.52000e+02
5216 -2.51000e+02
5350 -2.50000e+02
5371 -2.49000e+02
5419 -2.48000e+02
5494 -2.47000e+02
5512 -2.46000e+02
5555 -2.45000e+02
5686 -2.44000e+02
5728 -2.43000e+02
5770 -2.42000e+02
5825 -2.41000e+02
5892 -2.40000e+02
6012 -2.39000e+02
6086 -2.38000e+02
6103 -2.37000e+02
6131 -2.36000e+02
6153 -2.35000e+02
6275 -2.34000e+02
6381 -2.33000e+02
6441 -2.32000e+02
6482 -2.31000e+02
6513 -2.30000e+02
6517 -2.29000e+02
6577 -2.28000e+02
6597 -2.27000e+02
6706 -2.26000e+02
6787 -2.25000e+02
6798 -2.24000e+02
6862 -2.23000e+02
6907 -2.22000e+02
6973 -2.20000e+02
6996 -2.19000e+02
7057 -2.18000e+02
7084 -2.17000e+02
7240 -2.16000e+02
7319 -2.15000e+02
7337 -2.14000e+02
7452 -2.13000e+02
7481 -2.12000e+02
7550 -2.11000e+02
7602 -2.10000e+02
7662 -2.09000e+02
7736 -2.08000e+02
7788 -2.07000e+02
7864 -2.06000e+02
7965 -2.05000e+02
8006 -2.04000e+02
8095 -2.03000e+02
8173 -2.02000e+02
8179 -2.01000e+02
8231 -2.00000e+02
8293 -1.99000e+02
8334 -1.98000e+02
8366 -1.97000e+02
8418 -1.96000e+02
8446 -1.95000e+02
8629 -1.94000e+02
8776 -1.93000e+02
8929 -1.92000e+02
8947 -1.91000e+02
9025 -1.90000e+02
9047 -1.89000e+02
9057 -1.88000e+02
9094 -1.87000e+02
9166 -1.86000e+02
9244 -1.85000e+02
9311 -1.84000e+02
9360 -1.83000e+02
9439 -1.82000e+02
9492 -1.81000e+02
9523 -1.80000e+02
9543 -1.79000e+02
9715 -1.78000e+02
9827 -1.77000e+02
9905 -1.76000e+02
9981 -1.76000e+02
"function evaluation" "best-so-far f(x)"
1 -3.53000e+02
29 -3.52000e+02
50 -3.51000e+02
74 -3.50000e+02
84 -3.49000e+02
112 -3.48000e+02
151 -3.47000e+02
226 -3.46000e+02
285 -3.45000e+02
302 -3.44000e+02
365 -3.43000e+02
433 -3.42000e+02
453 -3.41000e+02
474 -3.40000e+02
487 -3.39000e+02
529 -3.38000e+02
592 -3.37000e+02
628 -3.36000e+02
664 -3.35000e+02
705 -3.34000e+02
729 -3.33000e+02
746 -3.32000e+02
770 -3.31000e+02
800 -3.30000e+02
874 -3.29000e+02
885 -3.28000e+02
945 -3.27000e+02
990 -3.26000e+02
992 -3.25000e+02
1004 -3.24000e+02
1063 -3.23000e+02
1101 -3.22000e+02
1130 -3.21000e+02
1137 -3.20000e+02
1259 -3.19000e+02
1354 -3.18000e+02
1362 -3.17000e+02
1426 -3.16000e+02
1459 -3.15000e+02
1618 -3.14000e+02
1693 -3.13000e+02
1718 -3.12000e+02
1749 -3.11000e+02
1789 -3.10000e+02
1834 -3.09000e+02
1866 -3.08000e+02
1916 -3.07000e+02
1983 -3.06000e+02
2045 -3.05000e+02
2046 -3.04000e+02
2078 -3.03000e+02
2195 -3.02000e+02
2291 -3.01000e+02
2371 -3.00000e+02
2402 -2.99000e+02
2422 -2.98000e+02
2451 -2.97000e+02
2505 -2.96000e+02
2529 -2.95000e+02
2593 -2.94000e+02
2620 -2.93000e+02
2628 -2.92000e+02
2694 -2.91000e+02
2699 -2.90000e+02
2708 -2.89000e+02
2744 -2.88000e+02
2776 -2.87000e+02
2824 -2.86000e+02
2857 -2.85000e+02
2971 -2.84000e+02
3020 -2.83000e+02
3075 -2.82000e+02
3139 -2.81000e+02
3179 -2.80000e+02
3200 -2.79000e+02
3282 -2.78000e+02
3322 -2.77000e+02
3339 -2.76000e+02
3369 -2.75000e+02
3386 -2.74000e+02
3424 -2.72000e+02
3541 -2.71000e+02
3598 -2.70000e+02
3643 -2.69000e+02
3660 -2.67000e+02
3698 -2.66000e+02
3739 -2.64000e+02
3802 -2.63000e+02
3837 -2.62000e+02
3859 -2.61000e+02
3910 -2.60000e+02
3989 -2.59000e+02
4053 -2.58000e+02
4097 -2.57000e+02
4217 -2.56000e+02
4288 -2.55000e+02
4311 -2.54000e+02
4329 -2.53000e+02
4376 -2.52000e+02
4411 -2.51000e+02
4514 -2.50000e+02
4575 -2.49000e+02
4597 -2.48000e+02
4658 -2.47000e+02
4765 -2.46000e+02
4912 -2.45000e+02
4975 -2.44000e+02
5004 -2.43000e+02
5086 -2.42000e+02
5098 -2.41000e+02
5166 -2.40000e+02
5188 -2.39000e+02
5193 -2.37000e+02
5224 -2.36000e+02
5300 -2.35000e+02
5382 -2.34000e+02
5395 -2.33000e+02
5429 -2.32000e+02
5452 -2.31000e+02
5497 -2.29000e+02
5597 -2.28000e+02
5684 -2.27000e+02
5724 -2.26000e+02
5733 -2.25000e+02
5756 -2.24000e+02
5763 -2.23000e+02
5840 -2.22000e+02
5878 -2.21000e+02
5906 -2.20000e+02
6005 -2.19000e+02
6061 -2.18000e+02
6165 -2.17000e+02
6175 -2.16000e+02
6298 -2.15000e+02
6327 -2.14000e+02
6537 -2.13000e+02
6582 -2.12000e+02
6611 -2.11000e+02
6681 -2.10000e+02
6690 -2.09000e+02
6712 -2.08000e+02
6732 -2.07000e+02
6781 -2.06000e+02
6932 -2.05000e+02
6940 -2.04000e+02
6981 -2.03000e+02
7157 -2.02000e+02
7192 -2.01000e+02
7296 -2.00000e+02
7332 -1.99000e+02
7402 -1.98000e+02
7468 -1.97000e+02
7502 -1.96000e+02
7532 -1.95000e+02
7582 -1.94000e+02
7678 -1.93000e+02
7716 -1.92000e+02
7840 -1.91000e+02
7931 -1.90000e+02
8010 -1.89000e+02
8040 -1.88000e+02
8108 -1.87000e+02
8109 -1.86000e+02
8130 -1.85000e+02
8279 -1.84000e+02
8349 -1.83000e+02
8382 -1.82000e+02
8410 -1.81000e+02
8436 -1.80000e+02
8489 -1.79000e+02
8542 -1.78000e+02
8716 -1.77000e+02
8873 -1.76000e+02
8932 -1.75000e+02
9076 -1.74000e+02
9087 -1.73000e+02
9204 -1.72000e+02
9228 -1.71000e+02
9338 -1.70000e+02
9472 -1.69000e+02
9561 -1.68000e+02
9701 -1.66000e+02
9847 -1.65000e+02
9863 -1.64000e+02
9905 -1.63000e+02
9932 -1.62000e+02
9981 -1.62000e+02
"function evaluation" "best-so-far f(x)"
1 -3.53000e+02
31 -3.52000e+02
114 -3.51000e+02
146 -3.50000e+02
192 -3.49000e+02
227 -3.48000e+02
267 -3.47000e+02
290 -3.46000e+02
360 -3.45000e+02
401 -3.44000e+02
446 -3.43000e+02
504 -3.42000e+02
548 -3.41000e+02
563 -3.40000e+02
599 -3.38000e+02
609 -3.37000e+02
635 -3.36000e+02
725 -3.35000e+02
772 -3.34000e+02
774 -3.33000e+02
792 -3.32000e+02
797 -3.31000e+02
825 -3.30000e+02
871 -3.29000e+02
902 -3.28000e+02
969 -3.27000e+02
1049 -3.26000e+02
1112 -3.25000e+02
1218 -3.24000e+02
1232 -3.23000e+02
1266 -3.22000e+02
1300 -3.21000e+02
1389 -3.20000e+02
1415 -3.19000e+02
1473 -3.18000e+02
1496 -3.17000e+02
1589 -3.16000e+02
1685 -3.15000e+02
1687 -3.14000e+02
1739 -3.13000e+02
1803 -3.12000e+02
1840 -3.11000e+02
1883 -3.10000e+02
1952 -3.09000e+02
1969 -3.08000e+02
2003 -3.07000e+02
2025 -3.06000e+02
2056 -3.05000e+02
2132 -3.04000e+02
2184 -3.03000e+02
2214 -3.02000e+02
2299 -3.01000e+02
2326 -3.00000e+02
2427 -2.99000e+02
2465 -2.98000e+02
2523 -2.97000e+02
2536 -2.96000e+02
2564 -2.95000e+02
2567 -2.93000e+02
2601 -2.92000e+02
2702 -2.91000e+02
2726 -2.90000e+02
2818 -2.89000e+02
2887 -2.88000e+02
2910 -2.87000e+02
2926 -2.86000e+02
2953 -2.85000e+02
2991 -2.84000e+02
3002 -2.83000e+02
3057 -2.82000e+02
3122 -2.81000e+02
3176 -2.80000e+02
3250 -2.79000e+02
3295 -2.78000e+02
3345 -2.77000e+02
3412 -2.76000e+02
3509 -2.75000e+02
3511 -2.74000e+02
3586 -2.73000e+02
3629 -2.72000e+02
3673 -2.71000e+02
3726 -2.70000e+02
3753 -2.69000e+02
3801 -2.68000e+02
3842 -2.67000e+02
3893 -2.66000e+02
3933 -2.64000e+02
3958 -2.63000e+02
4006 -2.62000e+02
4098 -2.61000e+02
4162 -2.60000e+02
4194 -2.59000e+02
4256 -2.58000e+02
4291 -2.57000e+02
4309 -2.56000e+02
4350 -2.55000e+02
4363 -2.54000e+02
4394 -2.53000e+02
4444 -2.52000e+02
4470 -2.51000e+02
4485 -2.50000e+02
4513 -2.49000e+02
4525 -2.48000e+02
4562 -2.47000e+02
4573 -2.46000e+02
4613 -2.44000e+02
4653 -2.43000e+02
4704 -2.42000e+02
4754 -2.41000e+02
4832 -2.40000e+02
4872 -2.39000e+02
4903 -2.38000e+02
4945 -2.37000e+02
4991 -2.36000e+02
5099 -2.35000e+02
5288 -2.34000e+02
5378 -2.33000e+02
5436 -2.32000e+02
5484 -2.30000e+02
5558 -2.29000e+02
5640 -2.28000e+02
5668 -2.27000e+02
5766 -2.26000e+02
5797 -2.25000e+02
5802 -2.24000e+02
5855 -2.23000e+02
5953 -2.22000e+02
5982 -2.21000e+02
6023 -2.20000e+02
6060 -2.19000e+02
6129 -2.18000e+02
6187 -2.17000e+02
6286 -2.16000e+02
6323 -2.15000e+02
6406 -2.14000e+02
6480 -2.13000e+02
6504 -2.12000e+02
6653 -2.11000e+02
6719 -2.10000e+02
6808 -2.09000e+02
6846 -2.08000e+02
6889 -2.07000e+02
6956 -2.06000e+02
6990 -2.05000e+02
7059 -2.04000e+02
7096 -2.03000e+02
7105 -2.02000e+02
7114 -2.01000e+02
7162 -2.00000e+02
7212 -1.99000e+02
7268 -1.98000e+02
7337 -1.97000e+02
7425 -1.96000e+02
7500 -1.95000e+02
7546 -1.94000e+02
7587 -1.93000e+02
7695 -1.91000e+02
7745 -1.90000e+02
7811 -1.89000e+02
7892 -1.87000e+02
7929 -1.86000e+02
7952 -1.85000e+02
7971 -1.84000e+02
8133 -1.83000e+02
8244 -1.82000e+02
8288 -1.81000e+02
8322 -1.80000e+02
8401 -1.79000e+02
8429 -1.78000e+02
8529 -1.77000e+02
8586 -1.76000e+02
8641 -1.75000e+02
8714 -1.74000e+02
8751 -1.73000e+02
8772 -1.72000e+02
8861 -1.71000e+02
8899 -1.70000e+02
8946 -1.69000e+02
8958 -1.68000e+02
9088 -1.67000e+02
9219 -1.66000e+02
9236 -1.65000e+02
9303 -1.64000e+02
9335 -1.63000e+02
9381 -1.62000e+02
9470 -1.61000e+02
9568 -1.60000e+02
9797 -1.59000e+02
9830 -1.58000e+02
9853 -1.57000e+02
9891 -1.56000e+02
9978 -1.55000e+02
9981 -1.55000e+02
"function evaluation" "best-so-far f(x)"
1 -3.53000e+02
59 -3.52000e+02
79 -3.51000e+02
88 -3.50000e+02
167 -3.49000e+02
192 -3.48000e+02
231 -3.47000e+02
280 -3.46000e+02
377 -3.45000e+02
401 -3.44000e+02
450 -3.43000e+02
494 -3.42000e+02
499 -3.41000e+02
534 -3.40000e+02
576 -3.39000e+02
653 -3.38000e+02
690 -3.37000e+02
717 -3.36000e+02
743 -3.35000e+02
860 -3.34000e+02
969 -3.33000e+02
1025 -3.32000e+02
1057 -3.31000e+02
1140 -3.30000e+02
1175 -3.29000e+02
1212 -3.28000e+02
1228 -3.27000e+02
1321 -3.26000e+02
1385 -3.25000e+02
1437 -3.24000e+02
1480 -3.23000e+02
1485 -3.22000e+02
1535 -3.21000e+02
1641 -3.20000e+02
1683 -3.19000e+02
1705 -3.17000e+02
1735 -3.16000e+02
1776 -3.15000e+02
1781 -3.14000e+02
1837 -3.13000e+02
1851 -3.12000e+02
1882 -3.11000e+02
1904 -3.10000e+02
1991 -3.09000e+02
2040 -3.08000e+02
2072 -3.07000e+02
2080 -3.06000e+02
2096 -3.05000e+02
2206 -3.04000e+02
2218 -3.03000e+02
2270 -3.02000e+02
2279 -3.01000e+02
2378 -3.00000e+02
2459 -2.99000e+02
2535 -2.98000e+02
2545 -2.97000e+02
2580 -2.96000e+02
2687 -2.95000e+02
2806 -2.94000e+02
2850 -2.93000e+02
2965 -2.92000e+02
3008 -2.91000e+02
3069 -2.90000e+02
3129 -2.89000e+02
3219 -2.88000e+02
3248 -2.87000e+02
3323 -2.86000e+02
3342 -2.85000e+02
3345 -2.84000e+02
3490 -2.83000e+02
3530 -2.82000e+02
3611 -2.81000e+02
3621 -2.80000e+02
3640 -2.79000e+02
3727 -2.78000e+02
3791 -2.77000e+02
3858 -2.76000e+02
3874 -2.75000e+02
3908 -2.74000e+02
3977 -2.73000e+02
3990 -2.72000e+02
4013 -2.71000e+02
4110 -2.70000e+02
4183 -2.69000e+02
4228 -2.68000e+02
4265 -2.67000e+02
4364 -2.66000e+02
4391 -2.65000e+02
4419 -2.64000e+02
4425 -2.62000e+02
4547 -2.61000e+02
4611 -2.60000e+02
4633 -2.59000e+02
4720 -2.58000e+02
4741 -2.56000e+02
4774 -2.55000e+02
4806 -2.54000e+02
4955 -2.53000e+02
5028 -2.52000e+02
5101 -2.51000e+02
5126 -2.50000e+02
5202 -2.49000e+02
5264 -2.48000e+02
5319 -2.47000e+02
5434 -2.46000e+02
5504 -2.45000e+02
5519 -2.44000e+02
5556 -2.43000e+02
5569 -2.42000e+02
5623 -2.41000e+02
5672 -2.40000e+02
5709 -2.39000e+02
5756 -2.38000e+02
5838 -2.37000e+02
5898 -2.36000e+02
5939 -2.35000e+02
5989 -2.34000e+02
6079 -2.33000e+02
6106 -2.32000e+02
6150 -2.31000e+02
6211 -2.30000e+02
6218 -2.29000e+02
6254 -2.28000e+02
6283 -2.27000e+02
6322 -2.26000e+02
6414 -2.25000e+02
6456 -2.24000e+02
6463 -2.23000e+02
6567 -2.22000e+02
6581 -2.21000e+02
6594 -2.20000e+02
6710 -2.19000e+02
6743 -2.18000e+02
6818 -2.17000e+02
6824 -2.16000e+02
6888 -2.15000e+02
6932 -2.12000e+02
6995 -2.11000e+02
7018 -2.10000e+02
7019 -2.09000e+02
7148 -2.08000e+02
7225 -2.07000e+02
7269 -2.06000e+02
7353 -2.05000e+02
7396 -2.04000e+02
7496 -2.03000e+02
7539 -2.02000e+02
7573 -2.01000e+02
7807 -2.00000e+02
7863 -1.99000e+02
7930 -1.98000e+02
7974 -1.97000e+02
8014 -1.96000e+02
8059 -1.95000e+02
8151 -1.94000e+02
8239 -1.93000e+02
8342 -1.92000e+02
8440 -1.91000e+02
8597 -1.90000e+02
8673 -1.89000e+02
8740 -1.88000e+02
8877 -1.87000e+02
8927 -1.86000e+02
8967 -1.84000e+02
9072 -1.83000e+02
9102 -1.82000e+02
9185 -1.81000e+02
9293 -1.80000e+02
9333 -1.79000e+02
9375 -1.78000e+02
9489 -1.77000e+02
9523 -1.76000e+02
9741 -1.75000e+02
9867 -1.74000e+02
9948 -1.73000e+02
9981 -1.73000e+02
"function evaluation" "best-so-far f(x)"
1 -3.53000e+02
14 -3.52000e+02
21 -3.51000e+02
46 -3.49000e+02
51 -3.48000e+02
123 -3.47000e+02
172 -3.46000e+02
184 -3.45000e+02
220 -3.44000e+02
248 -3.43000e+02
307 -3.42000e+02
360 -3.41000e+02
407 -3.40000e+02
447 -3.39000e+02
485 -3.38000e+02
530 -3.37000e+02
564 -3.36000e+02
593 -3.35000e+02
674 -3.34000e+02
725 -3.33000e+02
755 -3.32000e+02
799 -3.31000e+02
869 -3.30000e+02
917 -3.29000e+02
930 -3.28000e+02
972 -3.27000e+02
1012 -3.26000e+02
1048 -3.25000e+02
1059 -3.24000e+02
1077 -3.23000e+02
1091 -3.22000e+02
1094 -3.21000e+02
1125 -3.20000e+02
1198 -3.19000e+02
1221 -3.18000e+02
1265 -3.17000e+02
1299 -3.16000e+02
1325 -3.14000e+02
1334 -3.13000e+02
1393 -3.12000e+02
1398 -3.11000e+02
1436 -3.10000e+02
1521 -3.09000e+02
1598 -3.08000e+02
1739 -3.07000e+02
1763 -3.06000e+02
1797 -3.05000e+02
1819 -3.04000e+02
1857 -3.03000e+02
1889 -3.02000e+02
1924 -3.01000e+02
2002 -3.00000e+02
2050 -2.99000e+02
2079 -2.98000e+02
2097 -2.97000e+02
2128 -2.96000e+02
2164 -2.95000e+02
2195 -2.94000e+02
2263 -2.93000e+02
2315 -2.92000e+02
2334 -2.91000e+02
2447 -2.90000e+02
2496 -2.89000e+02
2642 -2.88000e+02
2698 -2.87000e+02
2707 -2.86000e+02
2736 -2.85000e+02
3005 -2.84000e+02
3046 -2.83000e+02
3070 -2.82000e+02
3075 -2.81000e+02
3106 -2.80000e+02
3137 -2.79000e+02
3140 -2.78000e+02
3166 -2.77000e+02
3175 -2.76000e+02
3238 -2.75000e+02
3242 -2.74000e+02
3314 -2.73000e+02
3385 -2.72000e+02
3484 -2.71000e+02
3682 -2.70000e+02
3719 -2.69000e+02
3767 -2.68000e+02
3774 -2.67000e+02
3848 -2.66000e+02
3896 -2.64000e+02
3991 -2.61000e+02
4039 -2.60000e+02
4066 -2.59000e+02
4134 -2.58000e+02
4180 -2.57000e+02
4181 -2.56000e+02
4210 -2.55000e+02
4271 -2.54000e+02
4278 -2.53000e+02
4324 -2.52000e+02
4463 -2.51000e+02
4483 -2.50000e+02
4555 -2.49000e+02
4576 -2.48000e+02
4605 -2.47000e+02
4637 -2.46000e+02
4649 -2.45000e+02
4691 -2.44000e+02
4717 -2.43000e+02
4812 -2.42000e+02
4882 -2.41000e+02
4917 -2.40000e+02
4970 -2.39000e+02
5007 -2.38000e+02
5028 -2.37000e+02
5137 -2.36000e+02
5147 -2.35000e+02
5243 -2.34000e+02
5247 -2.33000e+02
5287 -2.32000e+02
5453 -2.31000e+02
5513 -2.30000e+02
5521 -2.29000e+02
5643 -2.28000e+02
5777 -2.27000e+02
5798 -2.26000e+02
5862 -2.25000e+02
5923 -2.24000e+02
5946 -2.23000e+02
5982 -2.22000e+02
6099 -2.21000e+02
6216 -2.20000e+02
6251 -2.19000e+02
6316 -2.18000e+02
6343 -2.17000e+02
6358 -2.16000e+02
6385 -2.15000e+02
6409 -2.14000e+02
6507 -2.13000e+02
6563 -2.12000e+02
6593 -2.11000e+02
6660 -2.10000e+02
6697 -2.09000e+02
6746 -2.08000e+02
6772 -2.07000e+02
6813 -2.06000e+02
6819 -2.05000e+02
6923 -2.04000e+02
6927 -2.03000e+02
7086 -2.02000e+02
7172 -2.01000e+02
7273 -2.00000e+02
7355 -1.99000e+02
7378 -1.98000e+02
7429 -1.97000e+02
7600 -1.96000e+02
7667 -1.95000e+02
7712 -1.94000e+02
7757 -1.93000e+02
7824 -1.92000e+02
7907 -1.91000e+02
7982 -1.90000e+02
8005 -1.88000e+02
8077 -1.86000e+02
8123 -1.85000e+02
8179 -1.84000e+02
8200 -1.83000e+02
8230 -1.82000e+02
8372 -1.81000e+02
8407 -1.80000e+02
8494 -1.79000e+02
8545 -1.78000e+02
8658 -1.77000e+02
8710 -1.76000e+02
8861 -1.75000e+02
8880 -1.74000e+02
9023 -1.73000e+02
9050 -1.72000e+02
9098 -1.71000e+02
9225 -1.70000e+02
9290 -1.69000e+02
9340 -1.68000e+02
9376 -1.67000e+02
9466 -1.66000e+02
9479 -1.65000e+02
9600 -1.64000e+02
9674 -1.63000e+02
9802 -1.62000e+02
9859 -1.61000e+02
9937 -1.60000e+02
9980 -1.59000e+02
9981 -1.59000e+02
"function evaluation" "best-so-far f(x)"
1 -3.53000e+02
15 -3.52000e+02
140 -3.51000e+02
156 -3.50000e+02
179 -3.49000e+02
307 -3.48000e+02
322 -3.46000e+02
373 -3.45000e+02
427 -3.44000e+02
445 -3.43000e+02
480 -3.42000e+02
531 -3.41000e+02
597 -3.39000e+02
627 -3.38000e+02
667 -3.37000e+02
699 -3.36000e+02
791 -3.35000e+02
863 -3.34000e+02
866 -3.33000e+02
875 -3.32000e+02
900 -3.31000e+02
903 -3.30000e+02
929 -3.29000e+02
966 -3.28000e+02
1027 -3.27000e+02
1029 -3.26000e+02
1042 -3.25000e+02
1076 -3.24000e+02
1133 -3.23000e+02
1240 -3.22000e+02
1277 -3.21000e+02
1338 -3.19000e+02
1475 -3.18000e+02
1478 -3.17000e+02
1497 -3.16000e+02
1530 -3.15000e+02
1574 -3.14000e+02
1614 -3.13000e+02
1619 -3.12000e+02
1693 -3.11000e+02
1715 -3.10000e+02
1721 -3.09000e+02
1790 -3.08000e+02
1816 -3.07000e+02
1840 -3.06000e+02
1870 -3.05000e+02
1909 -3.04000e+02
1947 -3.03000e+02
1970 -3.02000e+02
2019 -3.01000e+02
2039 -2.99000e+02
2310 -2.98000e+02
2335 -2.97000e+02
2393 -2.96000e+02
2400 -2.95000e+02
2460 -2.94000e+02
2489 -2.93000e+02
2503 -2.92000e+02
2544 -2.91000e+02
2561 -2.90000e+02
2637 -2.89000e+02
2707 -2.88000e+02
2773 -2.87000e+02
2874 -2.86000e+02
2899 -2.85000e+02
2922 -2.84000e+02
2979 -2.83000e+02
3016 -2.82000e+02
3079 -2.81000e+02
3128 -2.80000e+02
3149 -2.79000e+02
3176 -2.78000e+02
3190 -2.77000e+02
3290 -2.76000e+02
3312 -2.74000e+02
3447 -2.73000e+02
3464 -2.71000e+02
3515 -2.70000e+02
3560 -2.69000e+02
3612 -2.68000e+02
3677 -2.67000e+02
3722 -2.66000e+02
3755 -2.65000e+02
3774 -2.64000e+02
3885 -2.63000e+02
3928 -2.62000e+02
3932 -2.61000e+02
3975 -2.60000e+02
4001 -2.59000e+02
4064 -2.58000e+02
4104 -2.57000e+02
4124 -2.56000e+02
4150 -2.55000e+02
4199 -2.54000e+02
4233 -2.53000e+02
4295 -2.52000e+02
4308 -2.51000e+02
4424 -2.50000e+02
4457 -2.48000e+02
4644 -2.47000e+02
4813 -2.45000e+02
4897 -2.44000e+02
4933 -2.43000e+02
4984 -2.42000e+02
5007 -2.41000e+02
5079 -2.40000e+02
5174 -2.39000e+02
5274 -2.38000e+02
5313 -2.37000e+02
5442 -2.36000e+02
5454 -2.35000e+02
5499 -2.34000e+02
5576 -2.32000e+02
5611 -2.31000e+02
5666 -2.30000e+02
5810 -2.29000e+02
5847 -2.28000e+02
5983 -2.27000e+02
6003 -2.26000e+02
6133 -2.25000e+02
6180 -2.24000e+02
6229 -2.23000e+02
6359 -2.22000e+02
6437 -2.21000e+02
6486 -2.20000e+02
6516 -2.19000e+02
6591 -2.18000e+02
6676 -2.17000e+02
6741 -2.16000e+02
6807 -2.15000e+02
6828 -2.14000e+02
7021 -2.13000e+02
7050 -2.12000e+02
7091 -2.11000e+02
7121 -2.10000e+02
7178 -2.09000e+02
7331 -2.08000e+02
7347 -2.07000e+02
7386 -2.06000e+02
7447 -2.05000e+02
7544 -2.04000e+02
7585 -2.03000e+02
7610 -2.02000e+02
7638 -2.01000e+02
7744 -2.00000e+02
7760 -1.99000e+02
7830 -1.98000e+02
7907 -1.97000e+02
7984 -1.96000e+02
8025 -1.95000e+02
8054 -1.94000e+02
8082 -1.93000e+02
8215 -1.92000e+02
8276 -1.91000e+02
8303 -1.90000e+02
8361 -1.89000e+02
8449 -1.88000e+02
8485 -1.87000e+02
8505 -1.86000e+02
8649 -1.85000e+02
8692 -1.84000e+02
8760 -1.83000e+02
8822 -1.82000e+02
8879 -1.81000e+02
8927 -1.80000e+02
8975 -1.79000e+02
9056 -1.78000e+02
9111 -1.77000e+02
9133 -1.76000e+02
9162 -1.75000e+02
9172 -1.74000e+02
9183 -1.73000e+02
9234 -1.72000e+02
9340 -1.71000e+02
9372 -1.70000e+02
9455 -1.69000e+02
9522 -1.68000e+02
9590 -1.67000e+02
9664 -1.66000e+02
9709 -1.65000e+02
9864 -1.64000e+02
9902 -1.63000e+02
9923 -1.62000e+02
9951 -1.61000e+02
9981 -1.61000e+02
"function evaluation" "best-so-far f(x)"
1 -3.53000e+02
4 -3.52000e+02
87 -3.51000e+02
134 -3.50000e+02
193 -3.49000e+02
198 -3.48000e+02
207 -3.47000e+02
224 -3.46000e+02
274 -3.45000e+02
395 -3.44000e+02
445 -3.43000e+02
511 -3.42000e+02
548 -3.41000e+02
590 -3.40000e+02
616 -3.38000e+02
671 -3.37000e+02
688 -3.36000e+02
713 -3.35000e+02
820 -3.34000e+02
834 -3.33000e+02
860 -3.32000e+02
925 -3.31000e+02
967 -3.30000e+02
982 -3.29000e+02
1010 -3.28000e+02
1074 -3.27000e+02
1137 -3.26000e+02
1151 -3.25000e+02
1214 -3.24000e+02
1249 -3.22000e+02
1286 -3.21000e+02
1296 -3.20000e+02
1350 -3.19000e+02
1367 -3.18000e+02
1387 -3.17000e+02
1445 -3.15000e+02
1446 -3.14000e+02
1547 -3.13000e+02
1566 -3.12000e+02
1577 -3.11000e+02
1586 -3.10000e+02
1690 -3.09000e+02
1713 -3.08000e+02
1742 -3.07000e+02
1772 -3.06000e+02
1774 -3.05000e+02
1825 -3.04000e+02
1901 -3.03000e+02
1937 -3.02000e+02
1982 -3.01000e+02
2001 -3.00000e+02
2090 -2.99000e+02
2208 -2.98000e+02
2243 -2.97000e+02
2282 -2.96000e+02
2290 -2.95000e+02
2426 -2.94000e+02
2456 -2.93000e+02
2491 -2.91000e+02
2541 -2.90000e+02
2577 -2.89000e+02
2612 -2.88000e+02
2658 -2.87000e+02
2712 -2.86000e+02
2816 -2.85000e+02
2847 -2.84000e+02
2862 -2.83000e+02
2904 -2.82000e+02
3024 -2.81000e+02
3085 -2.80000e+02
3126 -2.78000e+02
3282 -2.77000e+02
3337 -2.76000e+02
3348 -2.75000e+02
3410 -2.74000e+02
3455 -2.73000e+02
3520 -2.72000e+02
3602 -2.71000e+02
3605 -2.70000e+02
3658 -2.69000e+02
3693 -2.68000e+02
3745 -2.66000e+02
3782 -2.65000e+02
3783 -2.64000e+02
3796 -2.63000e+02
3878 -2.62000e+02
4000 -2.61000e+02
4037 -2.60000e+02
4101 -2.59000e+02
4153 -2.58000e+02
4195 -2.57000e+02
4197 -2.56000e+02
4217 -2.55000e+02
4255 -2.54000e+02
4340 -2.53000e+02
4419 -2.52000e+02
4498 -2.51000e+02
4514 -2.50000e+02
4588 -2.49000e+02
4670 -2.48000e+02
4720 -2.47000e+02
4861 -2.46000e+02
4874 -2.45000e+02
4884 -2.44000e+02
4910 -2.43000e+02
4913 -2.42000e+02
4976 -2.41000e+02
5014 -2.40000e+02
5058 -2.38000e+02
5101 -2.37000e+02
5125 -2.36000e+02
5185 -2.35000e+02
5221 -2.34000e+02
5298 -2.33000e+02
5305 -2.32000e+02
5390 -2.31000e+02
5473 -2.30000e+02
5517 -2.29000e+02
5555 -2.28000e+02
5657 -2.27000e+02
5719 -2.26000e+02
5789 -2.25000e+02
5815 -2.24000e+02
5879 -2.23000e+02
5925 -2.22000e+02
6034 -2.21000e+02
6102 -2.20000e+02
6150 -2.19000e+02
6306 -2.18000e+02
6353 -2.17000e+02
6426 -2.16000e+02
6486 -2.15000e+02
6507 -2.14000e+02
6564 -2.13000e+02
6667 -2.12000e+02
6720 -2.11000e+02
6811 -2.10000e+02
6890 -2.09000e+02
7040 -2.08000e+02
7115 -2.06000e+02
7170 -2.05000e+02
7237 -2.04000e+02
7397 -2.03000e+02
7430 -2.02000e+02
7547 -2.01000e+02
7611 -2.00000e+02
7658 -1.98000e+02
7706 -1.97000e+02
7778 -1.96000e+02
7873 -1.95000e+02
7914 -1.94000e+02
7999 -1.93000e+02
8067 -1.92000e+02
8117 -1.91000e+02
8190 -1.90000e+02
8238 -1.89000e+02
8357 -1.88000e+02
8416 -1.87000e+02
8498 -1.86000e+02
8563 -1.85000e+02
8589 -1.84000e+02
8627 -1.83000e+02
8653 -1.82000e+02
8697 -1.81000e+02
8752 -1.80000e+02
8837 -1.79000e+02
8922 -1.78000e+02
8945 -1.77000e+02
8948 -1.76000e+02
9047 -1.75000e+02
9130 -1.74000e+02
9163 -1.73000e+02
9205 -1.72000e+02
9249 -1.71000e+02
9331 -1.70000e+02
9431 -1.69000e+02
9457 -1.68000e+02
9494 -1.67000e+02
9507 -1.66000e+02
9540 -1.65000e+02
9581 -1.64000e+02
9599 -1.63000e+02
9650 -1.62000e+02
9752 -1.61000e+02
9816 -1.60000e+02
9874 -1.58000e+02
9932 -1.57000e+02
9969 -1.56000e+02
9981 -1.56000e+02
"function evaluation" "best-so-far f(x)"
1 -3.53000e+02
3 -3.52000e+02
48 -3.51000e+02
59 -3.50000e+02
87 -3.48000e+02
130 -3.47000e+02
177 -3.46000e+02
232 -3.45000e+02
305 -3.44000e+02
444 -3.43000e+02
463 -3.42000e+02
491 -3.41000e+02
535 -3.40000e+02
585 -3.39000e+02
655 -3.38000e+02
686 -3.37000e+02
758 -3.36000e+02
783 -3.35000e+02
829 -3.34000e+02
840 -3.33000e+02
913 -3.32000e+02
953 -3.31000e+02
976 -3.30000e+02
1005 -3.29000e+02
1080 -3.28000e+02
1152 -3.27000e+02
1247 -3.26000e+02
1264 -3.25000e+02
1278 -3.24000e+02
1291 -3.23000e+02
1300 -3.22000e+02
1360 -3.21000e+02
1393 -3.20000e+02
1500 -3.19000e+02
1523 -3.18000e+02
1529 -3.16000e+02
1579 -3.15000e+02
1621 -3.14000e+02
1667 -3.13000e+02
1673 -3.12000e+02
1697 -3.10000e+02
1743 -3.09000e+02
1799 -3.08000e+02
1857 -3.07000e+02
1863 -3.06000e+02
1950 -3.05000e+02
2119 -3.04000e+02
2144 -3.03000e+02
2149 -3.02000e+02
2165 -3.01000e+02
2277 -3.00000e+02
2320 -2.99000e+02
2427 -2.98000e+02
2578 -2.97000e+02
2610 -2.96000e+02
2721 -2.95000e+02
2728 -2.94000e+02
2784 -2.93000e+02
2801 -2.92000e+02
2810 -2.91000e+02
2848 -2.90000e+02
2948 -2.89000e+02
2972 -2.88000e+02
2994 -2.87000e+02
3087 -2.86000e+02
3118 -2.85000e+02
3167 -2.84000e+02
3258 -2.83000e+02
3274 -2.82000e+02
3321 -2.81000e+02
3399 -2.79000e+02
3471 -2.78000e+02
3476 -2.77000e+02
3571 -2.76000e+02
3609 -2.75000e+02
3687 -2.74000e+02
3767 -2.73000e+02
3820 -2.72000e+02
3863 -2.71000e+02
3945 -2.70000e+02
4003 -2.69000e+02
4062 -2.68000e+02
4064 -2.67000e+02
4140 -2.66000e+02
4218 -2.65000e+02
4270 -2.64000e+02
4305 -2.63000e+02
4365 -2.62000e+02
4402 -2.61000e+02
4430 -2.60000e+02
4475 -2.58000e+02
4610 -2.57000e+02
4659 -2.56000e+02
4684 -2.55000e+02
4715 -2.54000e+02
4722 -2.53000e+02
4768 -2.51000e+02
4803 -2.50000e+02
4884 -2.49000e+02
4995 -2.47000e+02
5097 -2.46000e+02
5184 -2.45000e+02
5236 -2.44000e+02
5306 -2.43000e+02
5326 -2.42000e+02
5382 -2.41000e+02
5531 -2.40000e+02
5564 -2.39000e+02
5618 -2.38000e+02
5668 -2.37000e+02
5697 -2.36000e+02
5733 -2.35000e+02
5769 -2.34000e+02
5809 -2.33000e+02
5831 -2.32000e+02
5878 -2.31000e+02
5920 -2.30000e+02
5975 -2.29000e+02
6125 -2.28000e+02
6215 -2.27000e+02
6283 -2.26000e+02
6313 -2.25000e+02
6359 -2.24000e+02
6374 -2.23000e+02
6385 -2.22000e+02
6417 -2.21000e+02
6480 -2.20000e+02
6498 -2.19000e+02
6572 -2.18000e+02
6684 -2.16000e+02
6694 -2.15000e+02
6774 -2.14000e+02
6860 -2.13000e+02
6865 -2.12000e+02
6979 -2.11000e+02
6995 -2.10000e+02
7150 -2.09000e+02
7220 -2.08000e+02
7300 -2.07000e+02
7373 -2.06000e+02
7444 -2.05000e+02
7471 -2.04000e+02
7493 -2.03000e+02
7543 -2.02000e+02
7585 -2.01000e+02
7663 -2.00000e+02
7725 -1.99000e+02
7767 -1.98000e+02
7986 -1.96000e+02
8056 -1.95000e+02
8113 -1.94000e+02
8189 -1.93000e+02
8213 -1.92000e+02
8246 -1.91000e+02
8326 -1.90000e+02
8401 -1.89000e+02
8407 -1.88000e+02
8449 -1.87000e+02
8531 -1.86000e+02
8607 -1.85000e+02
8647 -1.84000e+02
8743 -1.83000e+02
8830 -1.82000e+02
8906 -1.81000e+02
8945 -1.79000e+02
9023 -1.78000e+02
9064 -1.77000e+02
9133 -1.76000e+02
9150 -1.75000e+02
9269 -1.74000e+02
9378 -1.73000e+02
9725 -1.72000e+02
9749 -1.71000e+02
9827 -1.70000e+02
9947 -1.69000e+02
9979 -1.68000e+02
9981 -1.68000e+02
