"function evaluation" "best-so-far f(x)"
1 -3.53000e+02
13 -3.52000e+02
35 -3.51000e+02
81 -3.50000e+02
143 -3.49000e+02
175 -3.48000e+02
283 -3.46000e+02
338 -3.45000e+02
408 -3.44000e+02
442 -3.43000e+02
459 -3.42000e+02
479 -3.41000e+02
518 -3.40000e+02
538 -3.39000e+02
600 -3.38000e+02
604 -3.37000e+02
688 -3.36000e+02
766 -3.35000e+02
804 -3.34000e+02
860 -3.33000e+02
878 -3.32000e+02
958 -3.31000e+02
998 -3.30000e+02
1088 -3.28000e+02
1184 -3.27000e+02
1189 -3.26000e+02
1224 -3.25000e+02
1269 -3.24000e+02
1351 -3.23000e+02
1419 -3.22000e+02
1459 -3.21000e+02
1487 -3.20000e+02
1577 -3.19000e+02
1779 -3.18000e+02
1800 -3.17000e+02
1865 -3.16000e+02
1884 -3.15000e+02
1930 -3.14000e+02
1936 -3.13000e+02
2098 -3.12000e+02
2125 -3.10000e+02
2152 -3.09000e+02
2232 -3.08000e+02
2258 -3.07000e+02
2271 -3.06000e+02
2428 -3.05000e+02
2516 -3.04000e+02
2574 -3.03000e+02
2646 -3.02000e+02
2693 -3.01000e+02
2759 -3.00000e+02
2800 -2.98000e+02
2801 -2.97000e+02
2835 -2.96000e+02
2862 -2.95000e+02
2869 -2.93000e+02
2894 -2.92000e+02
2927 -2.91000e+02
2977 -2.90000e+02
3044 -2.89000e+02
3215 -2.88000e+02
3235 -2.87000e+02
3284 -2.86000e+02
3334 -2.85000e+02
3384 -2.84000e+02
3442 -2.83000e+02
3458 -2.82000e+02
3539 -2.81000e+02
3652 -2.80000e+02
3674 -2.79000e+02
3687 -2.78000e+02
3781 -2.77000e+02
3812 -2.76000e+02
3898 -2.75000e+02
3912 -2.74000e+02
3956 -2.73000e+02
3965 -2.72000e+02
4195 -2.71000e+02
4234 -2.70000e+02
4281 -2.69000e+02
4367 -2.68000e+02
4411 -2.67000e+02
4509 -2.65000e+02
4634 -2.64000e+02
4728 -2.63000e+02
4787 -2.62000e+02
4910 -2.61000e+02
5003 -2.60000e+02
5068 -2.59000e+02
5176 -2.58000e+02
5217 -2.57000e+02
5266 -2.56000e+02
5316 -2.55000e+02
5336 -2.54000e+02
5418 -2.53000e+02
5455 -2.52000e+02
5494 -2.51000e+02
5509 -2.49000e+02
5540 -2.47000e+02
5621 -2.46000e+02
5652 -2.45000e+02
5669 -2.44000e+02
5691 -2.43000e+02
5868 -2.42000e+02
5939 -2.41000e+02
5979 -2.40000e+02
6018 -2.39000e+02
6057 -2.38000e+02
6113 -2.37000e+02
6201 -2.36000e+02
6210 -2.35000e+02
6238 -2.34000e+02
6250 -2.33000e+02
6421 -2.32000e+02
6572 -2.31000e+02
6703 -2.30000e+02
6730 -2.29000e+02
6783 -2.28000e+02
6884 -2.27000e+02
6928 -2.26000e+02
6997 -2.25000e+02
7077 -2.24000e+02
7273 -2.23000e+02
7308 -2.22000e+02
7371 -2.21000e+02
7398 -2.20000e+02
7501 -2.19000e+02
7551 -2.18000e+02
7600 -2.17000e+02
7682 -2.16000e+02
7765 -2.15000e+02
7806 -2.14000e+02
7872 -2.13000e+02
8008 -2.12000e+02
8024 -2.11000e+02
8064 -2.10000e+02
8163 -2.09000e+02
8228 -2.08000e+02
8343 -2.07000e+02
8359 -2.06000e+02
8370 -2.05000e+02
8429 -2.04000e+02
8497 -2.03000e+02
8548 -2.02000e+02
8564 -2.01000e+02
8574 -2.00000e+02
8617 -1.98000e+02
8793 -1.97000e+02
8899 -1.96000e+02
8965 -1.95000e+02
9070 -1.94000e+02
9121 -1.93000e+02
9223 -1.92000e+02
9407 -1.91000e+02
9408 -1.90000e+02
9527 -1.89000e+02
9550 -1.88000e+02
9617 -1.87000e+02
9778 -1.86000e+02
9981 -1.86000e+02
"function evaluation" "best-so-far f(x)"
1 -3.53000e+02
17 -3.52000e+02
50 -3.51000e+02
82 -3.50000e+02
96 -3.49000e+02
132 -3.48000e+02
144 -3.47000e+02
222 -3.46000e+02
261 -3.45000e+02
299 -3.44000e+02
360 -3.43000e+02
424 -3.42000e+02
445 -3.41000e+02
493 -3.40000e+02
502 -3.39000e+02
549 -3.38000e+02
570 -3.37000e+02
608 -3.36000e+02
654 -3.35000e+02
703 -3.34000e+02
890 -3.33000e+02
931 -3.32000e+02
944 -3.31000e+02
1008 -3.30000e+02
1077 -3.29000e+02
1104 -3.28000e+02
1274 -3.27000e+02
1325 -3.26000e+02
1388 -3.25000e+02
1428 -3.24000e+02
1510 -3.23000e+02
1513 -3.22000e+02
1519 -3.21000e+02
1555 -3.20000e+02
1579 -3.19000e+02
1607 -3.18000e+02
1629 -3.17000e+02
1698 -3.16000e+02
1715 -3.15000e+02
1725 -3.14000e+02
1787 -3.13000e+02
1803 -3.12000e+02
1816 -3.11000e+02
1879 -3.10000e+02
1882 -3.09000e+02
1883 -3.08000e+02
1924 -3.07000e+02
1984 -3.06000e+02
2035 -3.05000e+02
2071 -3.04000e+02
2094 -3.03000e+02
2125 -3.02000e+02
2217 -3.01000e+02
2245 -3.00000e+02
2280 -2.99000e+02
2296 -2.98000e+02
2357 -2.97000e+02
2430 -2.96000e+02
2497 -2.95000e+02
2533 -2.94000e+02
2578 -2.93000e+02
2653 -2.92000e+02
2681 -2.91000e+02
2740 -2.90000e+02
2815 -2.89000e+02
2825 -2.87000e+02
2925 -2.86000e+02
2976 -2.85000e+02
3020 -2.84000e+02
3045 -2.83000e+02
3067 -2.82000e+02
3180 -2.81000e+02
3224 -2.80000e+02
3363 -2.79000e+02
3380 -2.78000e+02
3445 -2.77000e+02
3585 -2.76000e+02
3638 -2.75000e+02
3645 -2.74000e+02
3844 -2.73000e+02
3898 -2.72000e+02
3987 -2.71000e+02
3999 -2.70000e+02
4138 -2.69000e+02
4155 -2.68000e+02
4184 -2.67000e+02
4218 -2.66000e+02
4273 -2.65000e+02
4331 -2.64000e+02
4398 -2.63000e+02
4545 -2.62000e+02
4671 -2.61000e+02
4732 -2.60000e+02
4915 -2.59000e+02
4957 -2.58000e+02
5044 -2.57000e+02
5329 -2.56000e+02
5374 -2.55000e+02
5402 -2.53000e+02
5459 -2.52000e+02
5522 -2.51000e+02
5523 -2.50000e+02
5544 -2.49000e+02
5547 -2.48000e+02
5694 -2.47000e+02
5769 -2.46000e+02
5825 -2.45000e+02
5907 -2.44000e+02
6025 -2.43000e+02
6064 -2.42000e+02
6090 -2.41000e+02
6150 -2.40000e+02
6172 -2.39000e+02
6207 -2.38000e+02
6318 -2.37000e+02
6375 -2.36000e+02
6496 -2.35000e+02
6512 -2.34000e+02
6589 -2.33000e+02
6615 -2.32000e+02
6642 -2.31000e+02
6774 -2.30000e+02
6929 -2.29000e+02
6962 -2.28000e+02
7072 -2.27000e+02
7286 -2.26000e+02
7293 -2.25000e+02
7353 -2.24000e+02
7384 -2.23000e+02
7481 -2.22000e+02
7537 -2.21000e+02
7604 -2.20000e+02
7712 -2.19000e+02
7793 -2.18000e+02
7855 -2.17000e+02
7988 -2.16000e+02
8023 -2.15000e+02
8078 -2.14000e+02
8166 -2.13000e+02
8261 -2.12000e+02
8294 -2.11000e+02
8383 -2.10000e+02
8442 -2.09000e+02
8559 -2.08000e+02
8579 -2.07000e+02
8595 -2.06000e+02
8783 -2.05000e+02
8872 -2.04000e+02
8880 -2.03000e+02
9017 -2.02000e+02
9060 -2.01000e+02
9106 -2.00000e+02
9147 -1.98000e+02
9192 -1.97000e+02
9313 -1.96000e+02
9509 -1.95000e+02
9533 -1.94000e+02
9725 -1.93000e+02
9814 -1.91000e+02
9821 -1.90000e+02
9832 -1.89000e+02
9981 -1.89000e+02
"function evaluation" "best-so-far f(x)"
1 -3.53000e+02
27 -3.52000e+02
56 -3.51000e+02
72 -3.50000e+02
124 -3.48000e+02
138 -3.47000e+02
215 -3.46000e+02
311 -3.45000e+02
338 -3.44000e+02
393 -3.43000e+02
420 -3.42000e+02
450 -3.41000e+02
485 -3.40000e+02
523 -3.39000e+02
578 -3.38000e+02
662 -3.37000e+02
782 -3.36000e+02
967 -3.33000e+02
1184 -3.32000e+02
1199 -3.31000e+02
1208 -3.30000e+02
1227 -3.29000e+02
1266 -3.28000e+02
1349 -3.27000e+02
1442 -3.26000e+02
1505 -3.25000e+02
1543 -3.24000e+02
1551 -3.23000e+02
1582 -3.22000e+02
1646 -3.21000e+02
1727 -3.20000e+02
1814 -3.19000e+02
1923 -3.18000e+02
1950 -3.17000e+02
2015 -3.16000e+02
2144 -3.15000e+02
2167 -3.14000e+02
2186 -3.13000e+02
2287 -3.12000e+02
2367 -3.11000e+02
2377 -3.09000e+02
2480 -3.08000e+02
2585 -3.07000e+02
2673 -3.06000e+02
2770 -3.05000e+02
2809 -3.04000e+02
2829 -3.03000e+02
2831 -3.01000e+02
2923 -3.00000e+02
3035 -2.99000e+02
3079 -2.97000e+02
3197 -2.96000e+02
3219 -2.95000e+02
3232 -2.94000e+02
3276 -2.93000e+02
3295 -2.92000e+02
3307 -2.91000e+02
3308 -2.90000e+02
3339 -2.89000e+02
3401 -2.88000e+02
3421 -2.87000e+02
3450 -2.86000e+02
3524 -2.85000e+02
3642 -2.84000e+02
3851 -2.83000e+02
3888 -2.82000e+02
3930 -2.81000e+02
3961 -2.80000e+02
4093 -2.79000e+02
4113 -2.78000e+02
4280 -2.77000e+02
4387 -2.76000e+02
4390 -2.75000e+02
4433 -2.73000e+02
4462 -2.72000e+02
4510 -2.71000e+02
4520 -2.70000e+02
4593 -2.69000e+02
4617 -2.68000e+02
4646 -2.66000e+02
4676 -2.65000e+02
4714 -2.64000e+02
4802 -2.63000e+02
4862 -2.62000e+02
4928 -2.61000e+02
4998 -2.60000e+02
5025 -2.59000e+02
5077 -2.58000e+02
5151 -2.57000e+02
5270 -2.56000e+02
5303 -2.55000e+02
5331 -2.54000e+02
5560 -2.53000e+02
5606 -2.52000e+02
5645 -2.51000e+02
5730 -2.50000e+02
5746 -2.49000e+02
5786 -2.48000e+02
6058 -2.47000e+02
6083 -2.46000e+02
6135 -2.45000e+02
6252 -2.44000e+02
6256 -2.43000e+02
6371 -2.42000e+02
6510 -2.41000e+02
6547 -2.40000e+02
6685 -2.39000e+02
6795 -2.37000e+02
6797 -2.36000e+02
6956 -2.35000e+02
7043 -2.34000e+02
7205 -2.33000e+02
7282 -2.32000e+02
7402 -2.31000e+02
7475 -2.30000e+02
7484 -2.29000e+02
7511 -2.28000e+02
7745 -2.27000e+02
7755 -2.26000e+02
7857 -2.25000e+02
8006 -2.24000e+02
8054 -2.23000e+02
8343 -2.22000e+02
8454 -2.21000e+02
8508 -2.20000e+02
8537 -2.19000e+02
8601 -2.18000e+02
8619 -2.17000e+02
8885 -2.16000e+02
9061 -2.15000e+02
9168 -2.14000e+02
9174 -2.13000e+02
9237 -2.12000e+02
9395 -2.11000e+02
9415 -2.09000e+02
9534 -2.08000e+02
9626 -2.07000e+02
9667 -2.06000e+02
9716 -2.05000e+02
9777 -2.04000e+02
9912 -2.03000e+02
9947 -2.02000e+02
9981 -2.02000e+02
"function evaluation" "best-so-far f(x)"
1 -3.53000e+02
21 -3.52000e+02
48 -3.50000e+02
84 -3.49000e+02
145 -3.48000e+02
178 -3.47000e+02
259 -3.46000e+02
296 -3.45000e+02
301 -3.44000e+02
308 -3.43000e+02
315 -3.42000e+02
378 -3.41000e+02
445 -3.40000e+02
525 -3.39000e+02
631 -3.38000e+02
642 -3.37000e+02
675 -3.36000e+02
785 -3.35000e+02
868 -3.33000e+02
914 -3.32000e+02
940 -3.30000e+02
1025 -3.29000e+02
1070 -3.28000e+02
1185 -3.27000e+02
1235 -3.26000e+02
1240 -3.25000e+02
1267 -3.24000e+02
1310 -3.23000e+02
1379 -3.22000e+02
1402 -3.21000e+02
1464 -3.20000e+02
1468 -3.19000e+02
1512 -3.18000e+02
1581 -3.17000e+02
1648 -3.16000e+02
1676 -3.15000e+02
1776 -3.14000e+02
1785 -3.13000e+02
1856 -3.12000e+02
1955 -3.11000e+02
2032 -3.10000e+02
2166 -3.09000e+02
2221 -3.08000e+02
2296 -3.07000e+02
2359 -3.06000e+02
2451 -3.05000e+02
2533 -3.04000e+02
2630 -3.03000e+02
2814 -3.02000e+02
2836 -3.01000e+02
2915 -3.00000e+02
2935 -2.99000e+02
2981 -2.98000e+02
3065 -2.97000e+02
3126 -2.96000e+02
3147 -2.95000e+02
3185 -2.93000e+02
3343 -2.92000e+02
3474 -2.91000e+02
3522 -2.90000e+02
3575 -2.89000e+02
3601 -2.88000e+02
3657 -2.87000e+02
3706 -2.86000e+02
3756 -2.85000e+02
3805 -2.84000e+02
3878 -2.83000e+02
3919 -2.82000e+02
3976 -2.81000e+02
4118 -2.80000e+02
4189 -2.79000e+02
4274 -2.78000e+02
4404 -2.77000e+02
4407 -2.76000e+02
4436 -2.75000e+02
4553 -2.74000e+02
4608 -2.73000e+02
4641 -2.72000e+02
4681 -2.71000e+02
4728 -2.70000e+02
4804 -2.69000e+02
4836 -2.68000e+02
4878 -2.67000e+02
4890 -2.66000e+02
4977 -2.65000e+02
4998 -2.64000e+02
5108 -2.63000e+02
5221 -2.62000e+02
5236 -2.61000e+02
5272 -2.60000e+02
5285 -2.59000e+02
5345 -2.57000e+02
5421 -2.56000e+02
5525 -2.54000e+02
5553 -2.53000e+02
5631 -2.52000e+02
5717 -2.51000e+02
5719 -2.50000e+02
5780 -2.49000e+02
5852 -2.48000e+02
5854 -2.47000e+02
5911 -2.46000e+02
6005 -2.45000e+02
6058 -2.44000e+02
6066 -2.43000e+02
6183 -2.41000e+02
6346 -2.40000e+02
6427 -2.39000e+02
6437 -2.38000e+02
6533 -2.37000e+02
6534 -2.36000e+02
6598 -2.35000e+02
6686 -2.34000e+02
6691 -2.33000e+02
6771 -2.32000e+02
6864 -2.31000e+02
6925 -2.30000e+02
6944 -2.29000e+02
6978 -2.28000e+02
7009 -2.27000e+02
7049 -2.26000e+02
7086 -2.25000e+02
7116 -2.24000e+02
7261 -2.23000e+02
7272 -2.22000e+02
7308 -2.21000e+02
7357 -2.20000e+02
7385 -2.19000e+02
7435 -2.18000e+02
7473 -2.17000e+02
7484 -2.16000e+02
7655 -2.15000e+02
7872 -2.14000e+02
7943 -2.13000e+02
8020 -2.12000e+02
8052 -2.11000e+02
8114 -2.10000e+02
8241 -2.09000e+02
8314 -2.08000e+02
8410 -2.07000e+02
8437 -2.06000e+02
8452 -2.05000e+02
8461 -2.04000e+02
8547 -2.03000e+02
8900 -2.02000e+02
9062 -2.01000e+02
9105 -2.00000e+02
9349 -1.99000e+02
9364 -1.98000e+02
9410 -1.97000e+02
9459 -1.96000e+02
9488 -1.95000e+02
9624 -1.94000e+02
9719 -1.93000e+02
9784 -1.92000e+02
9928 -1.91000e+02
9981 -1.91000e+02
"function evaluation" "best-so-far f(x)"
1 -3.53000e+02
3 -3.52000e+02
20 -3.51000e+02
35 -3.50000e+02
80 -3.49000e+02
121 -3.48000e+02
139 -3.47000e+02
261 -3.46000e+02
330 -3.45000e+02
344 -3.44000e+02
453 -3.43000e+02
488 -3.42000e+02
532 -3.41000e+02
612 -3.40000e+02
784 -3.39000e+02
809 -3.38000e+02
963 -3.37000e+02
1025 -3.36000e+02
1153 -3.35000e+02
1173 -3.34000e+02
1222 -3.33000e+02
1254 -3.32000e+02
1282 -3.31000e+02
1309 -3.30000e+02
1415 -3.29000e+02
1447 -3.28000e+02
1504 -3.27000e+02
1613 -3.26000e+02
1644 -3.25000e+02
1688 -3.24000e+02
1732 -3.23000e+02
1783 -3.22000e+02
1797 -3.21000e+02
1832 -3.20000e+02
1870 -3.19000e+02
1960 -3.18000e+02
1969 -3.17000e+02
2078 -3.15000e+02
2157 -3.14000e+02
2213 -3.13000e+02
2217 -3.12000e+02
2241 -3.11000e+02
2297 -3.10000e+02
2375 -3.09000e+02
2409 -3.08000e+02
2444 -3.07000e+02
2610 -3.06000e+02
2737 -3.05000e+02
2770 -3.04000e+02
2833 -3.03000e+02
2867 -3.02000e+02
2875 -3.01000e+02
2921 -3.00000e+02
2937 -2.98000e+02
2993 -2.97000e+02
3017 -2.96000e+02
3086 -2.95000e+02
3112 -2.94000e+02
3217 -2.93000e+02
3259 -2.92000e+02
3279 -2.91000e+02
3290 -2.90000e+02
3310 -2.89000e+02
3418 -2.88000e+02
3437 -2.87000e+02
3529 -2.86000e+02
3672 -2.85000e+02
3780 -2.84000e+02
3821 -2.83000e+02
3900 -2.82000e+02
3969 -2.81000e+02
3985 -2.80000e+02
4072 -2.79000e+02
4095 -2.78000e+02
4134 -2.77000e+02
4137 -2.76000e+02
4189 -2.75000e+02
4199 -2.74000e+02
4233 -2.73000e+02
4328 -2.72000e+02
4486 -2.71000e+02
4623 -2.70000e+02
4651 -2.69000e+02
4774 -2.68000e+02
4786 -2.67000e+02
4813 -2.66000e+02
4937 -2.65000e+02
4977 -2.64000e+02
5013 -2.63000e+02
5106 -2.62000e+02
5194 -2.61000e+02
5248 -2.60000e+02
5306 -2.59000e+02
5373 -2.58000e+02
5405 -2.57000e+02
5465 -2.56000e+02
5555 -2.55000e+02
5589 -2.54000e+02
5660 -2.53000e+02
5776 -2.52000e+02
5785 -2.51000e+02
5913 -2.50000e+02
5990 -2.49000e+02
6037 -2.48000e+02
6164 -2.47000e+02
6233 -2.46000e+02
6236 -2.45000e+02
6266 -2.44000e+02
6280 -2.43000e+02
6324 -2.42000e+02
6425 -2.41000e+02
6583 -2.40000e+02
6595 -2.39000e+02
6759 -2.38000e+02
6793 -2.37000e+02
6829 -2.36000e+02
6973 -2.35000e+02
7212 -2.34000e+02
7270 -2.32000e+02
7378 -2.31000e+02
7427 -2.30000e+02
7537 -2.29000e+02
7584 -2.28000e+02
7648 -2.27000e+02
7692 -2.26000e+02
7847 -2.25000e+02
7896 -2.23000e+02
7953 -2.22000e+02
8045 -2.21000e+02
8088 -2.20000e+02
8177 -2.19000e+02
8248 -2.18000e+02
8282 -2.17000e+02
8304 -2.16000e+02
8389 -2.15000e+02
8419 -2.14000e+02
8494 -2.13000e+02
8578 -2.12000e+02
8624 -2.11000e+02
8737 -2.10000e+02
8873 -2.09000e+02
9085 -2.08000e+02
9113 -2.07000e+02
9286 -2.06000e+02
9380 -2.05000e+02
9457 -2.04000e+02
9545 -2.03000e+02
9653 -2.02000e+02
9788 -2.01000e+02
9816 -2.00000e+02
9882 -1.99000e+02
9920 -1.98000e+02
9929 -1.97000e+02
9981 -1.97000e+02
"function evaluation" "best-so-far f(x)"
1 -3.53000e+02
6 -3.52000e+02
38 -3.51000e+02
48 -3.50000e+02
96 -3.49000e+02
148 -3.48000e+02
217 -3.47000e+02
232 -3.46000e+02
321 -3.45000e+02
368 -3.44000e+02
415 -3.43000e+02
487 -3.42000e+02
523 -3.41000e+02
645 -3.40000e+02
736 -3.39000e+02
760 -3.38000e+02
880 -3.37000e+02
927 -3.36000e+02
989 -3.35000e+02
1053 -3.34000e+02
1164 -3.32000e+02
1186 -3.31000e+02
1240 -3.30000e+02
1353 -3.29000e+02
1400 -3.28000e+02
1404 -3.27000e+02
1412 -3.26000e+02
1447 -3.24000e+02
1508 -3.23000e+02
1655 -3.22000e+02
1671 -3.21000e+02
1730 -3.20000e+02
1773 -3.19000e+02
1870 -3.18000e+02
1931 -3.17000e+02
1972 -3.16000e+02
2018 -3.15000e+02
2057 -3.14000e+02
2135 -3.13000e+02
2245 -3.12000e+02
2296 -3.11000e+02
2329 -3.10000e+02
2383 -3.09000e+02
2439 -3.08000e+02
2504 -3.07000e+02
2543 -3.06000e+02
2565 -3.05000e+02
2640 -3.04000e+02
2752 -3.03000e+02
2813 -3.02000e+02
2911 -3.01000e+02
2954 -2.99000e+02
2990 -2.98000e+02
3009 -2.97000e+02
3095 -2.96000e+02
3162 -2.95000e+02
3261 -2.93000e+02
3282 -2.92000e+02
3527 -2.91000e+02
3545 -2.90000e+02
3588 -2.89000e+02
3653 -2.88000e+02
3705 -2.87000e+02
3722 -2.86000e+02
3802 -2.85000e+02
3863 -2.84000e+02
3900 -2.83000e+02
3937 -2.82000e+02
4000 -2.81000e+02
4016 -2.80000e+02
4089 -2.79000e+02
4106 -2.78000e+02
4146 -2.77000e+02
4168 -2.76000e+02
4191 -2.75000e+02
4320 -2.74000e+02
4329 -2.73000e+02
4336 -2.72000e+02
4359 -2.71000e+02
4426 -2.70000e+02
4528 -2.69000e+02
4605 -2.68000e+02
4630 -2.67000e+02
4634 -2.66000e+02
4667 -2.65000e+02
4689 -2.64000e+02
4711 -2.63000e+02
4756 -2.62000e+02
4794 -2.61000e+02
4824 -2.60000e+02
4872 -2.59000e+02
4891 -2.58000e+02
4946 -2.57000e+02
4999 -2.56000e+02
5013 -2.55000e+02
5030 -2.54000e+02
5173 -2.53000e+02
5212 -2.52000e+02
5225 -2.51000e+02
5272 -2.50000e+02
5338 -2.49000e+02
5550 -2.48000e+02
5597 -2.46000e+02
5668 -2.45000e+02
5762 -2.44000e+02
5821 -2.43000e+02
5836 -2.42000e+02
5856 -2.40000e+02
5865 -2.39000e+02
5924 -2.38000e+02
5990 -2.37000e+02
6043 -2.36000e+02
6087 -2.35000e+02
6095 -2.34000e+02
6126 -2.33000e+02
6129 -2.32000e+02
6170 -2.31000e+02
6343 -2.30000e+02
6465 -2.29000e+02
6493 -2.28000e+02
6592 -2.27000e+02
6672 -2.26000e+02
6698 -2.25000e+02
7090 -2.24000e+02
7100 -2.23000e+02
7279 -2.22000e+02
7439 -2.21000e+02
7462 -2.20000e+02
7615 -2.19000e+02
7626 -2.18000e+02
7691 -2.17000e+02
7736 -2.16000e+02
7884 -2.15000e+02
7979 -2.14000e+02
8021 -2.13000e+02
8061 -2.12000e+02
8081 -2.11000e+02
8274 -2.10000e+02
8335 -2.09000e+02
8523 -2.08000e+02
8604 -2.07000e+02
8666 -2.06000e+02
8903 -2.05000e+02
9004 -2.04000e+02
9034 -2.03000e+02
9069 -2.02000e+02
9155 -2.01000e+02
9298 -2.00000e+02
9403 -1.99000e+02
9431 -1.98000e+02
9452 -1.97000e+02
9579 -1.96000e+02
9627 -1.95000e+02
9737 -1.94000e+02
9879 -1.93000e+02
9893 -1.92000e+02
9981 -1.92000e+02
"function evaluation" "best-so-far f(x)"
1 -3.53000e+02
6 -3.52000e+02
21 -3.51000e+02
83 -3.50000e+02
116 -3.49000e+02
205 -3.48000e+02
324 -3.47000e+02
393 -3.46000e+02
557 -3.45000e+02
558 -3.44000e+02
653 -3.43000e+02
715 -3.42000e+02
757 -3.41000e+02
856 -3.40000e+02
875 -3.39000e+02
883 -3.37000e+02
887 -3.35000e+02
963 -3.34000e+02
986 -3.33000e+02
1038 -3.32000e+02
1108 -3.31000e+02
1137 -3.30000e+02
1208 -3.29000e+02
1338 -3.28000e+02
1357 -3.27000e+02
1396 -3.25000e+02
1436 -3.24000e+02
1468 -3.23000e+02
1476 -3.22000e+02
1480 -3.21000e+02
1541 -3.20000e+02
1628 -3.19000e+02
1672 -3.18000e+02
1762 -3.17000e+02
1872 -3.16000e+02
1879 -3.15000e+02
1923 -3.14000e+02
1983 -3.13000e+02
2004 -3.12000e+02
2031 -3.11000e+02
2047 -3.10000e+02
2052 -3.09000e+02
2157 -3.08000e+02
2168 -3.07000e+02
2220 -3.06000e+02
2233 -3.05000e+02
2288 -3.04000e+02
2293 -3.03000e+02
2394 -3.02000e+02
2412 -3.01000e+02
2497 -2.99000e+02
2639 -2.98000e+02
2675 -2.97000e+02
2682 -2.96000e+02
2725 -2.95000e+02
2798 -2.94000e+02
2852 -2.93000e+02
2893 -2.92000e+02
3104 -2.91000e+02
3116 -2.90000e+02
3187 -2.89000e+02
3281 -2.88000e+02
3285 -2.87000e+02
3329 -2.86000e+02
3353 -2.85000e+02
3385 -2.84000e+02
3438 -2.83000e+02
3492 -2.82000e+02
3535 -2.81000e+02
3611 -2.80000e+02
3642 -2.79000e+02
3766 -2.78000e+02
3785 -2.77000e+02
3903 -2.76000e+02
4073 -2.75000e+02
4097 -2.74000e+02
4176 -2.73000e+02
4323 -2.72000e+02
4340 -2.71000e+02
4422 -2.70000e+02
4517 -2.68000e+02
4525 -2.67000e+02
4591 -2.66000e+02
4654 -2.65000e+02
4743 -2.64000e+02
4860 -2.63000e+02
4945 -2.62000e+02
5161 -2.61000e+02
5260 -2.60000e+02
5267 -2.59000e+02
5342 -2.58000e+02
5415 -2.57000e+02
5487 -2.56000e+02
5495 -2.55000e+02
5528 -2.54000e+02
5608 -2.53000e+02
5651 -2.52000e+02
5785 -2.51000e+02
5829 -2.50000e+02
5868 -2.49000e+02
5928 -2.48000e+02
5972 -2.47000e+02
6060 -2.46000e+02
6121 -2.45000e+02
6148 -2.44000e+02
6183 -2.43000e+02
6287 -2.42000e+02
6294 -2.41000e+02
6418 -2.40000e+02
6458 -2.39000e+02
6567 -2.38000e+02
6575 -2.37000e+02
6787 -2.36000e+02
6847 -2.35000e+02
6890 -2.34000e+02
6921 -2.33000e+02
7009 -2.32000e+02
7039 -2.31000e+02
7046 -2.30000e+02
7146 -2.29000e+02
7216 -2.28000e+02
7327 -2.27000e+02
7430 -2.26000e+02
7465 -2.25000e+02
7482 -2.24000e+02
7501 -2.23000e+02
7716 -2.22000e+02
7736 -2.21000e+02
7804 -2.20000e+02
7829 -2.19000e+02
7969 -2.18000e+02
7971 -2.17000e+02
8105 -2.16000e+02
8109 -2.15000e+02
8115 -2.14000e+02
8206 -2.13000e+02
8237 -2.12000e+02
8296 -2.11000e+02
8385 -2.10000e+02
8481 -2.09000e+02
8513 -2.08000e+02
8596 -2.07000e+02
8663 -2.06000e+02
8718 -2.05000e+02
8804 -2.03000e+02
8819 -2.02000e+02
8914 -2.01000e+02
8976 -2.00000e+02
8982 -1.99000e+02
8997 -1.98000e+02
9066 -1.97000e+02
9088 -1.96000e+02
9220 -1.95000e+02
9280 -1.94000e+02
9337 -1.93000e+02
9576 -1.92000e+02
9588 -1.91000e+02
9654 -1.90000e+02
9702 -1.89000e+02
9779 -1.88000e+02
9837 -1.87000e+02
9965 -1.86000e+02
9981 -1.86000e+02
"function evaluation" "best-so-far f(x)"
1 -3.53000e+02
29 -3.51000e+02
59 -3.50000e+02
114 -3.49000e+02
163 -3.48000e+02
165 -3.47000e+02
248 -3.46000e+02
352 -3.45000e+02
368 -3.44000e+02
390 -3.43000e+02
428 -3.42000e+02
443 -3.41000e+02
506 -3.40000e+02
530 -3.39000e+02
586 -3.38000e+02
648 -3.37000e+02
678 -3.36000e+02
722 -3.35000e+02
879 -3.34000e+02
898 -3.33000e+02
901 -3.32000e+02
1073 -3.31000e+02
1270 -3.30000e+02
1379 -3.29000e+02
1430 -3.28000e+02
1481 -3.27000e+02
1540 -3.26000e+02
1583 -3.25000e+02
1593 -3.23000e+02
1608 -3.22000e+02
1622 -3.21000e+02
1664 -3.20000e+02
1670 -3.19000e+02
1715 -3.18000e+02
1721 -3.17000e+02
1734 -3.16000e+02
1831 -3.15000e+02
1877 -3.14000e+02
2055 -3.13000e+02
2199 -3.12000e+02
2266 -3.11000e+02
2289 -3.10000e+02
2352 -3.09000e+02
2414 -3.08000e+02
2476 -3.07000e+02
2557 -3.06000e+02
2597 -3.05000e+02
2632 -3.04000e+02
2718 -3.03000e+02
2772 -3.02000e+02
2856 -3.01000e+02
2860 -3.00000e+02
2907 -2.99000e+02
2953 -2.97000e+02
2985 -2.96000e+02
3023 -2.95000e+02
3113 -2.94000e+02
3188 -2.93000e+02
3230 -2.91000e+02
3316 -2.90000e+02
3382 -2.89000e+02
3426 -2.88000e+02
3483 -2.87000e+02
3485 -2.86000e+02
3487 -2.85000e+02
3533 -2.84000e+02
3570 -2.83000e+02
3758 -2.82000e+02
3858 -2.81000e+02
3905 -2.80000e+02
3972 -2.79000e+02
4038 -2.78000e+02
4056 -2.77000e+02
4112 -2.76000e+02
4124 -2.75000e+02
4332 -2.74000e+02
4366 -2.73000e+02
4451 -2.72000e+02
4469 -2.71000e+02
4552 -2.70000e+02
4617 -2.69000e+02
4650 -2.68000e+02
4689 -2.67000e+02
4749 -2.66000e+02
4755 -2.65000e+02
4915 -2.64000e+02
4946 -2.63000e+02
5025 -2.62000e+02
5072 -2.61000e+02
5182 -2.60000e+02
5197 -2.59000e+02
5305 -2.58000e+02
5315 -2.57000e+02
5324 -2.56000e+02
5469 -2.55000e+02
5484 -2.54000e+02
5571 -2.53000e+02
5599 -2.52000e+02
5624 -2.51000e+02
5692 -2.50000e+02
5730 -2.49000e+02
5754 -2.48000e+02
5891 -2.47000e+02
5950 -2.46000e+02
5963 -2.45000e+02
6007 -2.44000e+02
6070 -2.43000e+02
6104 -2.42000e+02
6183 -2.41000e+02
6274 -2.39000e+02
6277 -2.38000e+02
6336 -2.37000e+02
6366 -2.36000e+02
6396 -2.35000e+02
6423 -2.34000e+02
6452 -2.33000e+02
6489 -2.32000e+02
6597 -2.31000e+02
6781 -2.30000e+02
6872 -2.29000e+02
6875 -2.28000e+02
6997 -2.27000e+02
7111 -2.26000e+02
7197 -2.25000e+02
7220 -2.24000e+02
7221 -2.23000e+02
7270 -2.22000e+02
7304 -2.21000e+02
7330 -2.20000e+02
7385 -2.19000e+02
7447 -2.18000e+02
7603 -2.17000e+02
7656 -2.16000e+02
7718 -2.15000e+02
7732 -2.14000e+02
7748 -2.13000e+02
7788 -2.12000e+02
7874 -2.11000e+02
7953 -2.10000e+02
8093 -2.09000e+02
8122 -2.08000e+02
8250 -2.07000e+02
8362 -2.06000e+02
8429 -2.05000e+02
8476 -2.04000e+02
8484 -2.03000e+02
8572 -2.02000e+02
8793 -2.01000e+02
8976 -2.00000e+02
9075 -1.99000e+02
9076 -1.98000e+02
9108 -1.97000e+02
9393 -1.96000e+02
9526 -1.95000e+02
9562 -1.94000e+02
9677 -1.93000e+02
9777 -1.92000e+02
9864 -1.91000e+02
9886 -1.90000e+02
9913 -1.89000e+02
9981 -1.89000e+02
"function evaluation" "best-so-far f(x)"
1 -3.53000e+02
23 -3.52000e+02
71 -3.51000e+02
151 -3.50000e+02
190 -3.49000e+02
231 -3.48000e+02
347 -3.47000e+02
386 -3.46000e+02
552 -3.45000e+02
638 -3.44000e+02
641 -3.43000e+02
731 -3.42000e+02
781 -3.41000e+02
797 -3.40000e+02
806 -3.39000e+02
844 -3.37000e+02
916 -3.36000e+02
979 -3.35000e+02
993 -3.34000e+02
1077 -3.32000e+02
1125 -3.31000e+02
1155 -3.30000e+02
1253 -3.29000e+02
1332 -3.27000e+02
1387 -3.26000e+02
1424 -3.25000e+02
1467 -3.24000e+02
1478 -3.23000e+02
1498 -3.22000e+02
1628 -3.21000e+02
1650 -3.20000e+02
1728 -3.19000e+02
1750 -3.18000e+02
1772 -3.17000e+02
1800 -3.16000e+02
1838 -3.15000e+02
1859 -3.14000e+02
1986 -3.13000e+02
2031 -3.12000e+02
2047 -3.11000e+02
2174 -3.10000e+02
2317 -3.09000e+02
2321 -3.08000e+02
2324 -3.07000e+02
2359 -3.06000e+02
2492 -3.05000e+02
2496 -3.04000e+02
2509 -3.03000e+02
2579 -3.02000e+02
2669 -3.01000e+02
2674 -3.00000e+02
2686 -2.99000e+02
2826 -2.98000e+02
2877 -2.97000e+02
2969 -2.96000e+02
3008 -2.95000e+02
3051 -2.94000e+02
3095 -2.93000e+02
3128 -2.92000e+02
3182 -2.91000e+02
3219 -2.90000e+02
3255 -2.89000e+02
3267 -2.88000e+02
3388 -2.87000e+02
3410 -2.86000e+02
3442 -2.85000e+02
3555 -2.84000e+02
3627 -2.83000e+02
3640 -2.82000e+02
3718 -2.81000e+02
3836 -2.80000e+02
3879 -2.78000e+02
3943 -2.77000e+02
4060 -2.76000e+02
4087 -2.75000e+02
4192 -2.73000e+02
4201 -2.72000e+02
4329 -2.71000e+02
4337 -2.70000e+02
4431 -2.69000e+02
4461 -2.67000e+02
4513 -2.66000e+02
4537 -2.65000e+02
4681 -2.64000e+02
4711 -2.63000e+02
4766 -2.62000e+02
4787 -2.61000e+02
4889 -2.60000e+02
4921 -2.59000e+02
4954 -2.58000e+02
4982 -2.57000e+02
5045 -2.56000e+02
5123 -2.55000e+02
5131 -2.54000e+02
5239 -2.53000e+02
5328 -2.52000e+02
5371 -2.51000e+02
5398 -2.50000e+02
5512 -2.49000e+02
5539 -2.48000e+02
5589 -2.47000e+02
5599 -2.46000e+02
5858 -2.45000e+02
5874 -2.44000e+02
5931 -2.43000e+02
6002 -2.42000e+02
6047 -2.41000e+02
6091 -2.40000e+02
6195 -2.39000e+02
6359 -2.38000e+02
6486 -2.37000e+02
6616 -2.36000e+02
6718 -2.34000e+02
6737 -2.33000e+02
6819 -2.32000e+02
6857 -2.31000e+02
6872 -2.30000e+02
6971 -2.29000e+02
7033 -2.28000e+02
7161 -2.27000e+02
7199 -2.26000e+02
7220 -2.25000e+02
7307 -2.24000e+02
7374 -2.23000e+02
7402 -2.22000e+02
7456 -2.21000e+02
7683 -2.20000e+02
7779 -2.19000e+02
7831 -2.18000e+02
7922 -2.17000e+02
7963 -2.16000e+02
7970 -2.15000e+02
8097 -2.14000e+02
8152 -2.13000e+02
8298 -2.12000e+02
8384 -2.11000e+02
8399 -2.10000e+02
8420 -2.09000e+02
8451 -2.08000e+02
8547 -2.07000e+02
8720 -2.06000e+02
8726 -2.05000e+02
8844 -2.04000e+02
8940 -2.03000e+02
9086 -2.02000e+02
9153 -2.00000e+02
9291 -1.99000e+02
9374 -1.98000e+02
9412 -1.97000e+02
9451 -1.96000e+02
9560 -1.95000e+02
9593 -1.94000e+02
9606 -1.93000e+02
9724 -1.92000e+02
9757 -1.91000e+02
9793 -1.90000e+02
9945 -1.89000e+02
9981 -1.89000e+02
"function evaluation" "best-so-far f(x)"
1 -3.53000e+02
88 -3.52000e+02
166 -3.51000e+02
202 -3.50000e+02
271 -3.49000e+02
285 -3.48000e+02
321 -3.47000e+02
362 -3.46000e+02
407 -3.45000e+02
462 -3.44000e+02
484 -3.43000e+02
584 -3.42000e+02
630 -3.41000e+02
786 -3.40000e+02
806 -3.39000e+02
857 -3.38000e+02
899 -3.37000e+02
952 -3.36000e+02
1040 -3.35000e+02
1073 -3.34000e+02
1220 -3.33000e+02
1256 -3.32000e+02
1328 -3.31000e+02
1468 -3.30000e+02
1572 -3.29000e+02
1605 -3.28000e+02
1665 -3.27000e+02
1681 -3.26000e+02
1735 -3.25000e+02
1868 -3.24000e+02
1920 -3.23000e+02
1973 -3.22000e+02
1994 -3.20000e+02
2113 -3.19000e+02
2193 -3.18000e+02
2336 -3.17000e+02
2369 -3.16000e+02
2445 -3.15000e+02
2453 -3.14000e+02
2536 -3.13000e+02
2620 -3.12000e+02
2645 -3.11000e+02
2779 -3.10000e+02
2888 -3.09000e+02
3032 -3.08000e+02
3043 -3.07000e+02
3132 -3.06000e+02
3193 -3.04000e+02
3244 -3.03000e+02
3316 -3.02000e+02
3320 -3.01000e+02
3333 -3.00000e+02
3440 -2.99000e+02
3453 -2.98000e+02
3504 -2.97000e+02
3539 -2.95000e+02
3561 -2.94000e+02
3602 -2.93000e+02
3665 -2.92000e+02
3753 -2.91000e+02
3889 -2.90000e+02
3927 -2.89000e+02
3995 -2.87000e+02
4025 -2.86000e+02
4109 -2.85000e+02
4191 -2.84000e+02
4252 -2.83000e+02
4326 -2.82000e+02
4341 -2.81000e+02
4404 -2.80000e+02
4480 -2.79000e+02
4636 -2.78000e+02
4716 -2.77000e+02
4738 -2.75000e+02
4816 -2.74000e+02
4858 -2.73000e+02
4920 -2.72000e+02
4939 -2.71000e+02
5045 -2.70000e+02
5069 -2.69000e+02
5086 -2.68000e+02
5175 -2.67000e+02
5241 -2.66000e+02
5252 -2.65000e+02
5311 -2.64000e+02
5395 -2.63000e+02
5439 -2.62000e+02
5474 -2.61000e+02
5664 -2.60000e+02
5801 -2.59000e+02
5842 -2.58000e+02
5864 -2.57000e+02
5927 -2.56000e+02
6089 -2.55000e+02
6158 -2.54000e+02
6203 -2.53000e+02
6228 -2.52000e+02
6272 -2.51000e+02
6331 -2.50000e+02
6374 -2.49000e+02
6396 -2.48000e+02
6435 -2.47000e+02
6542 -2.46000e+02
6557 -2.45000e+02
6640 -2.44000e+02
6755 -2.43000e+02
6872 -2.42000e+02
6885 -2.41000e+02
6900 -2.40000e+02
6955 -2.39000e+02
6970 -2.38000e+02
7029 -2.36000e+02
7059 -2.35000e+02
7078 -2.34000e+02
7119 -2.33000e+02
7133 -2.32000e+02
7213 -2.31000e+02
7280 -2.30000e+02
7400 -2.29000e+02
7480 -2.28000e+02
7493 -2.27000e+02
7558 -2.26000e+02
7561 -2.25000e+02
7671 -2.24000e+02
7763 -2.23000e+02
7771 -2.22000e+02
7968 -2.21000e+02
8098 -2.19000e+02
8140 -2.18000e+02
8169 -2.17000e+02
8291 -2.16000e+02
8356 -2.15000e+02
8428 -2.14000e+02
8433 -2.13000e+02
8491 -2.12000e+02
8607 -2.11000e+02
8746 -2.10000e+02
8789 -2.09000e+02
8861 -2.08000e+02
8963 -2.06000e+02
9040 -2.05000e+02
9043 -2.04000e+02
9082 -2.03000e+02
9188 -2.02000e+02
9245 -2.01000e+02
9304 -2.00000e+02
9504 -1.98000e+02
9518 -1.97000e+02
9615 -1.96000e+02
9643 -1.95000e+02
9785 -1.94000e+02
9931 -1.93000e+02
9981 -1.93000e+02
"function evaluation" "best-so-far f(x)"
1 -3.53000e+02
15 -3.52000e+02
40 -3.51000e+02
159 -3.50000e+02
165 -3.49000e+02
187 -3.48000e+02
197 -3.47000e+02
377 -3.46000e+02
450 -3.45000e+02
491 -3.44000e+02
498 -3.43000e+02
503 -3.41000e+02
538 -3.40000e+02
576 -3.39000e+02
611 -3.38000e+02
644 -3.37000e+02
662 -3.36000e+02
754 -3.35000e+02
781 -3.34000e+02
813 -3.33000e+02
861 -3.32000e+02
884 -3.31000e+02
891 -3.30000e+02
935 -3.29000e+02
1097 -3.28000e+02
1109 -3.27000e+02
1134 -3.26000e+02
1188 -3.25000e+02
1250 -3.24000e+02
1267 -3.23000e+02
1299 -3.22000e+02
1359 -3.21000e+02
1377 -3.20000e+02
1405 -3.19000e+02
1466 -3.18000e+02
1530 -3.17000e+02
1544 -3.16000e+02
1615 -3.15000e+02
1762 -3.14000e+02
1767 -3.13000e+02
1829 -3.12000e+02
1873 -3.11000e+02
1941 -3.10000e+02
2035 -3.09000e+02
2125 -3.08000e+02
2181 -3.07000e+02
2274 -3.05000e+02
2347 -3.03000e+02
2560 -3.02000e+02
2638 -3.01000e+02
2651 -3.00000e+02
2662 -2.99000e+02
2753 -2.98000e+02
2760 -2.97000e+02
2805 -2.96000e+02
2864 -2.95000e+02
2906 -2.94000e+02
2981 -2.93000e+02
3009 -2.92000e+02
3047 -2.91000e+02
3079 -2.90000e+02
3096 -2.89000e+02
3161 -2.88000e+02
3302 -2.87000e+02
3372 -2.86000e+02
3447 -2.85000e+02
3487 -2.84000e+02
3491 -2.83000e+02
3534 -2.82000e+02
3574 -2.81000e+02
3587 -2.80000e+02
3738 -2.79000e+02
3750 -2.78000e+02
3792 -2.77000e+02
4038 -2.76000e+02
4139 -2.75000e+02
4166 -2.74000e+02
4218 -2.73000e+02
4286 -2.72000e+02
4403 -2.71000e+02
4411 -2.70000e+02
4498 -2.69000e+02
4561 -2.68000e+02
4589 -2.67000e+02
4633 -2.66000e+02
4699 -2.65000e+02
4751 -2.64000e+02
4802 -2.63000e+02
4832 -2.62000e+02
4856 -2.61000e+02
4903 -2.60000e+02
4959 -2.59000e+02
4976 -2.58000e+02
5077 -2.57000e+02
5182 -2.56000e+02
5240 -2.55000e+02
5261 -2.54000e+02
5269 -2.53000e+02
5300 -2.52000e+02
5424 -2.51000e+02
5453 -2.50000e+02
5494 -2.49000e+02
5523 -2.48000e+02
5563 -2.47000e+02
5647 -2.46000e+02
5706 -2.45000e+02
5946 -2.44000e+02
5979 -2.43000e+02
6043 -2.42000e+02
6103 -2.41000e+02
6118 -2.40000e+02
6206 -2.39000e+02
6370 -2.38000e+02
6795 -2.37000e+02
6814 -2.36000e+02
6881 -2.35000e+02
6937 -2.34000e+02
7011 -2.33000e+02
7054 -2.32000e+02
7084 -2.31000e+02
7162 -2.30000e+02
7211 -2.29000e+02
7548 -2.28000e+02
7651 -2.27000e+02
7706 -2.26000e+02
7841 -2.25000e+02
8019 -2.24000e+02
8041 -2.23000e+02
8102 -2.22000e+02
8121 -2.21000e+02
8151 -2.20000e+02
8327 -2.19000e+02
8559 -2.18000e+02
8594 -2.17000e+02
8992 -2.16000e+02
9089 -2.15000e+02
9148 -2.14000e+02
9245 -2.13000e+02
9299 -2.12000e+02
9315 -2.11000e+02
9331 -2.10000e+02
9357 -2.09000e+02
9382 -2.08000e+02
9419 -2.07000e+02
9461 -2.06000e+02
9479 -2.05000e+02
9526 -2.04000e+02
9614 -2.03000e+02
9766 -2.02000e+02
9951 -2.01000e+02
9981 -2.01000e+02
"function evaluation" "best-so-far f(x)"
1 -3.53000e+02
61 -3.52000e+02
142 -3.51000e+02
157 -3.50000e+02
167 -3.49000e+02
192 -3.48000e+02
241 -3.47000e+02
242 -3.46000e+02
269 -3.45000e+02
318 -3.44000e+02
366 -3.43000e+02
492 -3.42000e+02
523 -3.41000e+02
575 -3.40000e+02
595 -3.39000e+02
624 -3.38000e+02
639 -3.37000e+02
725 -3.36000e+02
807 -3.35000e+02
844 -3.34000e+02
1020 -3.33000e+02
1163 -3.32000e+02
1215 -3.31000e+02
1229 -3.30000e+02
1268 -3.29000e+02
1500 -3.28000e+02
1802 -3.26000e+02
1831 -3.25000e+02
1832 -3.24000e+02
1883 -3.23000e+02
1951 -3.22000e+02
2023 -3.21000e+02
2053 -3.20000e+02
2085 -3.19000e+02
2159 -3.18000e+02
2207 -3.17000e+02
2209 -3.16000e+02
2232 -3.15000e+02
2263 -3.14000e+02
2342 -3.13000e+02
2361 -3.12000e+02
2378 -3.11000e+02
2407 -3.10000e+02
2447 -3.09000e+02
2469 -3.08000e+02
2470 -3.07000e+02
2526 -3.06000e+02
2553 -3.05000e+02
2657 -3.04000e+02
2662 -3.03000e+02
2681 -3.02000e+02
2771 -3.01000e+02
2803 -3.00000e+02
2855 -2.99000e+02
2929 -2.98000e+02
2973 -2.97000e+02
3104 -2.96000e+02
3119 -2.95000e+02
3214 -2.94000e+02
3233 -2.93000e+02
3250 -2.92000e+02
3282 -2.91000e+02
3376 -2.90000e+02
3408 -2.88000e+02
3524 -2.87000e+02
3565 -2.86000e+02
3874 -2.85000e+02
3903 -2.84000e+02
3981 -2.83000e+02
4016 -2.82000e+02
4023 -2.81000e+02
4058 -2.80000e+02
4115 -2.79000e+02
4200 -2.78000e+02
4241 -2.77000e+02
4302 -2.76000e+02
4394 -2.75000e+02
4618 -2.74000e+02
4638 -2.73000e+02
4665 -2.72000e+02
4747 -2.71000e+02
4780 -2.70000e+02
4821 -2.69000e+02
4938 -2.68000e+02
5110 -2.66000e+02
5275 -2.65000e+02
5311 -2.64000e+02
5387 -2.63000e+02
5407 -2.62000e+02
5474 -2.61000e+02
5566 -2.60000e+02
5720 -2.59000e+02
5764 -2.58000e+02
5906 -2.57000e+02
6086 -2.56000e+02
6141 -2.55000e+02
6235 -2.54000e+02
6275 -2.53000e+02
6392 -2.52000e+02
6395 -2.51000e+02
6434 -2.50000e+02
6448 -2.49000e+02
6527 -2.48000e+02
6551 -2.47000e+02
6646 -2.46000e+02
6765 -2.45000e+02
6777 -2.44000e+02
6827 -2.43000e+02
6837 -2.42000e+02
6907 -2.41000e+02
7030 -2.40000e+02
7054 -2.39000e+02
7179 -2.38000e+02
7211 -2.37000e+02
7226 -2.36000e+02
7356 -2.35000e+02
7507 -2.34000e+02
7585 -2.33000e+02
7619 -2.32000e+02
7707 -2.31000e+02
7807 -2.30000e+02
7941 -2.29000e+02
7961 -2.28000e+02
7971 -2.27000e+02
8026 -2.26000e+02
8075 -2.25000e+02
8205 -2.24000e+02
8387 -2.23000e+02
8390 -2.22000e+02
8442 -2.21000e+02
8452 -2.20000e+02
8531 -2.18000e+02
8613 -2.17000e+02
8698 -2.16000e+02
8741 -2.15000e+02
8867 -2.14000e+02
8901 -2.13000e+02
9038 -2.12000e+02
9082 -2.11000e+02
9160 -2.10000e+02
9204 -2.09000e+02
9239 -2.08000e+02
9335 -2.07000e+02
9339 -2.06000e+02
9364 -2.05000e+02
9532 -2.04000e+02
9663 -2.03000e+02
9735 -2.02000e+02
9834 -2.01000e+02
9891 -2.00000e+02
9940 -1.99000e+02
9942 -1.98000e+02
9981 -1.98000e+02
"function evaluation" "best-so-far f(x)"
1 -3.53000e+02
27 -3.52000e+02
62 -3.51000e+02
155 -3.50000e+02
189 -3.49000e+02
246 -3.48000e+02
304 -3.47000e+02
411 -3.46000e+02
428 -3.45000e+02
442 -3.44000e+02
443 -3.43000e+02
516 -3.42000e+02
599 -3.41000e+02
612 -3.40000e+02
613 -3.39000e+02
658 -3.38000e+02
723 -3.36000e+02
831 -3.35000e+02
971 -3.34000e+02
979 -3.33000e+02
1058 -3.32000e+02
1083 -3.31000e+02
1158 -3.30000e+02
1210 -3.29000e+02
1308 -3.28000e+02
1369 -3.27000e+02
1429 -3.26000e+02
1452 -3.24000e+02
1473 -3.23000e+02
1506 -3.22000e+02
1560 -3.21000e+02
1707 -3.20000e+02
1881 -3.19000e+02
1929 -3.18000e+02
2020 -3.17000e+02
2080 -3.16000e+02
2086 -3.15000e+02
2117 -3.14000e+02
2157 -3.13000e+02
2243 -3.11000e+02
2319 -3.10000e+02
2485 -3.09000e+02
2527 -3.08000e+02
2548 -3.07000e+02
2609 -3.06000e+02
2747 -3.05000e+02
2804 -3.04000e+02
2862 -3.03000e+02
2878 -3.02000e+02
2925 -3.01000e+02
3278 -3.00000e+02
3366 -2.99000e+02
3415 -2.98000e+02
3576 -2.97000e+02
3639 -2.96000e+02
3708 -2.95000e+02
3807 -2.94000e+02
3850 -2.93000e+02
3869 -2.92000e+02
3950 -2.91000e+02
4006 -2.90000e+02
4074 -2.89000e+02
4118 -2.88000e+02
4165 -2.87000e+02
4172 -2.86000e+02
4181 -2.85000e+02
4242 -2.84000e+02
4252 -2.83000e+02
4320 -2.82000e+02
4346 -2.81000e+02
4495 -2.79000e+02
4573 -2.78000e+02
4697 -2.77000e+02
4732 -2.76000e+02
4735 -2.75000e+02
4911 -2.74000e+02
4960 -2.73000e+02
4988 -2.72000e+02
5113 -2.71000e+02
5145 -2.70000e+02
5208 -2.69000e+02
5239 -2.68000e+02
5381 -2.67000e+02
5420 -2.66000e+02
5468 -2.65000e+02
5545 -2.64000e+02
5677 -2.63000e+02
5841 -2.62000e+02
5877 -2.61000e+02
5916 -2.60000e+02
5970 -2.59000e+02
6021 -2.58000e+02
6134 -2.57000e+02
6210 -2.56000e+02
6240 -2.55000e+02
6252 -2.54000e+02
6271 -2.53000e+02
6294 -2.52000e+02
6352 -2.51000e+02
6476 -2.50000e+02
6502 -2.49000e+02
6506 -2.48000e+02
6531 -2.47000e+02
6543 -2.46000e+02
6590 -2.45000e+02
6626 -2.44000e+02
6727 -2.43000e+02
6897 -2.42000e+02
6985 -2.41000e+02
7017 -2.40000e+02
7046 -2.39000e+02
7111 -2.38000e+02
7207 -2.37000e+02
7264 -2.36000e+02
7458 -2.35000e+02
7494 -2.34000e+02
7564 -2.33000e+02
7577 -2.32000e+02
7682 -2.31000e+02
7704 -2.30000e+02
7740 -2.29000e+02
7789 -2.28000e+02
7852 -2.27000e+02
7920 -2.26000e+02
7937 -2.25000e+02
8002 -2.24000e+02
8068 -2.23000e+02
8377 -2.22000e+02
8390 -2.21000e+02
8404 -2.20000e+02
8434 -2.19000e+02
8561 -2.18000e+02
8589 -2.17000e+02
8648 -2.16000e+02
8699 -2.15000e+02
8724 -2.14000e+02
8740 -2.12000e+02
8748 -2.11000e+02
8817 -2.10000e+02
8983 -2.09000e+02
9017 -2.08000e+02
9020 -2.07000e+02
9201 -2.06000e+02
9305 -2.05000e+02
9325 -2.04000e+02
9449 -2.03000e+02
9498 -2.02000e+02
9548 -2.01000e+02
9590 -2.00000e+02
9647 -1.99000e+02
9720 -1.98000e+02
9823 -1.97000e+02
9914 -1.96000e+02
9981 -1.96000e+02
"function evaluation" "best-so-far f(x)"
1 -3.53000e+02
22 -3.52000e+02
87 -3.51000e+02
213 -3.50000e+02
267 -3.49000e+02
322 -3.48000e+02
413 -3.47000e+02
429 -3.46000e+02
486 -3.45000e+02
539 -3.44000e+02
547 -3.42000e+02
596 -3.41000e+02
600 -3.40000e+02
614 -3.39000e+02
630 -3.38000e+02
653 -3.36000e+02
701 -3.35000e+02
846 -3.34000e+02
908 -3.32000e+02
912 -3.30000e+02
944 -3.29000e+02
1060 -3.28000e+02
1076 -3.27000e+02
1095 -3.25000e+02
1120 -3.24000e+02
1195 -3.22000e+02
1211 -3.21000e+02
1277 -3.20000e+02
1356 -3.19000e+02
1404 -3.18000e+02
1459 -3.17000e+02
1478 -3.16000e+02
1526 -3.15000e+02
1566 -3.14000e+02
1697 -3.13000e+02
1703 -3.12000e+02
1764 -3.11000e+02
1768 -3.10000e+02
1820 -3.09000e+02
1833 -3.08000e+02
1866 -3.07000e+02
1869 -3.06000e+02
1934 -3.05000e+02
1985 -3.04000e+02
2035 -3.03000e+02
2083 -3.02000e+02
2146 -3.01000e+02
2174 -3.00000e+02
2378 -2.99000e+02
2417 -2.98000e+02
2478 -2.97000e+02
2575 -2.96000e+02
2608 -2.95000e+02
2736 -2.94000e+02
2742 -2.93000e+02
2755 -2.92000e+02
2764 -2.91000e+02
2920 -2.90000e+02
2940 -2.89000e+02
2989 -2.88000e+02
3091 -2.87000e+02
3131 -2.86000e+02
3238 -2.85000e+02
3312 -2.84000e+02
3387 -2.83000e+02
3438 -2.82000e+02
3473 -2.81000e+02
3501 -2.80000e+02
3625 -2.79000e+02
3656 -2.78000e+02
3741 -2.77000e+02
3753 -2.76000e+02
3826 -2.75000e+02
3895 -2.74000e+02
3900 -2.73000e+02
4006 -2.72000e+02
4041 -2.70000e+02
4099 -2.68000e+02
4155 -2.67000e+02
4241 -2.66000e+02
4322 -2.65000e+02
4385 -2.64000e+02
4404 -2.63000e+02
4513 -2.62000e+02
4585 -2.61000e+02
4750 -2.59000e+02
4803 -2.58000e+02
4805 -2.57000e+02
4846 -2.56000e+02
4931 -2.55000e+02
4973 -2.54000e+02
5013 -2.53000e+02
5214 -2.52000e+02
5267 -2.51000e+02
5383 -2.50000e+02
5398 -2.49000e+02
5502 -2.48000e+02
5647 -2.47000e+02
5676 -2.46000e+02
5746 -2.45000e+02
5872 -2.44000e+02
6232 -2.43000e+02
6266 -2.42000e+02
6421 -2.41000e+02
6694 -2.40000e+02
6695 -2.39000e+02
6802 -2.38000e+02
6811 -2.37000e+02
6862 -2.36000e+02
6932 -2.35000e+02
6986 -2.34000e+02
7021 -2.33000e+02
7078 -2.32000e+02
7122 -2.31000e+02
7306 -2.30000e+02
7698 -2.29000e+02
7730 -2.28000e+02
7767 -2.27000e+02
7842 -2.26000e+02
7982 -2.25000e+02
8013 -2.24000e+02
8194 -2.23000e+02
8241 -2.22000e+02
8293 -2.21000e+02
8347 -2.20000e+02
8508 -2.19000e+02
8563 -2.18000e+02
8675 -2.17000e+02
8741 -2.16000e+02
8757 -2.15000e+02
8785 -2.14000e+02
8799 -2.13000e+02
8867 -2.12000e+02
8892 -2.11000e+02
8952 -2.10000e+02
9163 -2.09000e+02
9199 -2.08000e+02
9211 -2.07000e+02
9242 -2.06000e+02
9303 -2.05000e+02
9438 -2.04000e+02
9548 -2.03000e+02
9636 -2.02000e+02
9760 -2.01000e+02
9829 -2.00000e+02
9904 -1.99000e+02
9981 -1.99000e+02
"function evaluation" "best-so-far f(x)"
1 -3.53000e+02
15 -3.52000e+02
74 -3.51000e+02
78 -3.50000e+02
162 -3.49000e+02
183 -3.48000e+02
222 -3.47000e+02
265 -3.46000e+02
295 -3.45000e+02
397 -3.44000e+02
425 -3.43000e+02
451 -3.42000e+02
502 -3.41000e+02
543 -3.40000e+02
601 -3.39000e+02
809 -3.38000e+02
817 -3.37000e+02
832 -3.36000e+02
862 -3.35000e+02
905 -3.34000e+02
933 -3.33000e+02
953 -3.32000e+02
1051 -3.31000e+02
1052 -3.30000e+02
1056 -3.29000e+02
1112 -3.28000e+02
1189 -3.27000e+02
1338 -3.26000e+02
1400 -3.25000e+02
1448 -3.24000e+02
1485 -3.23000e+02
1635 -3.22000e+02
1679 -3.21000e+02
1698 -3.20000e+02
1724 -3.18000e+02
1787 -3.17000e+02
1840 -3.16000e+02
1845 -3.15000e+02
1897 -3.14000e+02
1922 -3.13000e+02
1955 -3.12000e+02
1982 -3.11000e+02
2055 -3.10000e+02
2070 -3.09000e+02
2099 -3.08000e+02
2145 -3.07000e+02
2400 -3.06000e+02
2435 -3.05000e+02
2490 -3.04000e+02
2556 -3.03000e+02
2568 -3.02000e+02
2580 -3.01000e+02
2655 -3.00000e+02
2746 -2.99000e+02
2780 -2.98000e+02
2796 -2.97000e+02
2815 -2.96000e+02
2855 -2.95000e+02
2871 -2.94000e+02
2913 -2.93000e+02
3085 -2.92000e+02
3169 -2.91000e+02
3204 -2.90000e+02
3249 -2.89000e+02
3263 -2.88000e+02
3424 -2.87000e+02
3540 -2.86000e+02
3647 -2.84000e+02
3740 -2.83000e+02
3774 -2.82000e+02
3900 -2.81000e+02
3920 -2.80000e+02
3974 -2.79000e+02
3994 -2.78000e+02
4097 -2.77000e+02
4226 -2.76000e+02
4263 -2.74000e+02
4360 -2.73000e+02
4419 -2.72000e+02
4464 -2.71000e+02
4502 -2.70000e+02
4596 -2.69000e+02
4647 -2.68000e+02
4747 -2.67000e+02
4816 -2.66000e+02
4853 -2.65000e+02
4880 -2.64000e+02
4920 -2.63000e+02
4959 -2.62000e+02
5114 -2.61000e+02
5170 -2.60000e+02
5253 -2.59000e+02
5284 -2.58000e+02
5308 -2.57000e+02
5423 -2.56000e+02
5521 -2.55000e+02
5525 -2.54000e+02
5602 -2.53000e+02
5659 -2.51000e+02
5729 -2.50000e+02
5822 -2.49000e+02
5892 -2.48000e+02
5994 -2.47000e+02
6025 -2.46000e+02
6058 -2.45000e+02
6095 -2.44000e+02
6096 -2.43000e+02
6131 -2.42000e+02
6187 -2.41000e+02
6258 -2.40000e+02
6368 -2.39000e+02
6379 -2.38000e+02
6491 -2.37000e+02
6599 -2.36000e+02
6736 -2.35000e+02
6750 -2.34000e+02
6888 -2.33000e+02
6914 -2.32000e+02
6965 -2.31000e+02
7014 -2.30000e+02
7055 -2.29000e+02
7175 -2.28000e+02
7224 -2.27000e+02
7261 -2.26000e+02
7277 -2.25000e+02
7329 -2.24000e+02
7356 -2.23000e+02
7422 -2.22000e+02
7430 -2.21000e+02
7502 -2.20000e+02
7524 -2.19000e+02
7546 -2.18000e+02
7686 -2.17000e+02
7708 -2.16000e+02
7951 -2.15000e+02
7978 -2.14000e+02
8012 -2.13000e+02
8121 -2.12000e+02
8155 -2.11000e+02
8215 -2.10000e+02
8301 -2.09000e+02
8354 -2.08000e+02
8391 -2.07000e+02
8446 -2.06000e+02
8516 -2.05000e+02
8639 -2.04000e+02
8687 -2.03000e+02
8710 -2.02000e+02
8726 -2.00000e+02
8891 -1.99000e+02
8931 -1.98000e+02
8972 -1.97000e+02
8980 -1.96000e+02
9040 -1.95000e+02
9042 -1.94000e+02
9221 -1.93000e+02
9269 -1.92000e+02
9424 -1.91000e+02
9438 -1.90000e+02
9473 -1.89000e+02
9524 -1.88000e+02
9620 -1.87000e+02
9657 -1.85000e+02
9711 -1.84000e+02
9773 -1.83000e+02
9883 -1.82000e+02
9969 -1.81000e+02
9981 -1.81000e+02
"function evaluation" "best-so-far f(x)"
1 -3.53000e+02
14 -3.52000e+02
43 -3.51000e+02
79 -3.50000e+02
189 -3.49000e+02
193 -3.48000e+02
203 -3.47000e+02
263 -3.46000e+02
332 -3.45000e+02
415 -3.44000e+02
504 -3.43000e+02
590 -3.42000e+02
611 -3.41000e+02
618 -3.40000e+02
698 -3.39000e+02
735 -3.37000e+02
755 -3.36000e+02
832 -3.35000e+02
929 -3.33000e+02
981 -3.32000e+02
1009 -3.31000e+02
1105 -3.30000e+02
1166 -3.29000e+02
1254 -3.28000e+02
1419 -3.27000e+02
1446 -3.26000e+02
1457 -3.25000e+02
1535 -3.24000e+02
1574 -3.23000e+02
1600 -3.22000e+02
1662 -3.21000e+02
1699 -3.20000e+02
1751 -3.19000e+02
1825 -3.18000e+02
1955 -3.17000e+02
2057 -3.16000e+02
2098 -3.15000e+02
2155 -3.14000e+02
2194 -3.13000e+02
2267 -3.12000e+02
2291 -3.11000e+02
2340 -3.10000e+02
2400 -3.09000e+02
2448 -3.08000e+02
2472 -3.07000e+02
2482 -3.06000e+02
2634 -3.05000e+02
2670 -3.04000e+02
2695 -3.03000e+02
2757 -3.02000e+02
2967 -3.01000e+02
3069 -3.00000e+02
3072 -2.99000e+02
3217 -2.98000e+02
3245 -2.97000e+02
3269 -2.96000e+02
3285 -2.95000e+02
3412 -2.94000e+02
3436 -2.93000e+02
3506 -2.92000e+02
3629 -2.91000e+02
3636 -2.90000e+02
3647 -2.89000e+02
3676 -2.88000e+02
3722 -2.87000e+02
3744 -2.86000e+02
3789 -2.85000e+02
3798 -2.84000e+02
3864 -2.83000e+02
3985 -2.82000e+02
4021 -2.81000e+02
4174 -2.80000e+02
4203 -2.79000e+02
4256 -2.78000e+02
4347 -2.77000e+02
4510 -2.76000e+02
4715 -2.75000e+02
4722 -2.73000e+02
4926 -2.72000e+02
5017 -2.71000e+02
5133 -2.70000e+02
5141 -2.69000e+02
5164 -2.68000e+02
5257 -2.67000e+02
5315 -2.66000e+02
5326 -2.65000e+02
5449 -2.64000e+02
5496 -2.63000e+02
5536 -2.62000e+02
5546 -2.61000e+02
5614 -2.60000e+02
5635 -2.59000e+02
5698 -2.58000e+02
5918 -2.57000e+02
5929 -2.56000e+02
5948 -2.55000e+02
5960 -2.53000e+02
6005 -2.52000e+02
6023 -2.51000e+02
6025 -2.50000e+02
6124 -2.49000e+02
6126 -2.47000e+02
6188 -2.46000e+02
6218 -2.45000e+02
6347 -2.44000e+02
6426 -2.43000e+02
6477 -2.42000e+02
6527 -2.41000e+02
6541 -2.40000e+02
6599 -2.39000e+02
6614 -2.38000e+02
6699 -2.37000e+02
6777 -2.36000e+02
6800 -2.35000e+02
6870 -2.34000e+02
6887 -2.33000e+02
7000 -2.32000e+02
7008 -2.31000e+02
7051 -2.30000e+02
7096 -2.29000e+02
7124 -2.28000e+02
7179 -2.27000e+02
7275 -2.26000e+02
7320 -2.25000e+02
7417 -2.24000e+02
7462 -2.23000e+02
7667 -2.22000e+02
7709 -2.21000e+02
7772 -2.20000e+02
7807 -2.19000e+02
7858 -2.18000e+02
7882 -2.17000e+02
7971 -2.16000e+02
8033 -2.15000e+02
8063 -2.14000e+02
8128 -2.13000e+02
8167 -2.12000e+02
8168 -2.11000e+02
8343 -2.10000e+02
8471 -2.09000e+02
8716 -2.08000e+02
8764 -2.07000e+02
8789 -2.06000e+02
8813 -2.05000e+02
8986 -2.04000e+02
9028 -2.03000e+02
9083 -2.02000e+02
9168 -2.01000e+02
9236 -2.00000e+02
9311 -1.99000e+02
9503 -1.98000e+02
9508 -1.97000e+02
9525 -1.96000e+02
9629 -1.95000e+02
9656 -1.94000e+02
9724 -1.93000e+02
9745 -1.92000e+02
9797 -1.91000e+02
9981 -1.91000e+02
"function evaluation" "best-so-far f(x)"
1 -3.53000e+02
29 -3.52000e+02
40 -3.51000e+02
65 -3.50000e+02
100 -3.49000e+02
166 -3.48000e+02
208 -3.46000e+02
278 -3.45000e+02
283 -3.44000e+02
303 -3.43000e+02
422 -3.42000e+02
428 -3.41000e+02
485 -3.40000e+02
539 -3.39000e+02
572 -3.38000e+02
614 -3.37000e+02
697 -3.36000e+02
739 -3.35000e+02
891 -3.34000e+02
994 -3.33000e+02
1011 -3.32000e+02
1065 -3.31000e+02
1104 -3.30000e+02
1138 -3.29000e+02
1161 -3.28000e+02
1226 -3.27000e+02
1259 -3.26000e+02
1308 -3.25000e+02
1366 -3.24000e+02
1415 -3.23000e+02
1465 -3.21000e+02
1677 -3.20000e+02
1797 -3.19000e+02
1929 -3.18000e+02
1967 -3.17000e+02
2031 -3.16000e+02
2122 -3.15000e+02
2142 -3.14000e+02
2166 -3.13000e+02
2170 -3.12000e+02
2184 -3.11000e+02
2287 -3.10000e+02
2371 -3.09000e+02
2405 -3.08000e+02
2441 -3.07000e+02
2464 -3.04000e+02
2484 -3.03000e+02
2577 -3.02000e+02
2591 -3.01000e+02
2623 -3.00000e+02
2728 -2.99000e+02
2750 -2.98000e+02
2831 -2.97000e+02
2884 -2.96000e+02
2915 -2.95000e+02
3032 -2.94000e+02
3057 -2.92000e+02
3089 -2.91000e+02
3117 -2.90000e+02
3132 -2.89000e+02
3177 -2.87000e+02
3193 -2.86000e+02
3243 -2.85000e+02
3355 -2.84000e+02
3359 -2.83000e+02
3461 -2.82000e+02
3517 -2.81000e+02
3586 -2.80000e+02
3621 -2.79000e+02
3641 -2.78000e+02
3708 -2.77000e+02
3729 -2.76000e+02
3764 -2.75000e+02
3851 -2.74000e+02
3899 -2.73000e+02
4110 -2.72000e+02
4229 -2.71000e+02
4365 -2.70000e+02
4458 -2.69000e+02
4481 -2.68000e+02
4566 -2.67000e+02
4640 -2.66000e+02
4679 -2.65000e+02
4722 -2.64000e+02
4774 -2.63000e+02
4812 -2.62000e+02
4931 -2.61000e+02
5071 -2.60000e+02
5115 -2.59000e+02
5129 -2.58000e+02
5211 -2.57000e+02
5252 -2.56000e+02
5366 -2.55000e+02
5370 -2.54000e+02
5424 -2.53000e+02
5533 -2.52000e+02
5598 -2.51000e+02
5658 -2.50000e+02
5728 -2.49000e+02
5762 -2.48000e+02
5808 -2.47000e+02
5893 -2.46000e+02
5949 -2.45000e+02
6063 -2.44000e+02
6115 -2.43000e+02
6145 -2.42000e+02
6184 -2.41000e+02
6194 -2.40000e+02
6315 -2.39000e+02
6417 -2.38000e+02
6531 -2.37000e+02
6711 -2.36000e+02
6737 -2.34000e+02
6762 -2.33000e+02
6973 -2.32000e+02
7005 -2.31000e+02
7049 -2.30000e+02
7177 -2.29000e+02
7211 -2.28000e+02
7249 -2.27000e+02
7295 -2.26000e+02
7315 -2.25000e+02
7419 -2.24000e+02
7528 -2.23000e+02
7602 -2.22000e+02
7650 -2.21000e+02
7673 -2.20000e+02
7701 -2.19000e+02
7755 -2.18000e+02
7824 -2.17000e+02
7885 -2.16000e+02
7905 -2.15000e+02
7910 -2.14000e+02
8092 -2.13000e+02
8204 -2.12000e+02
8351 -2.11000e+02
8393 -2.10000e+02
8422 -2.09000e+02
8590 -2.08000e+02
8653 -2.07000e+02
8914 -2.06000e+02
8958 -2.05000e+02
8995 -2.04000e+02
9046 -2.03000e+02
9118 -2.02000e+02
9402 -2.01000e+02
9409 -2.00000e+02
9515 -1.99000e+02
9572 -1.98000e+02
9600 -1.97000e+02
9913 -1.96000e+02
9981 -1.96000e+02
"function evaluation" "best-so-far f(x)"
1 -3.53000e+02
4 -3.52000e+02
12 -3.51000e+02
82 -3.50000e+02
100 -3.49000e+02
154 -3.48000e+02
164 -3.47000e+02
285 -3.46000e+02
367 -3.45000e+02
456 -3.44000e+02
538 -3.43000e+02
636 -3.42000e+02
774 -3.41000e+02
805 -3.40000e+02
837 -3.39000e+02
906 -3.38000e+02
920 -3.37000e+02
950 -3.36000e+02
1016 -3.34000e+02
1109 -3.33000e+02
1221 -3.32000e+02
1237 -3.31000e+02
1263 -3.30000e+02
1297 -3.29000e+02
1360 -3.28000e+02
1432 -3.27000e+02
1433 -3.26000e+02
1452 -3.25000e+02
1476 -3.24000e+02
1497 -3.23000e+02
1519 -3.22000e+02
1534 -3.21000e+02
1586 -3.20000e+02
1630 -3.19000e+02
1650 -3.18000e+02
1743 -3.17000e+02
1757 -3.16000e+02
1787 -3.15000e+02
1853 -3.14000e+02
1867 -3.13000e+02
1874 -3.12000e+02
1903 -3.11000e+02
1970 -3.10000e+02
1982 -3.09000e+02
2010 -3.08000e+02
2118 -3.07000e+02
2126 -3.06000e+02
2210 -3.05000e+02
2258 -3.04000e+02
2268 -3.03000e+02
2306 -3.02000e+02
2415 -3.01000e+02
2436 -3.00000e+02
2467 -2.99000e+02
2558 -2.98000e+02
2683 -2.97000e+02
2736 -2.96000e+02
2743 -2.95000e+02
2785 -2.94000e+02
2840 -2.93000e+02
2875 -2.92000e+02
2941 -2.91000e+02
2994 -2.90000e+02
3127 -2.89000e+02
3163 -2.88000e+02
3214 -2.87000e+02
3272 -2.86000e+02
3330 -2.85000e+02
3377 -2.84000e+02
3566 -2.83000e+02
3609 -2.82000e+02
3692 -2.81000e+02
3758 -2.80000e+02
3773 -2.79000e+02
3898 -2.78000e+02
4027 -2.76000e+02
4091 -2.75000e+02
4191 -2.74000e+02
4273 -2.73000e+02
4432 -2.72000e+02
4478 -2.71000e+02
4509 -2.70000e+02
4588 -2.69000e+02
4743 -2.68000e+02
4795 -2.67000e+02
4814 -2.66000e+02
4826 -2.65000e+02
4907 -2.64000e+02
4987 -2.63000e+02
5013 -2.62000e+02
5031 -2.61000e+02
5089 -2.60000e+02
5153 -2.59000e+02
5166 -2.58000e+02
5235 -2.57000e+02
5276 -2.56000e+02
5285 -2.55000e+02
5290 -2.54000e+02
5327 -2.53000e+02
5481 -2.52000e+02
5487 -2.51000e+02
5655 -2.50000e+02
5820 -2.49000e+02
5842 -2.48000e+02
5920 -2.47000e+02
5941 -2.46000e+02
6010 -2.45000e+02
6031 -2.44000e+02
6107 -2.43000e+02
6121 -2.42000e+02
6183 -2.41000e+02
6214 -2.40000e+02
6301 -2.39000e+02
6402 -2.38000e+02
6457 -2.37000e+02
6459 -2.36000e+02
6531 -2.35000e+02
6597 -2.34000e+02
6645 -2.33000e+02
6786 -2.32000e+02
6793 -2.31000e+02
6856 -2.30000e+02
6887 -2.29000e+02
6919 -2.28000e+02
6948 -2.27000e+02
7032 -2.26000e+02
7132 -2.25000e+02
7242 -2.24000e+02
7408 -2.23000e+02
7450 -2.22000e+02
7541 -2.21000e+02
7626 -2.18000e+02
7689 -2.17000e+02
7845 -2.16000e+02
7899 -2.15000e+02
8002 -2.14000e+02
8112 -2.13000e+02
8233 -2.12000e+02
8358 -2.11000e+02
8497 -2.10000e+02
8534 -2.09000e+02
8694 -2.08000e+02
8787 -2.07000e+02
8855 -2.06000e+02
8934 -2.05000e+02
8978 -2.04000e+02
9004 -2.03000e+02
9058 -2.02000e+02
9060 -2.01000e+02
9118 -2.00000e+02
9184 -1.99000e+02
9344 -1.98000e+02
9392 -1.97000e+02
9524 -1.96000e+02
9532 -1.95000e+02
9607 -1.94000e+02
9612 -1.93000e+02
9717 -1.92000e+02
9838 -1.91000e+02
9863 -1.90000e+02
9981 -1.90000e+02
"function evaluation" "best-so-far f(x)"
1 -3.53000e+02
7 -3.52000e+02
26 -3.51000e+02
49 -3.50000e+02
113 -3.49000e+02
158 -3.48000e+02
239 -3.47000e+02
253 -3.46000e+02
304 -3.45000e+02
328 -3.44000e+02
364 -3.43000e+02
433 -3.42000e+02
476 -3.41000e+02
523 -3.40000e+02
564 -3.39000e+02
612 -3.38000e+02
616 -3.37000e+02
699 -3.36000e+02
714 -3.35000e+02
739 -3.34000e+02
829 -3.33000e+02
977 -3.32000e+02
984 -3.31000e+02
1019 -3.30000e+02
1061 -3.29000e+02
1113 -3.28000e+02
1244 -3.27000e+02
1266 -3.26000e+02
1316 -3.25000e+02
1335 -3.24000e+02
1418 -3.22000e+02
1428 -3.21000e+02
1432 -3.20000e+02
1472 -3.19000e+02
1491 -3.18000e+02
1595 -3.17000e+02
1697 -3.16000e+02
1791 -3.15000e+02
1952 -3.14000e+02
2015 -3.13000e+02
2112 -3.12000e+02
2154 -3.11000e+02
2226 -3.10000e+02
2304 -3.09000e+02
2465 -3.08000e+02
2568 -3.07000e+02
2662 -3.06000e+02
2737 -3.05000e+02
2766 -3.04000e+02
2801 -3.03000e+02
2886 -3.02000e+02
2897 -3.01000e+02
2946 -3.00000e+02
2991 -2.99000e+02
3060 -2.98000e+02
3129 -2.97000e+02
3354 -2.96000e+02
3430 -2.95000e+02
3549 -2.94000e+02
3685 -2.93000e+02
3686 -2.92000e+02
3768 -2.91000e+02
3810 -2.90000e+02
3818 -2.89000e+02
3834 -2.88000e+02
3861 -2.87000e+02
3984 -2.86000e+02
4080 -2.85000e+02
4110 -2.84000e+02
4243 -2.83000e+02
4348 -2.82000e+02
4386 -2.81000e+02
4516 -2.80000e+02
4548 -2.79000e+02
4597 -2.78000e+02
4632 -2.77000e+02
4742 -2.76000e+02
4774 -2.75000e+02
4859 -2.74000e+02
4860 -2.73000e+02
4918 -2.72000e+02
5055 -2.71000e+02
5101 -2.69000e+02
5129 -2.68000e+02
5138 -2.67000e+02
5182 -2.66000e+02
5211 -2.65000e+02
5291 -2.64000e+02
5307 -2.63000e+02
5342 -2.62000e+02
5418 -2.61000e+02
5476 -2.59000e+02
5528 -2.58000e+02
5683 -2.57000e+02
5692 -2.56000e+02
5748 -2.55000e+02
5774 -2.54000e+02
5812 -2.53000e+02
5857 -2.52000e+02
5943 -2.51000e+02
6008 -2.50000e+02
6182 -2.49000e+02
6285 -2.48000e+02
6359 -2.47000e+02
6414 -2.46000e+02
6528 -2.45000e+02
6609 -2.44000e+02
6630 -2.43000e+02
6798 -2.42000e+02
6852 -2.41000e+02
6974 -2.40000e+02
6978 -2.39000e+02
7056 -2.38000e+02
7089 -2.36000e+02
7185 -2.35000e+02
7220 -2.34000e+02
7377 -2.33000e+02
7429 -2.32000e+02
7441 -2.31000e+02
7535 -2.30000e+02
7604 -2.29000e+02
7638 -2.28000e+02
7705 -2.27000e+02
7808 -2.26000e+02
7872 -2.25000e+02
7912 -2.24000e+02
8117 -2.23000e+02
8125 -2.22000e+02
8243 -2.21000e+02
8269 -2.20000e+02
8298 -2.19000e+02
8332 -2.18000e+02
8367 -2.17000e+02
8422 -2.16000e+02
8553 -2.15000e+02
8657 -2.14000e+02
8793 -2.13000e+02
8821 -2.12000e+02
8846 -2.11000e+02
8886 -2.10000e+02
9039 -2.09000e+02
9186 -2.08000e+02
9226 -2.07000e+02
9234 -2.06000e+02
9275 -2.05000e+02
9344 -2.04000e+02
9443 -2.03000e+02
9471 -2.02000e+02
9565 -2.01000e+02
9622 -2.00000e+02
9701 -1.99000e+02
9753 -1.98000e+02
9981 -1.98000e+02
"function evaluation" "best-so-far f(x)"
1 -3.53000e+02
20 -3.52000e+02
62 -3.51000e+02
74 -3.50000e+02
184 -3.49000e+02
241 -3.48000e+02
252 -3.47000e+02
371 -3.46000e+02
379 -3.45000e+02
430 -3.44000e+02
470 -3.43000e+02
548 -3.42000e+02
574 -3.41000e+02
577 -3.40000e+02
628 -3.39000e+02
658 -3.38000e+02
787 -3.37000e+02
881 -3.36000e+02
938 -3.35000e+02
942 -3.34000e+02
989 -3.33000e+02
1120 -3.32000e+02
1214 -3.31000e+02
1238 -3.30000e+02
1294 -3.29000e+02
1358 -3.28000e+02
1414 -3.26000e+02
1455 -3.25000e+02
1502 -3.24000e+02
1512 -3.23000e+02
1559 -3.22000e+02
1562 -3.21000e+02
1677 -3.20000e+02
1708 -3.19000e+02
1773 -3.18000e+02
1825 -3.17000e+02
1941 -3.16000e+02
1987 -3.15000e+02
1988 -3.14000e+02
2020 -3.13000e+02
2090 -3.12000e+02
2118 -3.11000e+02
2151 -3.10000e+02
2232 -3.09000e+02
2298 -3.08000e+02
2339 -3.07000e+02
2360 -3.06000e+02
2378 -3.05000e+02
2387 -3.04000e+02
2450 -3.03000e+02
2532 -3.02000e+02
2592 -3.01000e+02
2596 -3.00000e+02
2648 -2.99000e+02
2706 -2.98000e+02
2731 -2.95000e+02
2895 -2.94000e+02
2911 -2.93000e+02
2936 -2.92000e+02
2994 -2.91000e+02
3065 -2.89000e+02
3204 -2.88000e+02
3242 -2.87000e+02
3373 -2.86000e+02
3435 -2.85000e+02
3470 -2.83000e+02
3507 -2.82000e+02
3551 -2.81000e+02
3646 -2.80000e+02
3710 -2.79000e+02
3767 -2.78000e+02
3775 -2.77000e+02
3861 -2.76000e+02
3874 -2.75000e+02
3953 -2.74000e+02
4040 -2.73000e+02
4069 -2.72000e+02
4173 -2.71000e+02
4175 -2.69000e+02
4205 -2.67000e+02
4298 -2.66000e+02
4423 -2.65000e+02
4465 -2.64000e+02
4562 -2.63000e+02
4673 -2.62000e+02
4865 -2.61000e+02
4912 -2.60000e+02
4922 -2.59000e+02
5032 -2.58000e+02
5147 -2.57000e+02
5247 -2.56000e+02
5364 -2.55000e+02
5469 -2.54000e+02
5483 -2.53000e+02
5632 -2.52000e+02
5647 -2.51000e+02
5661 -2.50000e+02
5899 -2.49000e+02
6010 -2.48000e+02
6076 -2.46000e+02
6146 -2.45000e+02
6232 -2.44000e+02
6243 -2.43000e+02
6307 -2.42000e+02
6418 -2.41000e+02
6569 -2.40000e+02
6598 -2.39000e+02
6661 -2.38000e+02
6741 -2.37000e+02
6832 -2.36000e+02
6845 -2.35000e+02
6929 -2.34000e+02
6938 -2.33000e+02
6986 -2.32000e+02
7063 -2.31000e+02
7125 -2.30000e+02
7201 -2.29000e+02
7320 -2.28000e+02
7414 -2.27000e+02
7617 -2.26000e+02
7742 -2.25000e+02
7818 -2.24000e+02
7882 -2.23000e+02
7972 -2.22000e+02
8044 -2.21000e+02
8054 -2.20000e+02
8165 -2.19000e+02
8378 -2.18000e+02
8410 -2.17000e+02
8466 -2.16000e+02
8512 -2.15000e+02
8651 -2.14000e+02
8666 -2.13000e+02
8816 -2.12000e+02
8947 -2.11000e+02
9093 -2.10000e+02
9174 -2.09000e+02
9336 -2.08000e+02
9361 -2.07000e+02
9549 -2.06000e+02
9558 -2.04000e+02
9671 -2.03000e+02
9804 -2.02000e+02
9876 -2.01000e+02
9920 -2.00000e+02
9981 -2.00000e+02
"function evaluation" "best-so-far f(x)"
1 -3.53000e+02
5 -3.52000e+02
23 -3.51000e+02
60 -3.50000e+02
82 -3.49000e+02
135 -3.48000e+02
137 -3.46000e+02
187 -3.45000e+02
225 -3.44000e+02
241 -3.43000e+02
257 -3.42000e+02
335 -3.41000e+02
433 -3.40000e+02
449 -3.39000e+02
535 -3.38000e+02
559 -3.36000e+02
584 -3.35000e+02
619 -3.34000e+02
710 -3.33000e+02
713 -3.32000e+02
719 -3.31000e+02
815 -3.30000e+02
854 -3.29000e+02
861 -3.28000e+02
976 -3.27000e+02
988 -3.26000e+02
1000 -3.25000e+02
1056 -3.24000e+02
1287 -3.23000e+02
1330 -3.22000e+02
1331 -3.21000e+02
1361 -3.20000e+02
1402 -3.19000e+02
1500 -3.18000e+02
1563 -3.17000e+02
1591 -3.16000e+02
1620 -3.15000e+02
1670 -3.13000e+02
1711 -3.12000e+02
1722 -3.11000e+02
1772 -3.10000e+02
1840 -3.08000e+02
1887 -3.07000e+02
2044 -3.06000e+02
2165 -3.04000e+02
2175 -3.03000e+02
2213 -3.02000e+02
2224 -3.01000e+02
2293 -3.00000e+02
2336 -2.99000e+02
2409 -2.98000e+02
2514 -2.97000e+02
2527 -2.96000e+02
2593 -2.94000e+02
2614 -2.93000e+02
2628 -2.92000e+02
2697 -2.90000e+02
2704 -2.89000e+02
2749 -2.88000e+02
2782 -2.87000e+02
2842 -2.86000e+02
2845 -2.85000e+02
2918 -2.84000e+02
2928 -2.83000e+02
2976 -2.82000e+02
3025 -2.81000e+02
3097 -2.80000e+02
3116 -2.79000e+02
3169 -2.78000e+02
3199 -2.77000e+02
3209 -2.76000e+02
3284 -2.75000e+02
3328 -2.74000e+02
3342 -2.73000e+02
3406 -2.72000e+02
3461 -2.71000e+02
3529 -2.70000e+02
3539 -2.69000e+02
3575 -2.68000e+02
3605 -2.67000e+02
3664 -2.66000e+02
3772 -2.65000e+02
3819 -2.64000e+02
3845 -2.63000e+02
3885 -2.62000e+02
3908 -2.61000e+02
3914 -2.60000e+02
3933 -2.59000e+02
4113 -2.58000e+02
4134 -2.57000e+02
4176 -2.56000e+02
4251 -2.55000e+02
4257 -2.54000e+02
4276 -2.53000e+02
4307 -2.52000e+02
4358 -2.51000e+02
4368 -2.50000e+02
4423 -2.49000e+02
4487 -2.48000e+02
4501 -2.47000e+02
4572 -2.46000e+02
4598 -2.44000e+02
4687 -2.43000e+02
4719 -2.42000e+02
5104 -2.41000e+02
5208 -2.40000e+02
5245 -2.39000e+02
5305 -2.38000e+02
5364 -2.37000e+02
5378 -2.35000e+02
5462 -2.34000e+02
5502 -2.33000e+02
5572 -2.32000e+02
5810 -2.31000e+02
5929 -2.30000e+02
6025 -2.29000e+02
6050 -2.28000e+02
6098 -2.27000e+02
6202 -2.26000e+02
6218 -2.25000e+02
6260 -2.24000e+02
6265 -2.23000e+02
6345 -2.22000e+02
6427 -2.21000e+02
6439 -2.20000e+02
6485 -2.19000e+02
6653 -2.18000e+02
6687 -2.17000e+02
6812 -2.16000e+02
6870 -2.15000e+02
6912 -2.14000e+02
7064 -2.13000e+02
7106 -2.12000e+02
7221 -2.11000e+02
7314 -2.10000e+02
7386 -2.09000e+02
7468 -2.08000e+02
7518 -2.07000e+02
7529 -2.06000e+02
7568 -2.05000e+02
7712 -2.04000e+02
7760 -2.03000e+02
7888 -2.02000e+02
8020 -2.01000e+02
8073 -2.00000e+02
8093 -1.99000e+02
8107 -1.98000e+02
8199 -1.97000e+02
8308 -1.96000e+02
8399 -1.95000e+02
8421 -1.94000e+02
8429 -1.93000e+02
8463 -1.92000e+02
8496 -1.91000e+02
8534 -1.90000e+02
8754 -1.89000e+02
8761 -1.88000e+02
8788 -1.87000e+02
8976 -1.86000e+02
9136 -1.85000e+02
9408 -1.84000e+02
9491 -1.83000e+02
9517 -1.82000e+02
9631 -1.81000e+02
9821 -1.80000e+02
9881 -1.79000e+02
9946 -1.78000e+02
9981 -1.78000e+02
"function evaluation" "best-so-far f(x)"
1 -3.53000e+02
54 -3.52000e+02
115 -3.51000e+02
131 -3.50000e+02
211 -3.49000e+02
235 -3.48000e+02
249 -3.47000e+02
298 -3.46000e+02
340 -3.45000e+02
384 -3.44000e+02
424 -3.43000e+02
593 -3.41000e+02
633 -3.40000e+02
740 -3.39000e+02
751 -3.38000e+02
825 -3.37000e+02
854 -3.36000e+02
966 -3.35000e+02
1037 -3.34000e+02
1094 -3.33000e+02
1139 -3.32000e+02
1195 -3.31000e+02
1220 -3.30000e+02
1273 -3.28000e+02
1276 -3.27000e+02
1291 -3.26000e+02
1341 -3.25000e+02
1391 -3.24000e+02
1426 -3.23000e+02
1491 -3.22000e+02
1514 -3.21000e+02
1579 -3.20000e+02
1637 -3.19000e+02
1698 -3.18000e+02
1760 -3.17000e+02
1782 -3.16000e+02
1857 -3.15000e+02
1886 -3.14000e+02
1917 -3.13000e+02
1975 -3.12000e+02
2006 -3.11000e+02
2178 -3.10000e+02
2185 -3.09000e+02
2194 -3.08000e+02
2245 -3.07000e+02
2252 -3.06000e+02
2323 -3.05000e+02
2374 -3.04000e+02
2442 -3.03000e+02
2488 -3.02000e+02
2558 -3.01000e+02
2612 -3.00000e+02
2617 -2.99000e+02
2694 -2.98000e+02
2707 -2.97000e+02
2751 -2.96000e+02
2793 -2.95000e+02
2900 -2.94000e+02
3011 -2.93000e+02
3087 -2.92000e+02
3096 -2.91000e+02
3124 -2.90000e+02
3193 -2.89000e+02
3321 -2.88000e+02
3415 -2.87000e+02
3493 -2.86000e+02
3540 -2.85000e+02
3556 -2.84000e+02
3637 -2.83000e+02
3679 -2.82000e+02
3757 -2.81000e+02
3845 -2.80000e+02
3881 -2.79000e+02
3949 -2.78000e+02
3952 -2.77000e+02
3994 -2.75000e+02
4024 -2.74000e+02
4048 -2.73000e+02
4103 -2.72000e+02
4110 -2.71000e+02
4142 -2.70000e+02
4238 -2.69000e+02
4321 -2.68000e+02
4366 -2.67000e+02
4408 -2.66000e+02
4613 -2.65000e+02
4630 -2.64000e+02
4656 -2.63000e+02
4677 -2.62000e+02
4710 -2.61000e+02
4749 -2.60000e+02
4781 -2.59000e+02
4783 -2.58000e+02
4931 -2.57000e+02
4946 -2.56000e+02
5027 -2.55000e+02
5054 -2.54000e+02
5137 -2.53000e+02
5147 -2.52000e+02
5180 -2.51000e+02
5275 -2.50000e+02
5287 -2.49000e+02
5366 -2.48000e+02
5413 -2.47000e+02
5455 -2.46000e+02
5464 -2.45000e+02
5497 -2.44000e+02
5564 -2.43000e+02
5613 -2.42000e+02
5659 -2.40000e+02
5699 -2.39000e+02
5824 -2.38000e+02
5830 -2.37000e+02
5870 -2.36000e+02
5886 -2.35000e+02
5972 -2.34000e+02
5985 -2.33000e+02
6108 -2.32000e+02
6168 -2.31000e+02
6191 -2.30000e+02
6257 -2.29000e+02
6347 -2.28000e+02
6416 -2.27000e+02
6471 -2.26000e+02
6513 -2.25000e+02
6808 -2.24000e+02
6917 -2.23000e+02
6959 -2.22000e+02
7066 -2.21000e+02
7106 -2.20000e+02
7172 -2.19000e+02
7174 -2.18000e+02
7196 -2.17000e+02
7223 -2.16000e+02
7256 -2.15000e+02
7473 -2.14000e+02
7474 -2.13000e+02
7521 -2.12000e+02
7571 -2.11000e+02
7638 -2.10000e+02
7656 -2.09000e+02
7697 -2.08000e+02
7719 -2.07000e+02
8061 -2.06000e+02
8066 -2.05000e+02
8186 -2.04000e+02
8234 -2.03000e+02
8284 -2.02000e+02
8390 -2.01000e+02
8474 -2.00000e+02
8477 -1.99000e+02
8536 -1.98000e+02
8606 -1.97000e+02
8626 -1.96000e+02
8721 -1.95000e+02
8770 -1.94000e+02
8803 -1.93000e+02
8895 -1.92000e+02
8997 -1.91000e+02
9043 -1.90000e+02
9070 -1.89000e+02
9140 -1.88000e+02
9173 -1.87000e+02
9236 -1.86000e+02
9398 -1.85000e+02
9476 -1.84000e+02
9510 -1.83000e+02
9532 -1.82000e+02
9633 -1.81000e+02
9767 -1.80000e+02
9879 -1.79000e+02
9899 -1.78000e+02
9922 -1.77000e+02
9981 -1.77000e+02
"function evaluation" "best-so-far f(x)"
1 -3.53000e+02
48 -3.52000e+02
85 -3.51000e+02
201 -3.50000e+02
327 -3.49000e+02
409 -3.48000e+02
469 -3.47000e+02
562 -3.46000e+02
652 -3.45000e+02
685 -3.44000e+02
717 -3.43000e+02
742 -3.42000e+02
776 -3.41000e+02
902 -3.40000e+02
912 -3.39000e+02
966 -3.38000e+02
1025 -3.37000e+02
1065 -3.36000e+02
1107 -3.35000e+02
1128 -3.34000e+02
1217 -3.33000e+02
1365 -3.32000e+02
1366 -3.31000e+02
1431 -3.30000e+02
1448 -3.29000e+02
1568 -3.28000e+02
1644 -3.27000e+02
1655 -3.26000e+02
1679 -3.25000e+02
1710 -3.24000e+02
1738 -3.23000e+02
1782 -3.22000e+02
1801 -3.21000e+02
1894 -3.20000e+02
1997 -3.19000e+02
2107 -3.17000e+02
2158 -3.16000e+02
2179 -3.15000e+02
2217 -3.14000e+02
2280 -3.13000e+02
2327 -3.12000e+02
2353 -3.11000e+02
2493 -3.10000e+02
2600 -3.09000e+02
2634 -3.08000e+02
2720 -3.07000e+02
2770 -3.06000e+02
2802 -3.05000e+02
2901 -3.04000e+02
3028 -3.03000e+02
3041 -3.02000e+02
3250 -3.01000e+02
3318 -3.00000e+02
3346 -2.99000e+02
3406 -2.98000e+02
3425 -2.97000e+02
3466 -2.96000e+02
3552 -2.95000e+02
3588 -2.94000e+02
3602 -2.93000e+02
3620 -2.92000e+02
3625 -2.91000e+02
3648 -2.90000e+02
3809 -2.89000e+02
3959 -2.88000e+02
4047 -2.87000e+02
4111 -2.86000e+02
4179 -2.85000e+02
4218 -2.84000e+02
4233 -2.83000e+02
4260 -2.82000e+02
4349 -2.81000e+02
4369 -2.80000e+02
4426 -2.79000e+02
4491 -2.78000e+02
4498 -2.77000e+02
4535 -2.76000e+02
4540 -2.75000e+02
4587 -2.74000e+02
4623 -2.73000e+02
4692 -2.72000e+02
4725 -2.71000e+02
4850 -2.70000e+02
4882 -2.69000e+02
4918 -2.68000e+02
4956 -2.67000e+02
4975 -2.66000e+02
4985 -2.65000e+02
5099 -2.64000e+02
5124 -2.63000e+02
5199 -2.62000e+02
5263 -2.61000e+02
5447 -2.60000e+02
5596 -2.59000e+02
5804 -2.58000e+02
5842 -2.57000e+02
5910 -2.56000e+02
5986 -2.55000e+02
6073 -2.54000e+02
6103 -2.53000e+02
6277 -2.52000e+02
6326 -2.51000e+02
6421 -2.50000e+02
6428 -2.49000e+02
6440 -2.47000e+02
6461 -2.46000e+02
6550 -2.45000e+02
6620 -2.44000e+02
6681 -2.43000e+02
6700 -2.42000e+02
6720 -2.41000e+02
6793 -2.40000e+02
6883 -2.39000e+02
6952 -2.38000e+02
7018 -2.37000e+02
7054 -2.36000e+02
7108 -2.35000e+02
7417 -2.34000e+02
7477 -2.33000e+02
7549 -2.32000e+02
7627 -2.31000e+02
7648 -2.30000e+02
7691 -2.28000e+02
7732 -2.27000e+02
7812 -2.26000e+02
8180 -2.25000e+02
8218 -2.24000e+02
8227 -2.23000e+02
8284 -2.22000e+02
8373 -2.21000e+02
8489 -2.20000e+02
8533 -2.19000e+02
8596 -2.18000e+02
8708 -2.16000e+02
8772 -2.15000e+02
8823 -2.14000e+02
8887 -2.13000e+02
8924 -2.12000e+02
8969 -2.11000e+02
9018 -2.10000e+02
9069 -2.09000e+02
9151 -2.08000e+02
9232 -2.07000e+02
9259 -2.06000e+02
9281 -2.05000e+02
9340 -2.04000e+02
9392 -2.03000e+02
9410 -2.02000e+02
9521 -2.01000e+02
9580 -2.00000e+02
9668 -1.99000e+02
9669 -1.98000e+02
9717 -1.97000e+02
9770 -1.96000e+02
9874 -1.95000e+02
9981 -1.95000e+02
"function evaluation" "best-so-far f(x)"
1 -3.53000e+02
80 -3.52000e+02
110 -3.51000e+02
199 -3.50000e+02
255 -3.49000e+02
306 -3.48000e+02
320 -3.47000e+02
366 -3.46000e+02
491 -3.45000e+02
571 -3.44000e+02
612 -3.43000e+02
654 -3.42000e+02
739 -3.41000e+02
785 -3.40000e+02
917 -3.39000e+02
935 -3.38000e+02
997 -3.37000e+02
1002 -3.36000e+02
1047 -3.35000e+02
1098 -3.34000e+02
1172 -3.33000e+02
1249 -3.32000e+02
1308 -3.31000e+02
1415 -3.30000e+02
1447 -3.29000e+02
1496 -3.28000e+02
1536 -3.27000e+02
1570 -3.26000e+02
1603 -3.25000e+02
1690 -3.24000e+02
1792 -3.22000e+02
1925 -3.21000e+02
1961 -3.20000e+02
1975 -3.19000e+02
2005 -3.17000e+02
2065 -3.16000e+02
2127 -3.15000e+02
2166 -3.14000e+02
2370 -3.13000e+02
2396 -3.12000e+02
2439 -3.11000e+02
2476 -3.10000e+02
2590 -3.09000e+02
2621 -3.08000e+02
2632 -3.07000e+02
2766 -3.06000e+02
2809 -3.05000e+02
2882 -3.04000e+02
2899 -3.03000e+02
2944 -3.02000e+02
3139 -3.01000e+02
3190 -3.00000e+02
3279 -2.99000e+02
3331 -2.98000e+02
3455 -2.97000e+02
3492 -2.96000e+02
3578 -2.95000e+02
3631 -2.94000e+02
3695 -2.92000e+02
3743 -2.91000e+02
3769 -2.90000e+02
3815 -2.89000e+02
3823 -2.88000e+02
3849 -2.87000e+02
3864 -2.86000e+02
3880 -2.85000e+02
3941 -2.84000e+02
4036 -2.83000e+02
4067 -2.82000e+02
4240 -2.81000e+02
4301 -2.80000e+02
4377 -2.79000e+02
4404 -2.78000e+02
4425 -2.77000e+02
4442 -2.76000e+02
4491 -2.75000e+02
4556 -2.74000e+02
4591 -2.73000e+02
4639 -2.72000e+02
4658 -2.71000e+02
4682 -2.70000e+02
4857 -2.69000e+02
4896 -2.68000e+02
4946 -2.67000e+02
5083 -2.66000e+02
5149 -2.65000e+02
5325 -2.64000e+02
5368 -2.63000e+02
5428 -2.62000e+02
5481 -2.61000e+02
5490 -2.60000e+02
5698 -2.59000e+02
5720 -2.58000e+02
5819 -2.57000e+02
5858 -2.56000e+02
5925 -2.55000e+02
5953 -2.54000e+02
6065 -2.53000e+02
6086 -2.52000e+02
6169 -2.51000e+02
6195 -2.50000e+02
6311 -2.49000e+02
6332 -2.48000e+02
6410 -2.47000e+02
6468 -2.45000e+02
6470 -2.44000e+02
6546 -2.43000e+02
6579 -2.42000e+02
6643 -2.41000e+02
6748 -2.40000e+02
6778 -2.39000e+02
6793 -2.38000e+02
6928 -2.37000e+02
7013 -2.36000e+02
7026 -2.35000e+02
7300 -2.34000e+02
7427 -2.33000e+02
7465 -2.32000e+02
7549 -2.31000e+02
7569 -2.30000e+02
7722 -2.29000e+02
7780 -2.28000e+02
7852 -2.27000e+02
7953 -2.26000e+02
7988 -2.24000e+02
8075 -2.23000e+02
8185 -2.22000e+02
8204 -2.21000e+02
8225 -2.20000e+02
8246 -2.19000e+02
8266 -2.18000e+02
8430 -2.17000e+02
8498 -2.16000e+02
8526 -2.15000e+02
8564 -2.14000e+02
8802 -2.13000e+02
8823 -2.12000e+02
8954 -2.11000e+02
8972 -2.10000e+02
9027 -2.09000e+02
9200 -2.08000e+02
9207 -2.07000e+02
9299 -2.06000e+02
9538 -2.05000e+02
9562 -2.04000e+02
9729 -2.03000e+02
9742 -2.02000e+02
9789 -2.01000e+02
9821 -2.00000e+02
9839 -1.99000e+02
9927 -1.98000e+02
9957 -1.97000e+02
9981 -1.97000e+02
"function evaluation" "best-so-far f(x)"
1 -3.53000e+02
70 -3.52000e+02
137 -3.51000e+02
189 -3.50000e+02
303 -3.49000e+02
346 -3.48000e+02
418 -3.47000e+02
485 -3.46000e+02
494 -3.45000e+02
500 -3.44000e+02
549 -3.43000e+02
591 -3.42000e+02
654 -3.41000e+02
727 -3.40000e+02
779 -3.39000e+02
821 -3.38000e+02
911 -3.37000e+02
964 -3.35000e+02
1007 -3.34000e+02
1067 -3.33000e+02
1096 -3.31000e+02
1128 -3.30000e+02
1177 -3.29000e+02
1267 -3.28000e+02
1283 -3.27000e+02
1319 -3.26000e+02
1336 -3.25000e+02
1372 -3.24000e+02
1426 -3.23000e+02
1453 -3.22000e+02
1488 -3.21000e+02
1619 -3.20000e+02
1687 -3.19000e+02
1724 -3.18000e+02
1728 -3.17000e+02
1756 -3.16000e+02
1811 -3.15000e+02
1841 -3.14000e+02
1859 -3.13000e+02
1865 -3.12000e+02
1886 -3.11000e+02
1906 -3.10000e+02
1962 -3.09000e+02
2013 -3.08000e+02
2072 -3.06000e+02
2121 -3.04000e+02
2134 -3.03000e+02
2187 -3.02000e+02
2275 -3.01000e+02
2354 -3.00000e+02
2369 -2.99000e+02
2373 -2.98000e+02
2405 -2.97000e+02
2491 -2.96000e+02
2586 -2.95000e+02
2606 -2.94000e+02
2645 -2.93000e+02
2703 -2.92000e+02
2722 -2.91000e+02
2813 -2.90000e+02
2859 -2.89000e+02
2902 -2.88000e+02
2960 -2.87000e+02
2980 -2.86000e+02
3112 -2.85000e+02
3161 -2.84000e+02
3181 -2.83000e+02
3242 -2.82000e+02
3289 -2.81000e+02
3328 -2.80000e+02
3450 -2.79000e+02
3547 -2.78000e+02
3554 -2.77000e+02
3623 -2.76000e+02
3644 -2.75000e+02
3714 -2.74000e+02
3771 -2.73000e+02
3854 -2.72000e+02
3889 -2.71000e+02
3920 -2.70000e+02
3963 -2.69000e+02
3993 -2.68000e+02
4057 -2.67000e+02
4132 -2.66000e+02
4152 -2.65000e+02
4181 -2.64000e+02
4280 -2.63000e+02
4342 -2.61000e+02
4345 -2.60000e+02
4354 -2.59000e+02
4400 -2.58000e+02
4526 -2.57000e+02
4646 -2.56000e+02
4838 -2.55000e+02
4867 -2.54000e+02
4923 -2.52000e+02
4968 -2.51000e+02
5010 -2.50000e+02
5023 -2.49000e+02
5061 -2.48000e+02
5122 -2.47000e+02
5128 -2.46000e+02
5205 -2.45000e+02
5247 -2.44000e+02
5300 -2.43000e+02
5390 -2.42000e+02
5441 -2.41000e+02
5469 -2.40000e+02
5546 -2.39000e+02
5604 -2.38000e+02
5693 -2.37000e+02
5783 -2.35000e+02
5921 -2.34000e+02
5967 -2.33000e+02
6005 -2.31000e+02
6038 -2.30000e+02
6211 -2.29000e+02
6331 -2.28000e+02
6511 -2.27000e+02
6550 -2.26000e+02
6641 -2.25000e+02
6661 -2.24000e+02
6838 -2.23000e+02
6842 -2.22000e+02
6957 -2.21000e+02
7064 -2.20000e+02
7204 -2.19000e+02
7224 -2.18000e+02
7344 -2.17000e+02
7460 -2.16000e+02
7517 -2.15000e+02
7531 -2.14000e+02
7562 -2.13000e+02
7818 -2.12000e+02
7864 -2.11000e+02
7941 -2.10000e+02
7993 -2.09000e+02
8082 -2.08000e+02
8190 -2.07000e+02
8358 -2.06000e+02
8475 -2.05000e+02
8582 -2.04000e+02
8652 -2.03000e+02
8692 -2.02000e+02
8815 -2.01000e+02
8869 -2.00000e+02
8881 -1.99000e+02
8942 -1.98000e+02
8943 -1.97000e+02
8992 -1.96000e+02
9095 -1.95000e+02
9201 -1.94000e+02
9283 -1.93000e+02
9288 -1.92000e+02
9307 -1.91000e+02
9524 -1.90000e+02
9570 -1.89000e+02
9595 -1.88000e+02
9626 -1.87000e+02
9787 -1.86000e+02
9914 -1.85000e+02
9981 -1.85000e+02
"function evaluation" "best-so-far f(x)"
1 -3.53000e+02
20 -3.52000e+02
51 -3.51000e+02
85 -3.50000e+02
126 -3.49000e+02
150 -3.48000e+02
326 -3.47000e+02
368 -3.46000e+02
474 -3.45000e+02
508 -3.44000e+02
538 -3.42000e+02
639 -3.41000e+02
669 -3.40000e+02
702 -3.39000e+02
726 -3.38000e+02
804 -3.37000e+02
837 -3.36000e+02
868 -3.35000e+02
969 -3.34000e+02
1021 -3.33000e+02
1034 -3.32000e+02
1068 -3.31000e+02
1151 -3.30000e+02
1311 -3.29000e+02
1339 -3.28000e+02
1362 -3.27000e+02
1387 -3.26000e+02
1520 -3.25000e+02
1570 -3.24000e+02
1615 -3.23000e+02
1651 -3.22000e+02
1680 -3.21000e+02
1706 -3.20000e+02
1758 -3.19000e+02
1834 -3.18000e+02
1868 -3.17000e+02
1899 -3.16000e+02
2032 -3.15000e+02
2082 -3.14000e+02
2131 -3.13000e+02
2207 -3.11000e+02
2261 -3.10000e+02
2296 -3.09000e+02
2381 -3.08000e+02
2462 -3.06000e+02
2490 -3.05000e+02
2535 -3.04000e+02
2748 -3.03000e+02
2797 -3.02000e+02
2829 -3.01000e+02
2900 -3.00000e+02
2962 -2.99000e+02
3004 -2.98000e+02
3048 -2.97000e+02
3080 -2.96000e+02
3102 -2.95000e+02
3183 -2.94000e+02
3431 -2.93000e+02
3495 -2.92000e+02
3526 -2.91000e+02
3553 -2.90000e+02
3732 -2.89000e+02
3779 -2.88000e+02
3868 -2.87000e+02
3873 -2.86000e+02
3876 -2.84000e+02
3908 -2.83000e+02
3969 -2.82000e+02
4028 -2.81000e+02
4086 -2.80000e+02
4125 -2.79000e+02
4181 -2.78000e+02
4233 -2.77000e+02
4279 -2.76000e+02
4323 -2.75000e+02
4399 -2.74000e+02
4449 -2.73000e+02
4485 -2.72000e+02
4544 -2.71000e+02
4608 -2.70000e+02
4622 -2.69000e+02
4689 -2.68000e+02
4778 -2.67000e+02
4843 -2.66000e+02
4913 -2.65000e+02
5180 -2.64000e+02
5219 -2.63000e+02
5254 -2.61000e+02
5349 -2.60000e+02
5432 -2.59000e+02
5497 -2.58000e+02
5611 -2.57000e+02
5643 -2.56000e+02
5698 -2.55000e+02
5783 -2.54000e+02
5840 -2.53000e+02
5881 -2.52000e+02
5942 -2.51000e+02
5985 -2.50000e+02
6034 -2.49000e+02
6092 -2.48000e+02
6203 -2.47000e+02
6347 -2.46000e+02
6358 -2.45000e+02
6416 -2.44000e+02
6550 -2.43000e+02
6646 -2.42000e+02
6665 -2.41000e+02
6782 -2.40000e+02
6803 -2.39000e+02
6810 -2.38000e+02
6927 -2.37000e+02
7008 -2.36000e+02
7059 -2.35000e+02
7316 -2.34000e+02
7396 -2.33000e+02
7418 -2.32000e+02
7471 -2.31000e+02
7474 -2.30000e+02
7512 -2.29000e+02
7563 -2.28000e+02
7579 -2.27000e+02
7668 -2.26000e+02
7696 -2.25000e+02
7743 -2.24000e+02
7816 -2.23000e+02
7831 -2.22000e+02
7840 -2.20000e+02
7897 -2.19000e+02
8065 -2.18000e+02
8123 -2.17000e+02
8311 -2.16000e+02
8460 -2.15000e+02
8519 -2.14000e+02
8585 -2.13000e+02
8896 -2.12000e+02
8946 -2.11000e+02
8975 -2.10000e+02
9084 -2.09000e+02
9122 -2.08000e+02
9223 -2.07000e+02
9253 -2.06000e+02
9266 -2.05000e+02
9366 -2.04000e+02
9525 -2.03000e+02
9555 -2.02000e+02
9612 -2.01000e+02
9773 -2.00000e+02
9821 -1.99000e+02
9863 -1.98000e+02
9884 -1.97000e+02
9981 -1.97000e+02
"function evaluation" "best-so-far f(x)"
1 -3.53000e+02
4 -3.52000e+02
33 -3.51000e+02
99 -3.50000e+02
156 -3.49000e+02
204 -3.48000e+02
221 -3.47000e+02
262 -3.46000e+02
295 -3.45000e+02
301 -3.44000e+02
415 -3.43000e+02
437 -3.42000e+02
515 -3.41000e+02
550 -3.40000e+02
553 -3.39000e+02
616 -3.38000e+02
660 -3.37000e+02
748 -3.36000e+02
764 -3.35000e+02
766 -3.34000e+02
784 -3.33000e+02
842 -3.32000e+02
914 -3.31000e+02
976 -3.30000e+02
984 -3.29000e+02
1031 -3.28000e+02
1080 -3.27000e+02
1122 -3.26000e+02
1149 -3.25000e+02
1155 -3.24000e+02
1202 -3.23000e+02
1262 -3.22000e+02
1293 -3.21000e+02
1328 -3.20000e+02
1461 -3.19000e+02
1482 -3.18000e+02
1508 -3.17000e+02
1541 -3.16000e+02
1558 -3.15000e+02
1653 -3.13000e+02
1711 -3.12000e+02
1756 -3.11000e+02
1894 -3.10000e+02
1921 -3.09000e+02
1947 -3.07000e+02
2008 -3.06000e+02
2092 -3.05000e+02
2139 -3.04000e+02
2143 -3.03000e+02
2181 -3.02000e+02
2237 -3.01000e+02
2282 -3.00000e+02
2319 -2.99000e+02
2344 -2.98000e+02
2352 -2.97000e+02
2583 -2.96000e+02
2680 -2.95000e+02
2797 -2.94000e+02
2863 -2.93000e+02
2878 -2.92000e+02
2933 -2.91000e+02
3026 -2.90000e+02
3083 -2.89000e+02
3162 -2.88000e+02
3215 -2.87000e+02
3277 -2.86000e+02
3367 -2.85000e+02
3418 -2.84000e+02
3588 -2.83000e+02
3629 -2.82000e+02
3695 -2.81000e+02
3712 -2.80000e+02
3716 -2.79000e+02
3774 -2.78000e+02
3796 -2.77000e+02
3820 -2.76000e+02
3931 -2.75000e+02
4015 -2.74000e+02
4104 -2.73000e+02
4146 -2.72000e+02
4173 -2.71000e+02
4398 -2.70000e+02
4490 -2.69000e+02
4542 -2.68000e+02
4578 -2.67000e+02
4626 -2.66000e+02
4696 -2.65000e+02
4939 -2.64000e+02
4953 -2.62000e+02
5050 -2.61000e+02
5099 -2.60000e+02
5120 -2.59000e+02
5162 -2.58000e+02
5191 -2.57000e+02
5302 -2.56000e+02
5394 -2.55000e+02
5403 -2.54000e+02
5471 -2.53000e+02
5524 -2.52000e+02
5698 -2.51000e+02
5704 -2.50000e+02
5851 -2.49000e+02
5914 -2.48000e+02
5953 -2.47000e+02
5992 -2.46000e+02
6100 -2.45000e+02
6113 -2.44000e+02
6242 -2.43000e+02
6304 -2.42000e+02
6382 -2.41000e+02
6540 -2.40000e+02
6566 -2.39000e+02
6600 -2.38000e+02
6632 -2.37000e+02
6743 -2.35000e+02
6804 -2.34000e+02
6814 -2.33000e+02
6876 -2.32000e+02
6909 -2.31000e+02
7003 -2.30000e+02
7104 -2.29000e+02
7181 -2.28000e+02
7194 -2.27000e+02
7229 -2.26000e+02
7279 -2.25000e+02
7329 -2.24000e+02
7370 -2.23000e+02
7408 -2.22000e+02
7487 -2.21000e+02
7577 -2.20000e+02
7642 -2.19000e+02
7763 -2.18000e+02
7860 -2.17000e+02
7923 -2.16000e+02
7958 -2.15000e+02
8067 -2.14000e+02
8156 -2.13000e+02
8218 -2.12000e+02
8255 -2.11000e+02
8333 -2.10000e+02
8461 -2.09000e+02
8471 -2.08000e+02
8516 -2.07000e+02
8652 -2.06000e+02
8718 -2.05000e+02
8811 -2.04000e+02
8877 -2.03000e+02
8949 -2.02000e+02
9008 -2.01000e+02
9022 -2.00000e+02
9023 -1.99000e+02
9211 -1.98000e+02
9258 -1.97000e+02
9315 -1.96000e+02
9352 -1.95000e+02
9368 -1.94000e+02
9410 -1.93000e+02
9515 -1.92000e+02
9579 -1.91000e+02
9797 -1.90000e+02
9813 -1.89000e+02
9846 -1.88000e+02
9906 -1.87000e+02
9935 -1.86000e+02
9942 -1.85000e+02
9981 -1.85000e+02
"function evaluation" "best-so-far f(x)"
1 -3.53000e+02
21 -3.52000e+02
103 -3.51000e+02
184 -3.50000e+02
245 -3.49000e+02
278 -3.48000e+02
338 -3.47000e+02
379 -3.46000e+02
395 -3.45000e+02
410 -3.44000e+02
494 -3.43000e+02
540 -3.42000e+02
567 -3.41000e+02
609 -3.40000e+02
649 -3.39000e+02
666 -3.38000e+02
733 -3.37000e+02
889 -3.36000e+02
949 -3.35000e+02
968 -3.34000e+02
991 -3.33000e+02
1096 -3.32000e+02
1126 -3.31000e+02
1193 -3.30000e+02
1215 -3.29000e+02
1247 -3.28000e+02
1334 -3.27000e+02
1349 -3.25000e+02
1371 -3.24000e+02
1382 -3.23000e+02
1449 -3.22000e+02
1620 -3.21000e+02
1683 -3.20000e+02
1743 -3.19000e+02
1770 -3.18000e+02
1941 -3.17000e+02
1986 -3.16000e+02
2034 -3.15000e+02
2105 -3.14000e+02
2131 -3.13000e+02
2189 -3.12000e+02
2209 -3.11000e+02
2222 -3.10000e+02
2351 -3.09000e+02
2464 -3.08000e+02
2509 -3.07000e+02
2592 -3.06000e+02
2673 -3.05000e+02
2749 -3.04000e+02
2864 -3.03000e+02
2921 -3.02000e+02
2943 -3.01000e+02
3020 -3.00000e+02
3080 -2.99000e+02
3138 -2.98000e+02
3170 -2.97000e+02
3274 -2.96000e+02
3308 -2.95000e+02
3352 -2.94000e+02
3415 -2.93000e+02
3459 -2.92000e+02
3606 -2.91000e+02
3792 -2.90000e+02
3929 -2.89000e+02
3938 -2.88000e+02
4118 -2.87000e+02
4125 -2.86000e+02
4189 -2.85000e+02
4219 -2.84000e+02
4246 -2.83000e+02
4284 -2.82000e+02
4305 -2.81000e+02
4417 -2.80000e+02
4446 -2.79000e+02
4465 -2.78000e+02
4514 -2.77000e+02
4571 -2.76000e+02
4627 -2.75000e+02
4665 -2.73000e+02
4685 -2.72000e+02
4832 -2.71000e+02
4857 -2.70000e+02
4887 -2.69000e+02
4906 -2.68000e+02
4999 -2.66000e+02
5028 -2.65000e+02
5106 -2.64000e+02
5154 -2.62000e+02
5190 -2.61000e+02
5255 -2.60000e+02
5279 -2.59000e+02
5316 -2.58000e+02
5322 -2.57000e+02
5434 -2.56000e+02
5465 -2.55000e+02
5477 -2.54000e+02
5490 -2.53000e+02
5598 -2.52000e+02
5716 -2.51000e+02
5803 -2.50000e+02
5988 -2.49000e+02
6017 -2.48000e+02
6106 -2.47000e+02
6194 -2.46000e+02
6239 -2.45000e+02
6290 -2.44000e+02
6432 -2.43000e+02
6474 -2.42000e+02
6599 -2.41000e+02
6603 -2.40000e+02
6662 -2.39000e+02
6729 -2.38000e+02
6733 -2.37000e+02
6755 -2.36000e+02
6803 -2.35000e+02
6903 -2.34000e+02
6935 -2.33000e+02
7061 -2.31000e+02
7077 -2.30000e+02
7095 -2.29000e+02
7256 -2.28000e+02
7374 -2.27000e+02
7455 -2.26000e+02
7520 -2.25000e+02
7638 -2.24000e+02
7713 -2.23000e+02
7781 -2.22000e+02
7823 -2.21000e+02
7888 -2.20000e+02
7923 -2.19000e+02
7966 -2.18000e+02
8119 -2.17000e+02
8210 -2.16000e+02
8297 -2.15000e+02
8342 -2.14000e+02
8442 -2.13000e+02
8474 -2.12000e+02
8494 -2.11000e+02
8522 -2.10000e+02
8537 -2.09000e+02
8606 -2.08000e+02
8665 -2.07000e+02
8764 -2.06000e+02
8780 -2.05000e+02
8827 -2.04000e+02
8885 -2.03000e+02
8919 -2.02000e+02
8947 -2.01000e+02
8984 -1.99000e+02
9027 -1.98000e+02
9157 -1.97000e+02
9222 -1.96000e+02
9300 -1.95000e+02
9382 -1.94000e+02
9414 -1.93000e+02
9481 -1.92000e+02
9665 -1.91000e+02
9774 -1.90000e+02
9829 -1.89000e+02
9838 -1.88000e+02
9860 -1.87000e+02
9981 -1.87000e+02
"function evaluation" "best-so-far f(x)"
1 -3.53000e+02
15 -3.52000e+02
31 -3.51000e+02
54 -3.50000e+02
157 -3.49000e+02
188 -3.48000e+02
226 -3.47000e+02
275 -3.45000e+02
305 -3.44000e+02
348 -3.43000e+02
413 -3.42000e+02
504 -3.41000e+02
522 -3.40000e+02
570 -3.39000e+02
579 -3.38000e+02
672 -3.37000e+02
696 -3.36000e+02
781 -3.35000e+02
830 -3.34000e+02
844 -3.33000e+02
931 -3.32000e+02
1066 -3.31000e+02
1106 -3.30000e+02
1126 -3.29000e+02
1172 -3.28000e+02
1228 -3.27000e+02
1236 -3.26000e+02
1252 -3.24000e+02
1314 -3.23000e+02
1490 -3.22000e+02
1512 -3.21000e+02
1586 -3.20000e+02
1669 -3.19000e+02
1741 -3.18000e+02
1766 -3.17000e+02
1779 -3.16000e+02
1829 -3.15000e+02
1839 -3.14000e+02
1898 -3.13000e+02
1979 -3.12000e+02
2020 -3.11000e+02
2070 -3.10000e+02
2099 -3.09000e+02
2144 -3.08000e+02
2183 -3.07000e+02
2283 -3.06000e+02
2329 -3.05000e+02
2399 -3.03000e+02
2404 -3.02000e+02
2540 -3.01000e+02
2601 -3.00000e+02
2661 -2.99000e+02
2757 -2.98000e+02
2809 -2.97000e+02
2844 -2.96000e+02
2854 -2.95000e+02
3062 -2.94000e+02
3065 -2.93000e+02
3136 -2.92000e+02
3147 -2.91000e+02
3158 -2.90000e+02
3196 -2.89000e+02
3228 -2.88000e+02
3297 -2.87000e+02
3346 -2.86000e+02
3463 -2.85000e+02
3496 -2.84000e+02
3570 -2.83000e+02
3628 -2.82000e+02
3766 -2.81000e+02
3786 -2.80000e+02
3821 -2.79000e+02
3828 -2.78000e+02
3860 -2.77000e+02
4051 -2.76000e+02
4054 -2.75000e+02
4127 -2.74000e+02
4144 -2.73000e+02
4277 -2.72000e+02
4368 -2.71000e+02
4386 -2.70000e+02
4412 -2.69000e+02
4466 -2.68000e+02
4550 -2.67000e+02
4594 -2.66000e+02
4624 -2.65000e+02
4745 -2.64000e+02
4924 -2.63000e+02
4973 -2.62000e+02
5068 -2.61000e+02
5108 -2.60000e+02
5255 -2.59000e+02
5349 -2.58000e+02
5398 -2.56000e+02
5420 -2.55000e+02
5459 -2.54000e+02
5478 -2.53000e+02
5548 -2.52000e+02
5582 -2.51000e+02
5586 -2.50000e+02
5609 -2.49000e+02
5646 -2.48000e+02
5668 -2.47000e+02
5710 -2.46000e+02
5726 -2.45000e+02
5780 -2.43000e+02
5786 -2.42000e+02
5895 -2.41000e+02
5997 -2.39000e+02
6230 -2.38000e+02
6378 -2.37000e+02
6443 -2.36000e+02
6476 -2.35000e+02
6640 -2.34000e+02
6744 -2.33000e+02
6803 -2.32000e+02
6846 -2.31000e+02
6875 -2.29000e+02
6967 -2.28000e+02
6986 -2.27000e+02
7068 -2.26000e+02
7211 -2.25000e+02
7336 -2.24000e+02
7463 -2.23000e+02
7546 -2.22000e+02
7665 -2.21000e+02
7742 -2.20000e+02
7825 -2.19000e+02
7928 -2.18000e+02
8092 -2.17000e+02
8109 -2.16000e+02
8166 -2.15000e+02
8222 -2.14000e+02
8387 -2.13000e+02
8497 -2.12000e+02
8622 -2.11000e+02
8717 -2.10000e+02
8773 -2.09000e+02
8835 -2.08000e+02
8937 -2.07000e+02
8965 -2.06000e+02
9048 -2.05000e+02
9150 -2.04000e+02
9217 -2.03000e+02
9238 -2.02000e+02
9346 -2.01000e+02
9349 -2.00000e+02
9385 -1.99000e+02
9489 -1.98000e+02
9583 -1.97000e+02
9611 -1.96000e+02
9686 -1.95000e+02
9825 -1.94000e+02
9852 -1.93000e+02
9931 -1.92000e+02
9981 -1.92000e+02
"function evaluation" "best-so-far f(x)"
1 -3.53000e+02
8 -3.52000e+02
53 -3.51000e+02
76 -3.50000e+02
117 -3.49000e+02
186 -3.48000e+02
323 -3.47000e+02
352 -3.46000e+02
390 -3.45000e+02
408 -3.44000e+02
441 -3.43000e+02
466 -3.42000e+02
483 -3.41000e+02
509 -3.40000e+02
596 -3.39000e+02
701 -3.38000e+02
773 -3.37000e+02
849 -3.36000e+02
852 -3.35000e+02
888 -3.34000e+02
922 -3.33000e+02
936 -3.32000e+02
979 -3.31000e+02
1013 -3.30000e+02
1110 -3.29000e+02
1135 -3.28000e+02
1190 -3.27000e+02
1315 -3.26000e+02
1358 -3.25000e+02
1366 -3.24000e+02
1402 -3.23000e+02
1484 -3.22000e+02
1577 -3.21000e+02
1613 -3.20000e+02
1661 -3.18000e+02
1744 -3.17000e+02
1784 -3.16000e+02
1788 -3.15000e+02
1940 -3.14000e+02
2029 -3.13000e+02
2037 -3.12000e+02
2053 -3.11000e+02
2125 -3.10000e+02
2216 -3.09000e+02
2228 -3.08000e+02
2421 -3.07000e+02
2427 -3.06000e+02
2488 -3.05000e+02
2511 -3.04000e+02
2584 -3.03000e+02
2632 -3.02000e+02
2662 -3.01000e+02
2689 -3.00000e+02
2717 -2.99000e+02
2743 -2.98000e+02
2767 -2.97000e+02
2830 -2.96000e+02
2889 -2.95000e+02
2958 -2.94000e+02
2989 -2.93000e+02
3035 -2.92000e+02
3064 -2.91000e+02
3133 -2.90000e+02
3215 -2.89000e+02
3272 -2.88000e+02
3274 -2.87000e+02
3419 -2.86000e+02
3540 -2.85000e+02
3645 -2.83000e+02
3726 -2.82000e+02
3752 -2.81000e+02
3789 -2.80000e+02
3816 -2.79000e+02
3854 -2.78000e+02
3974 -2.77000e+02
4027 -2.76000e+02
4074 -2.75000e+02
4093 -2.74000e+02
4163 -2.73000e+02
4206 -2.72000e+02
4281 -2.71000e+02
4397 -2.70000e+02
4465 -2.69000e+02
4505 -2.68000e+02
4634 -2.67000e+02
4692 -2.66000e+02
4772 -2.65000e+02
4870 -2.64000e+02
4935 -2.63000e+02
4999 -2.62000e+02
5112 -2.61000e+02
5333 -2.60000e+02
5425 -2.59000e+02
5501 -2.58000e+02
5562 -2.57000e+02
5665 -2.56000e+02
5726 -2.55000e+02
5793 -2.54000e+02
5893 -2.53000e+02
5988 -2.52000e+02
6143 -2.51000e+02
6197 -2.50000e+02
6204 -2.49000e+02
6217 -2.48000e+02
6279 -2.47000e+02
6430 -2.45000e+02
6485 -2.44000e+02
6604 -2.43000e+02
6618 -2.42000e+02
6757 -2.41000e+02
6762 -2.40000e+02
6996 -2.39000e+02
7059 -2.38000e+02
7063 -2.37000e+02
7380 -2.36000e+02
7438 -2.35000e+02
7440 -2.34000e+02
7526 -2.33000e+02
7609 -2.32000e+02
7675 -2.31000e+02
7890 -2.30000e+02
7905 -2.29000e+02
7933 -2.28000e+02
8130 -2.27000e+02
8190 -2.26000e+02
8222 -2.25000e+02
8457 -2.24000e+02
8522 -2.23000e+02
8574 -2.22000e+02
8642 -2.21000e+02
8719 -2.20000e+02
8773 -2.19000e+02
8892 -2.18000e+02
8950 -2.17000e+02
9004 -2.16000e+02
9032 -2.15000e+02
9073 -2.14000e+02
9108 -2.13000e+02
9233 -2.12000e+02
9389 -2.11000e+02
9462 -2.10000e+02
9482 -2.09000e+02
9492 -2.08000e+02
9589 -2.07000e+02
9676 -2.06000e+02
9701 -2.05000e+02
9794 -2.04000e+02
9816 -2.03000e+02
9883 -2.02000e+02
9918 -2.01000e+02
9981 -2.01000e+02
