"function evaluation" "best-so-far f(x)"
1 -3.50000e+01
59 -3.40000e+01
69 -3.30000e+01
74 -3.20000e+01
195 -3.10000e+01
312 -3.00000e+01
437 -2.90000e+01
500 -2.80000e+01
559 -2.70000e+01
724 -2.60000e+01
896 -2.50000e+01
1042 -2.40000e+01
1111 -2.30000e+01
1196 -2.20000e+01
1203 -2.10000e+01
1242 -2.00000e+01
1333 -1.90000e+01
1406 -1.80000e+01
1641 -1.70000e+01
1897 -1.60000e+01
2083 -1.50000e+01
2180 -1.40000e+01
2279 -1.30000e+01
2411 -1.20000e+01
2542 -1.10000e+01
2979 -1.00000e+01
3135 -9.00000e+00
3356 -8.00000e+00
3426 -7.00000e+00
3526 -6.00000e+00
3939 -5.00000e+00
4095 -4.00000e+00
4149 -3.00000e+00
4267 -2.00000e+00
4385 -1.00000e+00
5043 +3.64000e+02
5349 +3.75000e+02
5475 +3.76000e+02
5858 +3.78000e+02
6316 +3.83000e+02
6648 +3.97000e+02
6867 +4.08000e+02
8005 +4.10000e+02
8160 +4.13000e+02
8302 +4.19000e+02
8472 +4.20000e+02
9831 +4.27000e+02
9951 +4.27000e+02
"function evaluation" "best-so-far f(x)"
1 -3.50000e+01
7 -3.30000e+01
36 -3.20000e+01
94 -3.10000e+01
138 -3.00000e+01
191 -2.90000e+01
240 -2.80000e+01
325 -2.70000e+01
414 -2.60000e+01
429 -2.50000e+01
465 -2.40000e+01
714 -2.30000e+01
820 -2.20000e+01
894 -2.10000e+01
1228 -2.00000e+01
1304 -1.90000e+01
1366 -1.80000e+01
1392 -1.70000e+01
1548 -1.60000e+01
1639 -1.50000e+01
1671 -1.40000e+01
1716 -1.30000e+01
1855 -1.20000e+01
1875 -1.10000e+01
1962 -1.00000e+01
2156 -9.00000e+00
2382 -8.00000e+00
2595 -7.00000e+00
2880 -6.00000e+00
3098 -5.00000e+00
3338 -4.00000e+00
3868 -3.00000e+00
4258 -2.00000e+00
4445 -1.00000e+00
4741 +3.63000e+02
4754 +3.71000e+02
4812 +3.76000e+02
5224 +3.78000e+02
5295 +3.86000e+02
5493 +3.90000e+02
5753 +3.91000e+02
5841 +3.97000e+02
6616 +4.04000e+02
7245 +4.11000e+02
7551 +4.12000e+02
7632 +4.14000e+02
9049 +4.16000e+02
9397 +4.17000e+02
9951 +4.17000e+02
"function evaluation" "best-so-far f(x)"
1 -3.50000e+01
3 -3.40000e+01
16 -3.30000e+01
85 -3.20000e+01
212 -3.10000e+01
253 -3.00000e+01
423 -2.90000e+01
542 -2.70000e+01
698 -2.60000e+01
828 -2.50000e+01
962 -2.40000e+01
1076 -2.30000e+01
1241 -2.20000e+01
1408 -2.10000e+01
1431 -2.00000e+01
1610 -1.90000e+01
1830 -1.80000e+01
1885 -1.70000e+01
1905 -1.60000e+01
2141 -1.50000e+01
2373 -1.40000e+01
2451 -1.20000e+01
2862 -1.00000e+01
3375 -9.00000e+00
3531 -8.00000e+00
3600 -7.00000e+00
3728 -6.00000e+00
3773 -5.00000e+00
3827 -4.00000e+00
4023 -3.00000e+00
4146 -2.00000e+00
4779 -1.00000e+00
4944 +3.83000e+02
5134 +3.93000e+02
5249 +4.00000e+02
6278 +4.01000e+02
7548 +4.03000e+02
7991 +4.06000e+02
8754 +4.09000e+02
9093 +4.10000e+02
9951 +4.10000e+02
"function evaluation" "best-so-far f(x)"
1 -3.50000e+01
4 -3.40000e+01
26 -3.30000e+01
46 -3.20000e+01
133 -3.10000e+01
389 -3.00000e+01
463 -2.90000e+01
509 -2.80000e+01
552 -2.60000e+01
667 -2.50000e+01
801 -2.40000e+01
859 -2.30000e+01
929 -2.20000e+01
1023 -2.10000e+01
1077 -1.90000e+01
1261 -1.80000e+01
1439 -1.70000e+01
1590 -1.60000e+01
1800 -1.50000e+01
2121 -1.40000e+01
2273 -1.30000e+01
2432 -1.20000e+01
2503 -1.10000e+01
2553 -1.00000e+01
2591 -9.00000e+00
2702 -8.00000e+00
2987 -7.00000e+00
3174 -6.00000e+00
3259 -5.00000e+00
3383 -4.00000e+00
3468 -3.00000e+00
3590 -2.00000e+00
3978 -1.00000e+00
3984 +3.62000e+02
4103 +3.64000e+02
4148 +3.66000e+02
4409 +3.74000e+02
4502 +3.82000e+02
4794 +3.91000e+02
5009 +3.96000e+02
5694 +3.97000e+02
5752 +4.00000e+02
5794 +4.02000e+02
5941 +4.05000e+02
6230 +4.10000e+02
7447 +4.15000e+02
8414 +4.18000e+02
9951 +4.18000e+02
"function evaluation" "best-so-far f(x)"
1 -3.50000e+01
26 -3.40000e+01
174 -3.30000e+01
228 -3.20000e+01
297 -3.10000e+01
427 -3.00000e+01
595 -2.90000e+01
759 -2.80000e+01
900 -2.70000e+01
996 -2.60000e+01
1065 -2.50000e+01
1119 -2.40000e+01
1217 -2.30000e+01
1306 -2.20000e+01
1368 -2.10000e+01
1558 -2.00000e+01
1664 -1.90000e+01
1799 -1.80000e+01
1877 -1.70000e+01
1971 -1.60000e+01
2161 -1.50000e+01
2289 -1.40000e+01
2329 -1.30000e+01
2486 -1.20000e+01
2559 -1.10000e+01
2624 -9.00000e+00
2969 -8.00000e+00
3090 -7.00000e+00
3364 -6.00000e+00
3601 -5.00000e+00
3685 -4.00000e+00
3870 -3.00000e+00
3880 -2.00000e+00
4028 -1.00000e+00
4196 +3.82000e+02
4320 +3.87000e+02
4719 +3.97000e+02
5068 +4.00000e+02
5072 +4.05000e+02
5090 +4.07000e+02
5232 +4.15000e+02
6173 +4.16000e+02
6212 +4.17000e+02
6262 +4.23000e+02
6807 +4.26000e+02
9951 +4.26000e+02
"function evaluation" "best-so-far f(x)"
1 -3.50000e+01
43 -3.40000e+01
208 -3.30000e+01
283 -3.20000e+01
330 -3.10000e+01
366 -3.00000e+01
443 -2.90000e+01
484 -2.80000e+01
628 -2.70000e+01
697 -2.60000e+01
829 -2.50000e+01
887 -2.40000e+01
1122 -2.30000e+01
1161 -2.20000e+01
1253 -2.10000e+01
1306 -2.00000e+01
1321 -1.90000e+01
1432 -1.80000e+01
1714 -1.70000e+01
1879 -1.60000e+01
1887 -1.50000e+01
1936 -1.40000e+01
2039 -1.30000e+01
2193 -1.20000e+01
2529 -1.10000e+01
2661 -1.00000e+01
3042 -9.00000e+00
3071 -8.00000e+00
3191 -7.00000e+00
3703 -6.00000e+00
3897 -5.00000e+00
4207 -4.00000e+00
5068 -3.00000e+00
5420 -2.00000e+00
6096 -1.00000e+00
6297 +3.53000e+02
6424 +3.68000e+02
7095 +3.73000e+02
7324 +3.80000e+02
7525 +3.87000e+02
7547 +3.88000e+02
8074 +3.91000e+02
8211 +3.95000e+02
8321 +4.05000e+02
8824 +4.13000e+02
9230 +4.14000e+02
9683 +4.16000e+02
9951 +4.16000e+02
"function evaluation" "best-so-far f(x)"
1 -3.50000e+01
80 -3.40000e+01
150 -3.30000e+01
209 -3.20000e+01
361 -3.10000e+01
406 -3.00000e+01
570 -2.90000e+01
707 -2.80000e+01
1031 -2.70000e+01
1104 -2.60000e+01
1186 -2.50000e+01
1284 -2.40000e+01
1477 -2.30000e+01
1596 -2.20000e+01
1791 -2.10000e+01
1889 -2.00000e+01
2067 -1.90000e+01
2159 -1.80000e+01
2230 -1.70000e+01
2335 -1.60000e+01
2475 -1.50000e+01
2697 -1.40000e+01
2731 -1.30000e+01
2867 -1.20000e+01
2914 -1.10000e+01
3264 -1.00000e+01
3481 -9.00000e+00
3660 -8.00000e+00
3798 -7.00000e+00
4099 -6.00000e+00
4249 -5.00000e+00
4433 -4.00000e+00
5098 -3.00000e+00
5348 -2.00000e+00
5850 -1.00000e+00
5905 +3.69000e+02
6141 +3.75000e+02
6199 +3.80000e+02
6465 +3.83000e+02
6492 +3.85000e+02
6780 +3.86000e+02
7089 +3.88000e+02
7199 +3.90000e+02
7243 +3.94000e+02
7310 +3.95000e+02
7513 +4.05000e+02
7932 +4.06000e+02
8066 +4.08000e+02
8230 +4.09000e+02
8433 +4.12000e+02
8810 +4.20000e+02
9951 +4.20000e+02
"function evaluation" "best-so-far f(x)"
1 -3.50000e+01
3 -3.40000e+01
77 -3.30000e+01
113 -3.20000e+01
179 -3.10000e+01
269 -2.90000e+01
412 -2.80000e+01
486 -2.70000e+01
658 -2.60000e+01
813 -2.50000e+01
856 -2.40000e+01
904 -2.30000e+01
933 -2.20000e+01
1011 -2.10000e+01
1050 -2.00000e+01
1123 -1.90000e+01
1243 -1.80000e+01
1248 -1.70000e+01
1423 -1.60000e+01
1560 -1.50000e+01
1617 -1.40000e+01
1689 -1.30000e+01
1736 -1.20000e+01
1930 -1.10000e+01
2087 -1.00000e+01
2110 -9.00000e+00
2304 -8.00000e+00
2412 -7.00000e+00
2545 -6.00000e+00
2611 -5.00000e+00
3168 -4.00000e+00
3201 -3.00000e+00
3268 -2.00000e+00
4071 -1.00000e+00
4494 +3.69000e+02
4553 +3.80000e+02
4980 +3.81000e+02
4983 +3.82000e+02
4987 +3.87000e+02
5056 +3.93000e+02
5873 +4.00000e+02
6090 +4.07000e+02
6585 +4.10000e+02
7086 +4.18000e+02
7523 +4.19000e+02
8124 +4.21000e+02
8172 +4.25000e+02
9951 +4.25000e+02
"function evaluation" "best-so-far f(x)"
1 -3.50000e+01
39 -3.40000e+01
88 -3.30000e+01
186 -3.20000e+01
337 -3.10000e+01
384 -2.90000e+01
513 -2.80000e+01
621 -2.70000e+01
758 -2.60000e+01
915 -2.50000e+01
1025 -2.40000e+01
1096 -2.20000e+01
1247 -2.10000e+01
1361 -2.00000e+01
1376 -1.90000e+01
1670 -1.80000e+01
1815 -1.70000e+01
2074 -1.60000e+01
2257 -1.50000e+01
2523 -1.30000e+01
2649 -1.20000e+01
2831 -1.10000e+01
3200 -1.00000e+01
3343 -9.00000e+00
3363 -8.00000e+00
3369 -7.00000e+00
3442 -6.00000e+00
3637 -5.00000e+00
3697 -4.00000e+00
4018 -3.00000e+00
4130 -2.00000e+00
4335 -1.00000e+00
4620 +3.46000e+02
4792 +3.47000e+02
4805 +3.51000e+02
4848 +3.74000e+02
5173 +3.77000e+02
5191 +3.86000e+02
5423 +3.87000e+02
5498 +3.99000e+02
5693 +4.03000e+02
6168 +4.05000e+02
6314 +4.06000e+02
6808 +4.07000e+02
6901 +4.10000e+02
7582 +4.14000e+02
9100 +4.15000e+02
9167 +4.16000e+02
9951 +4.16000e+02
"function evaluation" "best-so-far f(x)"
1 -3.50000e+01
31 -3.40000e+01
113 -3.30000e+01
203 -3.20000e+01
327 -3.10000e+01
461 -3.00000e+01
695 -2.90000e+01
805 -2.80000e+01
891 -2.70000e+01
945 -2.60000e+01
1039 -2.50000e+01
1162 -2.40000e+01
1315 -2.30000e+01
1526 -2.10000e+01
1648 -2.00000e+01
1841 -1.90000e+01
1954 -1.80000e+01
2020 -1.70000e+01
2202 -1.60000e+01
2282 -1.50000e+01
2357 -1.40000e+01
2497 -1.30000e+01
2548 -1.20000e+01
2676 -1.10000e+01
2723 -1.00000e+01
2835 -9.00000e+00
3112 -8.00000e+00
3837 -7.00000e+00
4021 -6.00000e+00
4038 -5.00000e+00
4254 -4.00000e+00
4474 -3.00000e+00
4609 -2.00000e+00
4920 -1.00000e+00
5212 +3.79000e+02
5261 +3.90000e+02
5331 +3.92000e+02
5821 +3.94000e+02
6166 +3.97000e+02
6197 +3.99000e+02
6731 +4.00000e+02
6957 +4.03000e+02
7331 +4.09000e+02
7340 +4.11000e+02
7412 +4.13000e+02
7449 +4.16000e+02
7659 +4.19000e+02
8282 +4.24000e+02
9951 +4.24000e+02
"function evaluation" "best-so-far f(x)"
1 -3.50000e+01
15 -3.40000e+01
17 -3.30000e+01
98 -3.20000e+01
282 -3.10000e+01
341 -3.00000e+01
438 -2.90000e+01
627 -2.80000e+01
726 -2.70000e+01
869 -2.60000e+01
1083 -2.50000e+01
1117 -2.40000e+01
1232 -2.30000e+01
1361 -2.20000e+01
1688 -2.10000e+01
1734 -2.00000e+01
1861 -1.90000e+01
2208 -1.80000e+01
2392 -1.70000e+01
2586 -1.60000e+01
2733 -1.40000e+01
2914 -1.30000e+01
2960 -1.20000e+01
3113 -1.10000e+01
3277 -1.00000e+01
3488 -9.00000e+00
4024 -8.00000e+00
4337 -7.00000e+00
4455 -6.00000e+00
4546 -5.00000e+00
4684 -4.00000e+00
4856 -3.00000e+00
5038 -2.00000e+00
5073 -1.00000e+00
5155 +3.82000e+02
5488 +3.87000e+02
5591 +4.10000e+02
5896 +4.14000e+02
6591 +4.19000e+02
8662 +4.21000e+02
9452 +4.22000e+02
9951 +4.22000e+02
"function evaluation" "best-so-far f(x)"
1 -3.50000e+01
20 -3.40000e+01
86 -3.30000e+01
272 -3.20000e+01
437 -3.10000e+01
470 -3.00000e+01
739 -2.90000e+01
766 -2.80000e+01
863 -2.70000e+01
984 -2.60000e+01
991 -2.50000e+01
1107 -2.40000e+01
1134 -2.30000e+01
1289 -2.20000e+01
1497 -2.10000e+01
1502 -2.00000e+01
1710 -1.90000e+01
1991 -1.80000e+01
2196 -1.70000e+01
2238 -1.60000e+01
2320 -1.50000e+01
2438 -1.40000e+01
2665 -1.30000e+01
2767 -1.20000e+01
2963 -1.10000e+01
3128 -1.00000e+01
3409 -9.00000e+00
3522 -7.00000e+00
3667 -5.00000e+00
4546 -4.00000e+00
4922 -3.00000e+00
5349 -2.00000e+00
5675 -1.00000e+00
5845 +3.73000e+02
6121 +3.82000e+02
6271 +3.86000e+02
6330 +3.91000e+02
6364 +3.95000e+02
6403 +4.06000e+02
6987 +4.07000e+02
7605 +4.09000e+02
7938 +4.10000e+02
8052 +4.12000e+02
8062 +4.13000e+02
8145 +4.16000e+02
8939 +4.26000e+02
9951 +4.26000e+02
"function evaluation" "best-so-far f(x)"
1 -3.50000e+01
14 -3.40000e+01
154 -3.30000e+01
159 -3.20000e+01
301 -3.10000e+01
409 -3.00000e+01
492 -2.90000e+01
622 -2.80000e+01
812 -2.70000e+01
943 -2.60000e+01
990 -2.50000e+01
998 -2.40000e+01
1025 -2.30000e+01
1172 -2.20000e+01
1219 -2.10000e+01
1246 -2.00000e+01
1292 -1.90000e+01
1378 -1.80000e+01
1593 -1.70000e+01
1752 -1.60000e+01
1998 -1.50000e+01
2002 -1.40000e+01
2308 -1.30000e+01
2395 -1.20000e+01
2504 -1.10000e+01
2975 -1.00000e+01
3056 -9.00000e+00
3153 -8.00000e+00
3217 -7.00000e+00
3271 -6.00000e+00
3397 -5.00000e+00
3552 -4.00000e+00
3784 -3.00000e+00
3909 -2.00000e+00
4223 -1.00000e+00
4517 +3.94000e+02
4722 +4.07000e+02
4936 +4.11000e+02
4991 +4.12000e+02
4995 +4.13000e+02
5505 +4.14000e+02
6854 +4.21000e+02
7765 +4.23000e+02
8636 +4.24000e+02
9475 +4.27000e+02
9951 +4.27000e+02
"function evaluation" "best-so-far f(x)"
1 -3.50000e+01
2 -3.40000e+01
111 -3.30000e+01
307 -3.20000e+01
412 -3.10000e+01
433 -3.00000e+01
439 -2.90000e+01
587 -2.80000e+01
733 -2.70000e+01
988 -2.60000e+01
1000 -2.50000e+01
1177 -2.40000e+01
1285 -2.30000e+01
1490 -2.20000e+01
1671 -2.10000e+01
1773 -2.00000e+01
1854 -1.90000e+01
1934 -1.80000e+01
2013 -1.70000e+01
2093 -1.60000e+01
2123 -1.50000e+01
2172 -1.40000e+01
2368 -1.30000e+01
2436 -1.20000e+01
2537 -1.10000e+01
2699 -1.00000e+01
2842 -9.00000e+00
3037 -8.00000e+00
3257 -7.00000e+00
3561 -6.00000e+00
3667 -5.00000e+00
3786 -4.00000e+00
3936 -3.00000e+00
4063 -2.00000e+00
4654 -1.00000e+00
4736 +3.47000e+02
5021 +3.58000e+02
5084 +3.61000e+02
5144 +3.64000e+02
5148 +3.69000e+02
5544 +3.84000e+02
5546 +3.91000e+02
5711 +4.07000e+02
5868 +4.08000e+02
6255 +4.16000e+02
7911 +4.18000e+02
7917 +4.19000e+02
9498 +4.20000e+02
9951 +4.20000e+02
"function evaluation" "best-so-far f(x)"
1 -3.50000e+01
14 -3.40000e+01
172 -3.30000e+01
469 -3.20000e+01
650 -3.10000e+01
715 -3.00000e+01
814 -2.90000e+01
879 -2.70000e+01
945 -2.60000e+01
1092 -2.50000e+01
1136 -2.40000e+01
1298 -2.30000e+01
1426 -2.20000e+01
1683 -2.10000e+01
1810 -2.00000e+01
1832 -1.90000e+01
1989 -1.80000e+01
2085 -1.70000e+01
2144 -1.60000e+01
2232 -1.50000e+01
2316 -1.40000e+01
2442 -1.30000e+01
2465 -1.20000e+01
2749 -1.00000e+01
2935 -9.00000e+00
3133 -8.00000e+00
3480 -7.00000e+00
3539 -6.00000e+00
3869 -5.00000e+00
4061 -4.00000e+00
4233 -2.00000e+00
4325 -1.00000e+00
4407 +3.72000e+02
4613 +3.81000e+02
4731 +3.82000e+02
4751 +3.90000e+02
5101 +4.00000e+02
5468 +4.02000e+02
5863 +4.09000e+02
7901 +4.18000e+02
9951 +4.18000e+02
"function evaluation" "best-so-far f(x)"
1 -3.50000e+01
5 -3.40000e+01
74 -3.30000e+01
216 -3.20000e+01
295 -3.10000e+01
406 -3.00000e+01
409 -2.90000e+01
491 -2.80000e+01
768 -2.70000e+01
916 -2.50000e+01
1046 -2.40000e+01
1150 -2.30000e+01
1173 -2.20000e+01
1246 -2.10000e+01
1389 -2.00000e+01
1586 -1.90000e+01
1669 -1.80000e+01
1754 -1.70000e+01
2038 -1.60000e+01
2159 -1.50000e+01
2254 -1.40000e+01
2459 -1.30000e+01
2742 -1.20000e+01
2846 -1.10000e+01
2974 -1.00000e+01
3075 -9.00000e+00
3666 -8.00000e+00
3680 -7.00000e+00
3847 -6.00000e+00
3928 -5.00000e+00
4122 -4.00000e+00
4164 -3.00000e+00
4273 -2.00000e+00
4837 -1.00000e+00
5085 +4.04000e+02
6050 +4.05000e+02
6517 +4.06000e+02
8304 +4.08000e+02
8756 +4.09000e+02
9026 +4.14000e+02
9951 +4.14000e+02
"function evaluation" "best-so-far f(x)"
1 -3.50000e+01
30 -3.40000e+01
67 -3.30000e+01
150 -3.20000e+01
261 -3.00000e+01
307 -2.90000e+01
338 -2.80000e+01
403 -2.70000e+01
493 -2.60000e+01
604 -2.50000e+01
676 -2.40000e+01
810 -2.30000e+01
989 -2.20000e+01
1117 -2.10000e+01
1214 -2.00000e+01
1288 -1.90000e+01
1503 -1.80000e+01
1958 -1.70000e+01
2077 -1.60000e+01
2106 -1.50000e+01
2175 -1.40000e+01
2342 -1.30000e+01
2590 -1.20000e+01
2920 -1.00000e+01
3205 -9.00000e+00
3295 -8.00000e+00
3422 -7.00000e+00
3763 -6.00000e+00
4034 -5.00000e+00
4222 -4.00000e+00
4269 -3.00000e+00
4592 -2.00000e+00
5296 -1.00000e+00
5475 +3.83000e+02
6325 +3.86000e+02
6342 +3.91000e+02
6732 +3.96000e+02
7388 +3.99000e+02
7729 +4.08000e+02
8657 +4.12000e+02
9207 +4.14000e+02
9951 +4.14000e+02
"function evaluation" "best-so-far f(x)"
1 -3.50000e+01
43 -3.40000e+01
100 -3.30000e+01
223 -3.20000e+01
309 -3.10000e+01
362 -3.00000e+01
428 -2.90000e+01
479 -2.80000e+01
573 -2.60000e+01
654 -2.50000e+01
683 -2.40000e+01
708 -2.30000e+01
845 -2.20000e+01
898 -2.10000e+01
1057 -2.00000e+01
1096 -1.90000e+01
1282 -1.80000e+01
1318 -1.70000e+01
1441 -1.60000e+01
1530 -1.50000e+01
1625 -1.40000e+01
1720 -1.30000e+01
1872 -1.20000e+01
2033 -1.10000e+01
2179 -1.00000e+01
2424 -9.00000e+00
2709 -8.00000e+00
3039 -7.00000e+00
3262 -6.00000e+00
3449 -5.00000e+00
3833 -4.00000e+00
4098 -3.00000e+00
4303 -2.00000e+00
4463 -1.00000e+00
4527 +3.67000e+02
4529 +3.69000e+02
4661 +3.70000e+02
5316 +3.80000e+02
5649 +3.91000e+02
5850 +3.95000e+02
6363 +4.05000e+02
6764 +4.06000e+02
7264 +4.07000e+02
8179 +4.08000e+02
8217 +4.14000e+02
8431 +4.15000e+02
9951 +4.15000e+02
"function evaluation" "best-so-far f(x)"
1 -3.50000e+01
35 -3.40000e+01
92 -3.30000e+01
131 -3.20000e+01
199 -3.10000e+01
310 -3.00000e+01
357 -2.90000e+01
411 -2.80000e+01
439 -2.70000e+01
579 -2.60000e+01
616 -2.50000e+01
722 -2.40000e+01
800 -2.20000e+01
899 -2.10000e+01
1139 -2.00000e+01
1330 -1.90000e+01
1449 -1.80000e+01
1591 -1.70000e+01
1797 -1.60000e+01
1908 -1.50000e+01
2059 -1.40000e+01
2257 -1.30000e+01
2435 -1.20000e+01
2529 -1.10000e+01
2640 -1.00000e+01
3201 -9.00000e+00
3314 -8.00000e+00
3420 -7.00000e+00
3653 -6.00000e+00
3680 -5.00000e+00
3791 -4.00000e+00
3904 -2.00000e+00
4240 -1.00000e+00
4323 +3.56000e+02
4442 +3.69000e+02
4603 +3.70000e+02
4707 +3.77000e+02
4756 +3.79000e+02
5089 +3.81000e+02
5149 +3.84000e+02
5246 +3.91000e+02
5357 +3.94000e+02
5561 +3.96000e+02
5570 +3.99000e+02
5643 +4.05000e+02
6210 +4.09000e+02
7285 +4.10000e+02
7734 +4.13000e+02
8590 +4.14000e+02
9951 +4.14000e+02
"function evaluation" "best-so-far f(x)"
1 -3.50000e+01
13 -3.40000e+01
54 -3.30000e+01
96 -3.20000e+01
166 -3.10000e+01
223 -3.00000e+01
307 -2.90000e+01
373 -2.80000e+01
381 -2.70000e+01
482 -2.60000e+01
502 -2.50000e+01
534 -2.40000e+01
703 -2.30000e+01
774 -2.20000e+01
1027 -2.10000e+01
1444 -2.00000e+01
1535 -1.90000e+01
1602 -1.80000e+01
1669 -1.70000e+01
1673 -1.60000e+01
2085 -1.50000e+01
2219 -1.40000e+01
2366 -1.30000e+01
2571 -1.20000e+01
2815 -1.10000e+01
3268 -1.00000e+01
3490 -9.00000e+00
3659 -8.00000e+00
3802 -7.00000e+00
3924 -6.00000e+00
4215 -5.00000e+00
4247 -4.00000e+00
4518 -3.00000e+00
4667 -2.00000e+00
4890 -1.00000e+00
5365 +3.82000e+02
5469 +3.83000e+02
5477 +3.84000e+02
5484 +3.86000e+02
5521 +3.91000e+02
5523 +3.99000e+02
6210 +4.04000e+02
6445 +4.05000e+02
8313 +4.08000e+02
8392 +4.09000e+02
9137 +4.11000e+02
9951 +4.11000e+02
"function evaluation" "best-so-far f(x)"
1 -3.50000e+01
20 -3.40000e+01
55 -3.30000e+01
172 -3.20000e+01
226 -3.10000e+01
297 -3.00000e+01
304 -2.90000e+01
417 -2.80000e+01
666 -2.70000e+01
876 -2.60000e+01
947 -2.50000e+01
990 -2.40000e+01
1010 -2.30000e+01
1237 -2.20000e+01
1278 -2.10000e+01
1307 -2.00000e+01
1475 -1.90000e+01
1566 -1.80000e+01
1706 -1.70000e+01
1754 -1.60000e+01
1911 -1.50000e+01
2275 -1.40000e+01
2304 -1.30000e+01
2632 -1.10000e+01
2788 -1.00000e+01
3001 -9.00000e+00
3248 -8.00000e+00
3306 -7.00000e+00
3484 -6.00000e+00
3548 -5.00000e+00
3566 -4.00000e+00
3596 -3.00000e+00
3622 -2.00000e+00
3917 -1.00000e+00
4046 +3.36000e+02
4200 +3.38000e+02
4275 +3.55000e+02
4407 +3.65000e+02
4540 +3.76000e+02
5161 +3.81000e+02
5359 +3.86000e+02
5373 +3.92000e+02
5672 +4.00000e+02
5690 +4.06000e+02
6567 +4.11000e+02
6746 +4.14000e+02
6861 +4.15000e+02
8869 +4.19000e+02
9951 +4.19000e+02
"function evaluation" "best-so-far f(x)"
1 -3.50000e+01
6 -3.40000e+01
54 -3.30000e+01
300 -3.20000e+01
334 -3.10000e+01
385 -3.00000e+01
416 -2.90000e+01
726 -2.80000e+01
796 -2.70000e+01
1015 -2.60000e+01
1026 -2.50000e+01
1167 -2.40000e+01
1232 -2.30000e+01
1349 -2.20000e+01
1504 -2.10000e+01
1611 -2.00000e+01
1734 -1.90000e+01
1899 -1.80000e+01
1956 -1.70000e+01
2074 -1.60000e+01
2290 -1.40000e+01
2392 -1.30000e+01
2576 -1.20000e+01
2640 -1.10000e+01
2757 -1.00000e+01
2784 -9.00000e+00
2969 -8.00000e+00
3043 -7.00000e+00
3139 -6.00000e+00
3341 -5.00000e+00
3519 -4.00000e+00
3789 -3.00000e+00
4215 -2.00000e+00
4326 -1.00000e+00
4533 +3.86000e+02
4793 +3.87000e+02
4800 +3.95000e+02
5469 +4.05000e+02
5734 +4.09000e+02
6841 +4.12000e+02
7830 +4.13000e+02
9951 +4.13000e+02
"function evaluation" "best-so-far f(x)"
1 -3.50000e+01
18 -3.40000e+01
84 -3.30000e+01
208 -3.20000e+01
298 -3.10000e+01
323 -3.00000e+01
507 -2.90000e+01
561 -2.80000e+01
686 -2.70000e+01
707 -2.60000e+01
735 -2.50000e+01
775 -2.40000e+01
809 -2.30000e+01
1034 -2.20000e+01
1104 -2.10000e+01
1259 -2.00000e+01
1309 -1.90000e+01
1609 -1.80000e+01
1782 -1.70000e+01
1912 -1.60000e+01
1989 -1.50000e+01
2032 -1.40000e+01
2456 -1.30000e+01
2567 -1.20000e+01
2643 -1.10000e+01
2701 -1.00000e+01
2741 -9.00000e+00
2948 -8.00000e+00
3277 -7.00000e+00
3646 -6.00000e+00
3809 -5.00000e+00
3953 -4.00000e+00
4270 -3.00000e+00
4467 -2.00000e+00
4638 -1.00000e+00
4750 +3.66000e+02
5127 +3.75000e+02
5397 +3.84000e+02
5507 +3.89000e+02
5654 +4.00000e+02
6042 +4.07000e+02
6071 +4.08000e+02
8009 +4.13000e+02
8189 +4.19000e+02
9792 +4.20000e+02
9951 +4.20000e+02
"function evaluation" "best-so-far f(x)"
1 -3.50000e+01
96 -3.40000e+01
165 -3.20000e+01
275 -3.10000e+01
294 -3.00000e+01
362 -2.90000e+01
401 -2.80000e+01
536 -2.60000e+01
611 -2.50000e+01
792 -2.40000e+01
903 -2.30000e+01
913 -2.20000e+01
938 -2.10000e+01
958 -2.00000e+01
974 -1.90000e+01
1060 -1.80000e+01
1220 -1.70000e+01
1457 -1.60000e+01
1505 -1.50000e+01
1996 -1.40000e+01
2022 -1.30000e+01
2299 -1.20000e+01
2380 -1.10000e+01
2571 -1.00000e+01
2580 -9.00000e+00
2835 -8.00000e+00
2902 -7.00000e+00
2964 -6.00000e+00
3139 -5.00000e+00
3185 -3.00000e+00
3454 -2.00000e+00
3992 -1.00000e+00
4182 +3.69000e+02
4670 +3.70000e+02
4872 +3.73000e+02
5091 +3.92000e+02
5341 +3.95000e+02
5595 +3.99000e+02
5799 +4.01000e+02
5800 +4.09000e+02
6149 +4.13000e+02
7313 +4.14000e+02
8760 +4.15000e+02
9951 +4.15000e+02
"function evaluation" "best-so-far f(x)"
1 -3.50000e+01
16 -3.40000e+01
36 -3.30000e+01
108 -3.20000e+01
223 -3.10000e+01
290 -3.00000e+01
465 -2.90000e+01
648 -2.80000e+01
756 -2.70000e+01
839 -2.60000e+01
877 -2.50000e+01
1141 -2.40000e+01
1262 -2.30000e+01
1415 -2.20000e+01
1454 -2.10000e+01
1579 -2.00000e+01
1857 -1.90000e+01
2035 -1.80000e+01
2109 -1.70000e+01
2262 -1.60000e+01
2362 -1.50000e+01
2566 -1.40000e+01
2718 -1.30000e+01
2761 -1.20000e+01
2963 -1.00000e+01
3320 -9.00000e+00
3436 -8.00000e+00
3674 -7.00000e+00
4031 -6.00000e+00
4117 -5.00000e+00
4235 -4.00000e+00
4303 -3.00000e+00
4432 -2.00000e+00
4638 -1.00000e+00
4810 +3.41000e+02
5070 +3.48000e+02
5266 +3.65000e+02
5698 +3.72000e+02
5708 +3.73000e+02
5716 +3.74000e+02
5729 +3.79000e+02
5950 +3.88000e+02
6088 +3.91000e+02
6155 +3.98000e+02
6751 +4.04000e+02
6891 +4.05000e+02
7123 +4.08000e+02
9015 +4.17000e+02
9496 +4.21000e+02
9682 +4.22000e+02
9951 +4.22000e+02
"function evaluation" "best-so-far f(x)"
1 -3.50000e+01
37 -3.40000e+01
145 -3.30000e+01
299 -3.20000e+01
368 -3.10000e+01
397 -3.00000e+01
644 -2.90000e+01
701 -2.80000e+01
795 -2.70000e+01
834 -2.50000e+01
923 -2.40000e+01
1100 -2.30000e+01
1188 -2.10000e+01
1278 -2.00000e+01
1368 -1.90000e+01
1476 -1.80000e+01
1498 -1.70000e+01
1549 -1.60000e+01
1662 -1.50000e+01
1915 -1.40000e+01
2022 -1.30000e+01
2163 -1.20000e+01
2417 -1.10000e+01
2640 -1.00000e+01
2842 -9.00000e+00
2881 -8.00000e+00
2968 -7.00000e+00
3089 -6.00000e+00
3275 -5.00000e+00
3374 -4.00000e+00
3514 -3.00000e+00
3640 -2.00000e+00
4304 -1.00000e+00
4474 +3.82000e+02
4525 +3.84000e+02
4733 +3.97000e+02
5043 +4.00000e+02
5113 +4.08000e+02
5396 +4.11000e+02
5403 +4.16000e+02
5554 +4.18000e+02
8731 +4.20000e+02
9951 +4.20000e+02
"function evaluation" "best-so-far f(x)"
1 -3.50000e+01
9 -3.40000e+01
25 -3.30000e+01
79 -3.20000e+01
103 -3.10000e+01
135 -3.00000e+01
137 -2.90000e+01
187 -2.70000e+01
205 -2.60000e+01
238 -2.50000e+01
293 -2.40000e+01
494 -2.30000e+01
700 -2.20000e+01
715 -2.10000e+01
834 -2.00000e+01
1042 -1.90000e+01
1424 -1.80000e+01
1466 -1.70000e+01
1612 -1.60000e+01
1815 -1.50000e+01
1832 -1.40000e+01
2227 -1.30000e+01
2385 -1.20000e+01
2829 -1.10000e+01
2934 -1.00000e+01
3052 -9.00000e+00
3097 -8.00000e+00
3309 -7.00000e+00
3476 -6.00000e+00
3674 -5.00000e+00
3990 -4.00000e+00
4127 -3.00000e+00
4356 -2.00000e+00
4693 -1.00000e+00
4875 +3.86000e+02
5203 +3.88000e+02
5236 +4.01000e+02
5478 +4.11000e+02
6286 +4.14000e+02
6372 +4.18000e+02
6580 +4.19000e+02
8893 +4.21000e+02
9650 +4.22000e+02
9951 +4.22000e+02
"function evaluation" "best-so-far f(x)"
1 -3.50000e+01
106 -3.30000e+01
191 -3.20000e+01
328 -3.10000e+01
388 -3.00000e+01
414 -2.90000e+01
452 -2.80000e+01
495 -2.70000e+01
638 -2.60000e+01
755 -2.50000e+01
802 -2.40000e+01
988 -2.30000e+01
1095 -2.20000e+01
1372 -2.10000e+01
1520 -2.00000e+01
1813 -1.90000e+01
1959 -1.80000e+01
1993 -1.70000e+01
2175 -1.60000e+01
2289 -1.50000e+01
2431 -1.40000e+01
2512 -1.30000e+01
2520 -1.20000e+01
2758 -1.10000e+01
2808 -1.00000e+01
3050 -9.00000e+00
3249 -8.00000e+00
3855 -7.00000e+00
4156 -6.00000e+00
4409 -5.00000e+00
4700 -4.00000e+00
4826 -3.00000e+00
5044 -2.00000e+00
5313 -1.00000e+00
5473 +3.88000e+02
5575 +3.92000e+02
5722 +3.99000e+02
6336 +4.05000e+02
7018 +4.07000e+02
8484 +4.12000e+02
9951 +4.12000e+02
"function evaluation" "best-so-far f(x)"
1 -3.50000e+01
73 -3.40000e+01
99 -3.30000e+01
147 -3.20000e+01
330 -3.00000e+01
459 -2.90000e+01
493 -2.80000e+01
684 -2.70000e+01
788 -2.60000e+01
865 -2.50000e+01
987 -2.40000e+01
1153 -2.30000e+01
1227 -2.20000e+01
1478 -2.10000e+01
1683 -2.00000e+01
1740 -1.90000e+01
2036 -1.80000e+01
2336 -1.70000e+01
2410 -1.60000e+01
2788 -1.50000e+01
2903 -1.40000e+01
3067 -1.20000e+01
3148 -1.10000e+01
3295 -1.00000e+01
3357 -9.00000e+00
3474 -8.00000e+00
3529 -7.00000e+00
3722 -6.00000e+00
4002 -5.00000e+00
4213 -4.00000e+00
4314 -3.00000e+00
4584 -2.00000e+00
4602 -1.00000e+00
4691 +3.83000e+02
4886 +3.85000e+02
4888 +3.89000e+02
4902 +3.91000e+02
5184 +4.01000e+02
6800 +4.06000e+02
6892 +4.10000e+02
8693 +4.13000e+02
9213 +4.16000e+02
9951 +4.16000e+02
"function evaluation" "best-so-far f(x)"
1 -3.50000e+01
27 -3.40000e+01
108 -3.30000e+01
110 -3.20000e+01
192 -3.10000e+01
199 -3.00000e+01
258 -2.90000e+01
336 -2.80000e+01
440 -2.70000e+01
479 -2.60000e+01
669 -2.50000e+01
845 -2.40000e+01
1039 -2.30000e+01
1207 -2.20000e+01
1429 -2.10000e+01
1542 -2.00000e+01
1602 -1.90000e+01
1642 -1.80000e+01
1806 -1.70000e+01
1954 -1.60000e+01
2207 -1.50000e+01
2370 -1.40000e+01
2481 -1.30000e+01
2581 -1.20000e+01
2877 -1.10000e+01
2991 -1.00000e+01
3580 -9.00000e+00
3839 -8.00000e+00
4032 -7.00000e+00
4118 -6.00000e+00
4471 -5.00000e+00
4776 -4.00000e+00
5301 -3.00000e+00
5350 -2.00000e+00
6021 -1.00000e+00
6233 +3.65000e+02
6294 +3.69000e+02
6481 +3.73000e+02
6485 +3.84000e+02
6741 +3.94000e+02
7162 +4.02000e+02
7446 +4.04000e+02
7664 +4.08000e+02
7781 +4.10000e+02
8232 +4.12000e+02
8385 +4.13000e+02
9095 +4.16000e+02
9951 +4.16000e+02
