"function evaluation" "best-so-far f(x)"
1 -3.50000e+01
26 -3.40000e+01
34 -3.30000e+01
82 -3.20000e+01
116 -3.10000e+01
207 -3.00000e+01
248 -2.90000e+01
284 -2.80000e+01
344 -2.70000e+01
466 -2.60000e+01
477 -2.50000e+01
547 -2.40000e+01
578 -2.30000e+01
596 -2.20000e+01
693 -2.00000e+01
752 -1.90000e+01
859 -1.80000e+01
880 -1.70000e+01
930 -1.60000e+01
981 -1.50000e+01
1061 -1.40000e+01
1095 -1.30000e+01
1120 -1.20000e+01
1234 -1.10000e+01
1283 -1.00000e+01
1357 -9.00000e+00
1467 -8.00000e+00
1484 -7.00000e+00
1655 -6.00000e+00
1730 -5.00000e+00
1796 -4.00000e+00
1816 -3.00000e+00
1908 -2.00000e+00
1958 -1.00000e+00
2000 +3.34000e+02
2009 +3.53000e+02
2259 +3.70000e+02
3271 +3.74000e+02
3291 +3.78000e+02
3353 +3.81000e+02
3366 +3.86000e+02
4074 +3.88000e+02
4290 +3.89000e+02
4467 +3.94000e+02
4705 +4.03000e+02
5247 +4.05000e+02
5667 +4.06000e+02
5807 +4.11000e+02
5900 +4.13000e+02
6923 +4.14000e+02
7720 +4.16000e+02
8853 +4.18000e+02
9955 +4.20000e+02
9991 +4.20000e+02
"function evaluation" "best-so-far f(x)"
1 -3.50000e+01
34 -3.40000e+01
40 -3.30000e+01
59 -3.20000e+01
64 -3.00000e+01
90 -2.90000e+01
141 -2.80000e+01
182 -2.70000e+01
294 -2.50000e+01
309 -2.40000e+01
329 -2.30000e+01
367 -2.20000e+01
373 -2.10000e+01
410 -2.00000e+01
437 -1.90000e+01
478 -1.80000e+01
519 -1.70000e+01
584 -1.60000e+01
616 -1.50000e+01
703 -1.40000e+01
817 -1.30000e+01
840 -1.20000e+01
882 -1.10000e+01
905 -1.00000e+01
960 -9.00000e+00
998 -8.00000e+00
1040 -7.00000e+00
1277 -6.00000e+00
1399 -5.00000e+00
1667 -4.00000e+00
1670 -3.00000e+00
1950 -2.00000e+00
2013 -1.00000e+00
2058 +3.79000e+02
2212 +3.82000e+02
2326 +4.00000e+02
2363 +4.03000e+02
3396 +4.04000e+02
4632 +4.07000e+02
4883 +4.09000e+02
7677 +4.11000e+02
8633 +4.15000e+02
9991 +4.15000e+02
"function evaluation" "best-so-far f(x)"
1 -3.50000e+01
28 -3.40000e+01
50 -3.30000e+01
73 -3.20000e+01
117 -3.10000e+01
139 -3.00000e+01
170 -2.90000e+01
212 -2.80000e+01
238 -2.70000e+01
278 -2.60000e+01
290 -2.50000e+01
352 -2.40000e+01
381 -2.30000e+01
385 -2.20000e+01
401 -2.00000e+01
524 -1.90000e+01
581 -1.80000e+01
606 -1.70000e+01
612 -1.60000e+01
673 -1.50000e+01
708 -1.40000e+01
832 -1.30000e+01
922 -1.20000e+01
945 -1.10000e+01
1024 -1.00000e+01
1094 -9.00000e+00
1127 -8.00000e+00
1168 -7.00000e+00
1229 -6.00000e+00
1441 -5.00000e+00
1466 -4.00000e+00
1486 -3.00000e+00
1537 -2.00000e+00
1627 -1.00000e+00
1752 +3.28000e+02
1842 +3.54000e+02
1963 +3.70000e+02
1970 +3.71000e+02
2320 +3.77000e+02
2434 +3.79000e+02
2609 +3.83000e+02
2845 +3.85000e+02
2915 +3.86000e+02
2922 +3.89000e+02
3079 +4.06000e+02
3861 +4.12000e+02
4235 +4.14000e+02
4477 +4.16000e+02
9991 +4.16000e+02
"function evaluation" "best-so-far f(x)"
1 -3.50000e+01
23 -3.40000e+01
45 -3.30000e+01
128 -3.20000e+01
175 -3.10000e+01
250 -3.00000e+01
264 -2.90000e+01
293 -2.80000e+01
340 -2.70000e+01
366 -2.60000e+01
399 -2.50000e+01
452 -2.40000e+01
477 -2.30000e+01
510 -2.20000e+01
553 -2.10000e+01
595 -2.00000e+01
640 -1.90000e+01
654 -1.80000e+01
711 -1.70000e+01
893 -1.60000e+01
906 -1.50000e+01
930 -1.40000e+01
998 -1.30000e+01
1058 -1.20000e+01
1072 -1.10000e+01
1374 -9.00000e+00
1406 -8.00000e+00
1435 -7.00000e+00
1547 -6.00000e+00
1568 -5.00000e+00
1610 -4.00000e+00
1659 -3.00000e+00
1735 -2.00000e+00
2029 -1.00000e+00
2200 +3.38000e+02
2261 +3.59000e+02
2690 +3.62000e+02
2862 +3.81000e+02
2974 +3.92000e+02
3111 +3.95000e+02
3181 +3.99000e+02
3465 +4.01000e+02
3609 +4.06000e+02
3701 +4.08000e+02
4126 +4.12000e+02
5787 +4.13000e+02
8416 +4.15000e+02
9229 +4.17000e+02
9991 +4.17000e+02
"function evaluation" "best-so-far f(x)"
1 -3.50000e+01
4 -3.40000e+01
23 -3.30000e+01
29 -3.10000e+01
52 -3.00000e+01
69 -2.90000e+01
129 -2.80000e+01
148 -2.60000e+01
260 -2.50000e+01
342 -2.40000e+01
364 -2.30000e+01
426 -2.20000e+01
427 -2.00000e+01
466 -1.90000e+01
530 -1.80000e+01
542 -1.70000e+01
559 -1.60000e+01
572 -1.50000e+01
684 -1.40000e+01
786 -1.30000e+01
792 -1.20000e+01
828 -1.10000e+01
1003 -1.00000e+01
1014 -9.00000e+00
1040 -8.00000e+00
1137 -7.00000e+00
1475 -6.00000e+00
1596 -5.00000e+00
1727 -4.00000e+00
1771 -3.00000e+00
1913 -2.00000e+00
2252 -1.00000e+00
2346 +3.58000e+02
2577 +3.66000e+02
2819 +3.70000e+02
2887 +3.73000e+02
3271 +3.94000e+02
3803 +4.05000e+02
4598 +4.09000e+02
4868 +4.12000e+02
6234 +4.17000e+02
6761 +4.20000e+02
9991 +4.20000e+02
"function evaluation" "best-so-far f(x)"
1 -3.50000e+01
17 -3.40000e+01
18 -3.30000e+01
35 -3.20000e+01
37 -3.10000e+01
74 -3.00000e+01
120 -2.90000e+01
150 -2.80000e+01
183 -2.70000e+01
193 -2.60000e+01
234 -2.50000e+01
257 -2.40000e+01
296 -2.30000e+01
307 -2.20000e+01
328 -2.10000e+01
368 -2.00000e+01
463 -1.90000e+01
546 -1.80000e+01
598 -1.70000e+01
602 -1.60000e+01
634 -1.50000e+01
789 -1.40000e+01
890 -1.30000e+01
1103 -1.20000e+01
1265 -1.10000e+01
1407 -1.00000e+01
1482 -9.00000e+00
1748 -8.00000e+00
1866 -7.00000e+00
1974 -6.00000e+00
2098 -5.00000e+00
2203 -4.00000e+00
2252 -3.00000e+00
2268 -2.00000e+00
2383 -1.00000e+00
2407 +3.58000e+02
2625 +3.67000e+02
2743 +3.71000e+02
2749 +3.84000e+02
2978 +3.95000e+02
3051 +4.05000e+02
3120 +4.08000e+02
4137 +4.09000e+02
5797 +4.12000e+02
5803 +4.17000e+02
6528 +4.18000e+02
9991 +4.18000e+02
"function evaluation" "best-so-far f(x)"
1 -3.50000e+01
17 -3.40000e+01
54 -3.20000e+01
86 -3.10000e+01
102 -3.00000e+01
167 -2.90000e+01
194 -2.80000e+01
233 -2.70000e+01
308 -2.60000e+01
360 -2.50000e+01
394 -2.40000e+01
442 -2.30000e+01
489 -2.20000e+01
497 -2.10000e+01
518 -2.00000e+01
550 -1.90000e+01
565 -1.80000e+01
632 -1.70000e+01
748 -1.60000e+01
820 -1.50000e+01
863 -1.40000e+01
886 -1.30000e+01
912 -1.20000e+01
1025 -1.10000e+01
1147 -1.00000e+01
1155 -9.00000e+00
1288 -8.00000e+00
1369 -7.00000e+00
1475 -6.00000e+00
1611 -5.00000e+00
1665 -4.00000e+00
1899 -3.00000e+00
1937 -2.00000e+00
2037 -1.00000e+00
2102 +3.80000e+02
2298 +3.84000e+02
2373 +3.88000e+02
2578 +3.90000e+02
3135 +3.93000e+02
3245 +3.95000e+02
3375 +3.99000e+02
4076 +4.03000e+02
4143 +4.04000e+02
4738 +4.07000e+02
6065 +4.11000e+02
7466 +4.14000e+02
9991 +4.14000e+02
"function evaluation" "best-so-far f(x)"
1 -3.50000e+01
6 -3.40000e+01
11 -3.30000e+01
43 -3.20000e+01
122 -3.10000e+01
138 -3.00000e+01
272 -2.90000e+01
287 -2.80000e+01
291 -2.70000e+01
311 -2.60000e+01
338 -2.50000e+01
376 -2.40000e+01
546 -2.30000e+01
584 -2.20000e+01
587 -2.10000e+01
607 -2.00000e+01
655 -1.90000e+01
783 -1.80000e+01
845 -1.70000e+01
938 -1.60000e+01
999 -1.50000e+01
1076 -1.40000e+01
1143 -1.30000e+01
1245 -1.20000e+01
1273 -1.10000e+01
1358 -1.00000e+01
1587 -9.00000e+00
1601 -8.00000e+00
1799 -7.00000e+00
1852 -6.00000e+00
1874 -5.00000e+00
1909 -4.00000e+00
2223 -3.00000e+00
2245 -2.00000e+00
2264 -1.00000e+00
2369 +3.54000e+02
2571 +3.65000e+02
2872 +3.67000e+02
2929 +3.75000e+02
3067 +3.90000e+02
3086 +3.91000e+02
3364 +3.94000e+02
3520 +4.00000e+02
4135 +4.09000e+02
4331 +4.12000e+02
4867 +4.19000e+02
8981 +4.23000e+02
9066 +4.24000e+02
9991 +4.24000e+02
"function evaluation" "best-so-far f(x)"
1 -3.50000e+01
17 -3.40000e+01
67 -3.30000e+01
78 -3.20000e+01
91 -3.10000e+01
111 -3.00000e+01
153 -2.90000e+01
250 -2.80000e+01
275 -2.70000e+01
311 -2.60000e+01
316 -2.50000e+01
380 -2.40000e+01
423 -2.30000e+01
434 -2.20000e+01
440 -2.10000e+01
572 -2.00000e+01
670 -1.90000e+01
706 -1.80000e+01
733 -1.70000e+01
751 -1.60000e+01
835 -1.50000e+01
874 -1.40000e+01
932 -1.30000e+01
1031 -1.20000e+01
1038 -1.10000e+01
1061 -1.00000e+01
1115 -9.00000e+00
1117 -8.00000e+00
1262 -7.00000e+00
1293 -6.00000e+00
1502 -5.00000e+00
1544 -4.00000e+00
1652 -3.00000e+00
1697 -2.00000e+00
1738 -1.00000e+00
1952 +3.51000e+02
1976 +3.53000e+02
2278 +3.73000e+02
2710 +3.86000e+02
3478 +3.94000e+02
3500 +3.95000e+02
3676 +3.99000e+02
4194 +4.00000e+02
4429 +4.09000e+02
5320 +4.11000e+02
7565 +4.14000e+02
8551 +4.15000e+02
9991 +4.15000e+02
"function evaluation" "best-so-far f(x)"
1 -3.50000e+01
61 -3.40000e+01
84 -3.30000e+01
127 -3.20000e+01
129 -3.10000e+01
190 -3.00000e+01
227 -2.90000e+01
232 -2.80000e+01
233 -2.70000e+01
273 -2.60000e+01
312 -2.50000e+01
326 -2.40000e+01
399 -2.30000e+01
418 -2.20000e+01
623 -2.10000e+01
725 -2.00000e+01
771 -1.90000e+01
877 -1.80000e+01
895 -1.70000e+01
941 -1.60000e+01
986 -1.50000e+01
1038 -1.40000e+01
1096 -1.30000e+01
1127 -1.20000e+01
1224 -1.10000e+01
1306 -1.00000e+01
1368 -9.00000e+00
1381 -8.00000e+00
1502 -7.00000e+00
1571 -6.00000e+00
1659 -5.00000e+00
1883 -4.00000e+00
2009 -3.00000e+00
2043 -2.00000e+00
2212 -1.00000e+00
2385 +3.55000e+02
2641 +3.67000e+02
2662 +3.79000e+02
2757 +3.89000e+02
2976 +3.95000e+02
3362 +3.96000e+02
3742 +4.01000e+02
4023 +4.03000e+02
4280 +4.09000e+02
7106 +4.10000e+02
7587 +4.12000e+02
7646 +4.13000e+02
8150 +4.15000e+02
9991 +4.15000e+02
"function evaluation" "best-so-far f(x)"
1 -3.50000e+01
87 -3.40000e+01
97 -3.30000e+01
104 -3.20000e+01
146 -3.10000e+01
151 -3.00000e+01
169 -2.90000e+01
212 -2.80000e+01
248 -2.70000e+01
279 -2.60000e+01
311 -2.50000e+01
331 -2.40000e+01
394 -2.30000e+01
440 -2.20000e+01
551 -2.10000e+01
615 -1.90000e+01
711 -1.80000e+01
856 -1.70000e+01
872 -1.60000e+01
939 -1.50000e+01
999 -1.40000e+01
1049 -1.30000e+01
1211 -1.20000e+01
1273 -1.10000e+01
1281 -9.00000e+00
1298 -8.00000e+00
1394 -7.00000e+00
1456 -6.00000e+00
1639 -5.00000e+00
1668 -4.00000e+00
1762 -3.00000e+00
1798 -2.00000e+00
1914 -1.00000e+00
2085 +3.64000e+02
2243 +3.65000e+02
2271 +3.76000e+02
2685 +3.83000e+02
2934 +3.89000e+02
3739 +3.98000e+02
3757 +4.12000e+02
4358 +4.17000e+02
6170 +4.18000e+02
6783 +4.21000e+02
9991 +4.21000e+02
"function evaluation" "best-so-far f(x)"
1 -3.50000e+01
48 -3.30000e+01
82 -3.20000e+01
101 -3.10000e+01
109 -3.00000e+01
188 -2.90000e+01
199 -2.80000e+01
217 -2.70000e+01
254 -2.60000e+01
299 -2.50000e+01
319 -2.40000e+01
343 -2.30000e+01
501 -2.20000e+01
511 -2.10000e+01
543 -2.00000e+01
574 -1.90000e+01
614 -1.80000e+01
737 -1.70000e+01
792 -1.40000e+01
844 -1.30000e+01
957 -1.20000e+01
1033 -1.10000e+01
1064 -1.00000e+01
1113 -9.00000e+00
1239 -8.00000e+00
1422 -7.00000e+00
1464 -6.00000e+00
1493 -5.00000e+00
1720 -4.00000e+00
1791 -3.00000e+00
1835 -2.00000e+00
1851 -1.00000e+00
1881 +3.73000e+02
1971 +3.74000e+02
2019 +3.79000e+02
2081 +3.81000e+02
2478 +3.87000e+02
2657 +3.89000e+02
2860 +3.92000e+02
3002 +3.97000e+02
3193 +4.01000e+02
3356 +4.07000e+02
3406 +4.09000e+02
5444 +4.15000e+02
6113 +4.20000e+02
7512 +4.22000e+02
9991 +4.22000e+02
"function evaluation" "best-so-far f(x)"
1 -3.50000e+01
4 -3.40000e+01
27 -3.30000e+01
51 -3.20000e+01
102 -3.10000e+01
122 -3.00000e+01
165 -2.90000e+01
186 -2.80000e+01
260 -2.70000e+01
281 -2.60000e+01
333 -2.50000e+01
534 -2.40000e+01
612 -2.30000e+01
710 -2.10000e+01
737 -2.00000e+01
862 -1.90000e+01
867 -1.80000e+01
885 -1.70000e+01
958 -1.60000e+01
1014 -1.50000e+01
1164 -1.40000e+01
1232 -1.30000e+01
1267 -1.20000e+01
1299 -1.10000e+01
1354 -1.00000e+01
1374 -9.00000e+00
1421 -8.00000e+00
1477 -7.00000e+00
1580 -6.00000e+00
1636 -5.00000e+00
1753 -4.00000e+00
1754 -3.00000e+00
1835 -2.00000e+00
1903 -1.00000e+00
2079 +3.21000e+02
2153 +3.47000e+02
2212 +3.60000e+02
2265 +3.65000e+02
2332 +3.73000e+02
2430 +3.76000e+02
2690 +3.84000e+02
2878 +3.87000e+02
2936 +3.93000e+02
3854 +3.94000e+02
4437 +4.02000e+02
4460 +4.10000e+02
8698 +4.15000e+02
9876 +4.17000e+02
9991 +4.17000e+02
"function evaluation" "best-so-far f(x)"
1 -3.50000e+01
34 -3.40000e+01
41 -3.30000e+01
60 -3.20000e+01
89 -3.10000e+01
110 -3.00000e+01
164 -2.80000e+01
171 -2.70000e+01
241 -2.60000e+01
316 -2.50000e+01
351 -2.40000e+01
374 -2.30000e+01
386 -2.20000e+01
513 -2.10000e+01
516 -2.00000e+01
524 -1.90000e+01
643 -1.80000e+01
649 -1.70000e+01
651 -1.60000e+01
697 -1.50000e+01
704 -1.40000e+01
781 -1.30000e+01
868 -1.20000e+01
1041 -1.10000e+01
1105 -1.00000e+01
1190 -9.00000e+00
1235 -8.00000e+00
1280 -7.00000e+00
1314 -5.00000e+00
1416 -4.00000e+00
1428 -3.00000e+00
1445 -2.00000e+00
1598 -1.00000e+00
1621 +3.49000e+02
1704 +3.59000e+02
1786 +3.71000e+02
1980 +3.78000e+02
2896 +3.86000e+02
3018 +3.94000e+02
3038 +3.95000e+02
3050 +3.98000e+02
3112 +4.01000e+02
3559 +4.07000e+02
3820 +4.09000e+02
4187 +4.13000e+02
5338 +4.14000e+02
7241 +4.15000e+02
8770 +4.17000e+02
9991 +4.17000e+02
"function evaluation" "best-so-far f(x)"
1 -3.50000e+01
12 -3.40000e+01
78 -3.30000e+01
117 -3.20000e+01
153 -3.10000e+01
211 -3.00000e+01
224 -2.90000e+01
229 -2.80000e+01
259 -2.70000e+01
277 -2.60000e+01
332 -2.50000e+01
494 -2.40000e+01
516 -2.30000e+01
526 -2.20000e+01
527 -2.10000e+01
530 -2.00000e+01
586 -1.90000e+01
595 -1.80000e+01
680 -1.70000e+01
700 -1.60000e+01
717 -1.50000e+01
800 -1.40000e+01
860 -1.30000e+01
862 -1.20000e+01
921 -1.10000e+01
1071 -1.00000e+01
1152 -9.00000e+00
1191 -8.00000e+00
1202 -7.00000e+00
1340 -6.00000e+00
1472 -5.00000e+00
1687 -4.00000e+00
1701 -3.00000e+00
1800 -2.00000e+00
1865 -1.00000e+00
2181 +3.26000e+02
2186 +3.29000e+02
2270 +3.36000e+02
2426 +3.44000e+02
2560 +3.59000e+02
2796 +3.69000e+02
2814 +3.79000e+02
3065 +3.82000e+02
3339 +3.90000e+02
4397 +3.95000e+02
4520 +4.05000e+02
4598 +4.07000e+02
5163 +4.13000e+02
5376 +4.14000e+02
6390 +4.15000e+02
8674 +4.17000e+02
9991 +4.17000e+02
"function evaluation" "best-so-far f(x)"
1 -3.50000e+01
3 -3.40000e+01
26 -3.30000e+01
107 -3.20000e+01
111 -3.10000e+01
140 -3.00000e+01
217 -2.90000e+01
244 -2.80000e+01
246 -2.70000e+01
309 -2.60000e+01
315 -2.50000e+01
343 -2.40000e+01
423 -2.30000e+01
425 -2.20000e+01
504 -2.10000e+01
537 -2.00000e+01
547 -1.90000e+01
558 -1.80000e+01
655 -1.70000e+01
725 -1.60000e+01
758 -1.50000e+01
782 -1.40000e+01
908 -1.30000e+01
920 -1.20000e+01
1073 -1.10000e+01
1151 -1.00000e+01
1318 -9.00000e+00
1367 -8.00000e+00
1378 -6.00000e+00
1513 -5.00000e+00
1539 -4.00000e+00
1674 -3.00000e+00
1755 -2.00000e+00
1884 -1.00000e+00
2235 +3.48000e+02
2536 +3.57000e+02
2554 +3.72000e+02
2813 +3.81000e+02
2820 +3.84000e+02
2837 +3.94000e+02
2992 +3.95000e+02
3160 +3.99000e+02
3299 +4.03000e+02
3301 +4.08000e+02
5528 +4.15000e+02
6745 +4.16000e+02
6921 +4.22000e+02
9729 +4.23000e+02
9991 +4.23000e+02
"function evaluation" "best-so-far f(x)"
1 -3.50000e+01
16 -3.40000e+01
40 -3.30000e+01
58 -3.20000e+01
79 -3.10000e+01
82 -3.00000e+01
92 -2.90000e+01
124 -2.80000e+01
143 -2.70000e+01
157 -2.60000e+01
175 -2.50000e+01
193 -2.40000e+01
379 -2.30000e+01
434 -2.20000e+01
468 -2.10000e+01
592 -2.00000e+01
630 -1.90000e+01
736 -1.80000e+01
777 -1.70000e+01
795 -1.60000e+01
807 -1.50000e+01
822 -1.40000e+01
844 -1.30000e+01
852 -1.20000e+01
908 -1.10000e+01
1070 -1.00000e+01
1141 -9.00000e+00
1215 -8.00000e+00
1407 -7.00000e+00
1472 -6.00000e+00
1507 -5.00000e+00
1519 -4.00000e+00
1661 -3.00000e+00
1773 -2.00000e+00
1852 -1.00000e+00
2027 +3.16000e+02
2156 +3.17000e+02
2165 +3.32000e+02
2186 +3.35000e+02
2199 +3.56000e+02
2542 +3.69000e+02
2567 +3.80000e+02
2929 +3.92000e+02
3072 +3.94000e+02
3259 +3.97000e+02
3690 +4.03000e+02
5586 +4.06000e+02
5672 +4.08000e+02
5782 +4.09000e+02
6296 +4.12000e+02
7040 +4.17000e+02
7956 +4.19000e+02
9135 +4.20000e+02
9991 +4.20000e+02
"function evaluation" "best-so-far f(x)"
1 -3.50000e+01
16 -3.40000e+01
49 -3.30000e+01
82 -3.20000e+01
102 -3.10000e+01
121 -3.00000e+01
184 -2.90000e+01
193 -2.80000e+01
222 -2.60000e+01
273 -2.50000e+01
352 -2.40000e+01
387 -2.30000e+01
418 -2.20000e+01
521 -2.10000e+01
715 -2.00000e+01
740 -1.90000e+01
763 -1.80000e+01
808 -1.70000e+01
815 -1.60000e+01
951 -1.50000e+01
982 -1.40000e+01
1000 -1.30000e+01
1022 -1.20000e+01
1212 -1.10000e+01
1315 -1.00000e+01
1384 -9.00000e+00
1438 -8.00000e+00
1564 -7.00000e+00
1684 -6.00000e+00
1824 -5.00000e+00
1847 -4.00000e+00
1860 -3.00000e+00
1874 -2.00000e+00
2120 -1.00000e+00
2158 +3.38000e+02
2166 +3.65000e+02
2214 +3.82000e+02
2565 +3.98000e+02
3107 +4.11000e+02
3139 +4.13000e+02
3253 +4.19000e+02
3769 +4.20000e+02
4036 +4.21000e+02
5074 +4.22000e+02
5691 +4.26000e+02
8355 +4.27000e+02
8653 +4.29000e+02
9991 +4.29000e+02
"function evaluation" "best-so-far f(x)"
1 -3.50000e+01
13 -3.40000e+01
126 -3.30000e+01
151 -3.20000e+01
193 -3.10000e+01
233 -3.00000e+01
259 -2.90000e+01
275 -2.80000e+01
285 -2.70000e+01
302 -2.60000e+01
315 -2.50000e+01
325 -2.40000e+01
363 -2.30000e+01
446 -2.20000e+01
457 -2.10000e+01
514 -2.00000e+01
547 -1.90000e+01
556 -1.80000e+01
586 -1.70000e+01
701 -1.60000e+01
712 -1.50000e+01
723 -1.40000e+01
741 -1.30000e+01
744 -1.20000e+01
856 -1.10000e+01
900 -1.00000e+01
933 -9.00000e+00
970 -8.00000e+00
990 -7.00000e+00
1043 -6.00000e+00
1074 -5.00000e+00
1101 -4.00000e+00
1148 -3.00000e+00
1220 -2.00000e+00
1520 -1.00000e+00
1757 +3.57000e+02
1803 +3.63000e+02
1835 +3.70000e+02
1912 +3.78000e+02
1927 +3.81000e+02
1974 +3.82000e+02
2207 +3.85000e+02
2683 +3.89000e+02
2778 +3.94000e+02
2800 +3.98000e+02
2853 +4.08000e+02
3677 +4.16000e+02
9991 +4.16000e+02
"function evaluation" "best-so-far f(x)"
1 -3.50000e+01
72 -3.40000e+01
89 -3.30000e+01
98 -3.20000e+01
156 -3.10000e+01
169 -3.00000e+01
218 -2.90000e+01
250 -2.80000e+01
293 -2.70000e+01
330 -2.60000e+01
345 -2.50000e+01
353 -2.40000e+01
385 -2.30000e+01
511 -2.20000e+01
612 -2.10000e+01
733 -2.00000e+01
889 -1.90000e+01
917 -1.80000e+01
941 -1.70000e+01
1017 -1.60000e+01
1066 -1.50000e+01
1114 -1.40000e+01
1252 -1.30000e+01
1260 -1.20000e+01
1292 -1.10000e+01
1338 -1.00000e+01
1597 -9.00000e+00
1638 -8.00000e+00
1697 -7.00000e+00
1731 -6.00000e+00
1792 -5.00000e+00
1981 -4.00000e+00
2151 -3.00000e+00
2162 -2.00000e+00
2290 -1.00000e+00
2332 +3.39000e+02
2354 +3.52000e+02
2434 +3.62000e+02
2526 +3.78000e+02
2852 +3.89000e+02
3093 +3.97000e+02
3145 +4.00000e+02
3190 +4.07000e+02
5409 +4.09000e+02
5670 +4.12000e+02
6121 +4.13000e+02
6616 +4.18000e+02
9459 +4.19000e+02
9991 +4.19000e+02
"function evaluation" "best-so-far f(x)"
1 -3.50000e+01
6 -3.40000e+01
11 -3.30000e+01
55 -3.10000e+01
97 -3.00000e+01
134 -2.90000e+01
199 -2.80000e+01
212 -2.70000e+01
238 -2.60000e+01
258 -2.50000e+01
325 -2.40000e+01
337 -2.30000e+01
388 -2.20000e+01
400 -2.10000e+01
440 -2.00000e+01
453 -1.90000e+01
466 -1.70000e+01
561 -1.60000e+01
603 -1.50000e+01
668 -1.40000e+01
778 -1.30000e+01
828 -1.20000e+01
934 -1.00000e+01
1081 -8.00000e+00
1389 -7.00000e+00
1517 -6.00000e+00
1525 -5.00000e+00
1562 -4.00000e+00
1592 -3.00000e+00
1641 -2.00000e+00
1930 -1.00000e+00
2196 +3.53000e+02
2358 +3.58000e+02
2359 +3.69000e+02
2397 +3.75000e+02
2877 +3.79000e+02
3041 +4.01000e+02
3241 +4.05000e+02
3730 +4.08000e+02
3929 +4.16000e+02
4271 +4.19000e+02
4411 +4.20000e+02
4935 +4.21000e+02
5472 +4.24000e+02
6165 +4.25000e+02
9263 +4.31000e+02
9991 +4.31000e+02
"function evaluation" "best-so-far f(x)"
1 -3.50000e+01
6 -3.40000e+01
46 -3.30000e+01
115 -3.20000e+01
170 -3.00000e+01
193 -2.90000e+01
202 -2.80000e+01
243 -2.70000e+01
363 -2.60000e+01
387 -2.50000e+01
400 -2.40000e+01
404 -2.30000e+01
428 -2.20000e+01
459 -2.10000e+01
515 -2.00000e+01
535 -1.90000e+01
564 -1.80000e+01
574 -1.70000e+01
602 -1.60000e+01
618 -1.50000e+01
625 -1.40000e+01
672 -1.30000e+01
693 -1.20000e+01
705 -1.10000e+01
732 -1.00000e+01
783 -9.00000e+00
793 -8.00000e+00
923 -7.00000e+00
928 -6.00000e+00
1013 -5.00000e+00
1108 -4.00000e+00
1124 -3.00000e+00
1235 -2.00000e+00
1657 -1.00000e+00
1658 +3.46000e+02
1753 +3.53000e+02
1834 +3.65000e+02
1870 +3.80000e+02
2117 +3.81000e+02
2226 +3.83000e+02
2280 +3.89000e+02
2321 +3.97000e+02
2639 +4.03000e+02
2996 +4.06000e+02
3074 +4.09000e+02
3712 +4.13000e+02
5494 +4.18000e+02
7335 +4.22000e+02
9991 +4.22000e+02
"function evaluation" "best-so-far f(x)"
1 -3.50000e+01
5 -3.40000e+01
9 -3.30000e+01
33 -3.20000e+01
69 -3.10000e+01
92 -3.00000e+01
182 -2.90000e+01
199 -2.80000e+01
208 -2.60000e+01
210 -2.50000e+01
245 -2.40000e+01
430 -2.30000e+01
477 -2.20000e+01
507 -2.10000e+01
566 -2.00000e+01
670 -1.90000e+01
818 -1.80000e+01
849 -1.70000e+01
869 -1.60000e+01
899 -1.50000e+01
1023 -1.40000e+01
1066 -1.30000e+01
1249 -1.20000e+01
1355 -1.10000e+01
1386 -1.00000e+01
1427 -9.00000e+00
1594 -8.00000e+00
1709 -7.00000e+00
1829 -6.00000e+00
1879 -5.00000e+00
1969 -4.00000e+00
2074 -3.00000e+00
2182 -2.00000e+00
2675 -1.00000e+00
2704 +3.16000e+02
2718 +3.28000e+02
2851 +3.44000e+02
3355 +3.67000e+02
3649 +3.80000e+02
3825 +3.85000e+02
3872 +3.88000e+02
3949 +4.02000e+02
4175 +4.05000e+02
4256 +4.12000e+02
5214 +4.14000e+02
5338 +4.18000e+02
5736 +4.21000e+02
8302 +4.22000e+02
9991 +4.22000e+02
"function evaluation" "best-so-far f(x)"
1 -3.50000e+01
16 -3.40000e+01
24 -3.30000e+01
32 -3.20000e+01
77 -3.10000e+01
113 -3.00000e+01
133 -2.90000e+01
149 -2.80000e+01
187 -2.70000e+01
224 -2.60000e+01
230 -2.50000e+01
261 -2.40000e+01
305 -2.20000e+01
366 -2.10000e+01
386 -2.00000e+01
450 -1.90000e+01
528 -1.80000e+01
540 -1.70000e+01
605 -1.60000e+01
759 -1.50000e+01
769 -1.40000e+01
773 -1.30000e+01
785 -1.20000e+01
808 -1.10000e+01
833 -1.00000e+01
932 -9.00000e+00
1041 -8.00000e+00
1120 -7.00000e+00
1217 -6.00000e+00
1250 -5.00000e+00
1287 -4.00000e+00
1475 -3.00000e+00
1666 -2.00000e+00
1717 -1.00000e+00
1737 +3.46000e+02
1885 +3.56000e+02
1932 +3.60000e+02
2043 +3.61000e+02
2224 +3.70000e+02
2663 +3.78000e+02
2816 +3.94000e+02
3305 +3.95000e+02
3346 +4.01000e+02
3434 +4.06000e+02
4720 +4.12000e+02
4802 +4.19000e+02
6215 +4.23000e+02
6324 +4.26000e+02
7331 +4.27000e+02
9991 +4.27000e+02
"function evaluation" "best-so-far f(x)"
1 -3.50000e+01
18 -3.40000e+01
36 -3.30000e+01
67 -3.20000e+01
78 -3.10000e+01
120 -3.00000e+01
136 -2.90000e+01
159 -2.80000e+01
193 -2.70000e+01
235 -2.60000e+01
250 -2.50000e+01
373 -2.40000e+01
438 -2.30000e+01
470 -2.20000e+01
484 -2.10000e+01
528 -2.00000e+01
530 -1.90000e+01
556 -1.80000e+01
657 -1.70000e+01
728 -1.60000e+01
771 -1.50000e+01
773 -1.40000e+01
835 -1.30000e+01
855 -1.20000e+01
963 -1.10000e+01
1032 -1.00000e+01
1068 -9.00000e+00
1101 -8.00000e+00
1219 -7.00000e+00
1267 -6.00000e+00
1312 -5.00000e+00
1333 -4.00000e+00
1487 -3.00000e+00
1559 -2.00000e+00
1652 -1.00000e+00
1690 +3.45000e+02
1783 +3.46000e+02
1865 +3.62000e+02
1984 +3.73000e+02
2174 +3.84000e+02
2638 +3.90000e+02
3239 +4.01000e+02
3916 +4.09000e+02
4017 +4.11000e+02
5747 +4.14000e+02
5895 +4.17000e+02
8973 +4.19000e+02
9991 +4.19000e+02
"function evaluation" "best-so-far f(x)"
1 -3.50000e+01
46 -3.40000e+01
60 -3.30000e+01
78 -3.20000e+01
165 -3.10000e+01
198 -3.00000e+01
208 -2.90000e+01
283 -2.80000e+01
404 -2.70000e+01
446 -2.60000e+01
464 -2.50000e+01
561 -2.40000e+01
586 -2.30000e+01
613 -2.20000e+01
632 -2.10000e+01
646 -2.00000e+01
672 -1.90000e+01
692 -1.80000e+01
742 -1.60000e+01
761 -1.50000e+01
841 -1.40000e+01
868 -1.30000e+01
898 -1.20000e+01
948 -1.10000e+01
950 -1.00000e+01
1001 -9.00000e+00
1190 -8.00000e+00
1330 -7.00000e+00
1367 -6.00000e+00
1386 -5.00000e+00
1485 -4.00000e+00
1515 -3.00000e+00
1541 -2.00000e+00
1555 -1.00000e+00
2013 +2.77000e+02
2026 +3.20000e+02
2044 +3.30000e+02
2288 +3.31000e+02
2350 +3.50000e+02
2370 +3.65000e+02
2684 +3.81000e+02
2855 +3.85000e+02
3085 +3.96000e+02
3565 +4.00000e+02
4589 +4.04000e+02
5218 +4.07000e+02
5493 +4.11000e+02
5896 +4.16000e+02
8270 +4.19000e+02
9991 +4.19000e+02
"function evaluation" "best-so-far f(x)"
1 -3.50000e+01
3 -3.40000e+01
46 -3.30000e+01
51 -3.20000e+01
57 -3.10000e+01
71 -3.00000e+01
118 -2.90000e+01
127 -2.70000e+01
134 -2.60000e+01
161 -2.50000e+01
198 -2.40000e+01
246 -2.30000e+01
301 -2.20000e+01
440 -2.10000e+01
515 -2.00000e+01
543 -1.90000e+01
591 -1.80000e+01
609 -1.70000e+01
643 -1.60000e+01
650 -1.50000e+01
837 -1.40000e+01
929 -1.30000e+01
987 -1.20000e+01
1026 -1.10000e+01
1119 -1.00000e+01
1177 -9.00000e+00
1457 -8.00000e+00
1468 -7.00000e+00
1503 -6.00000e+00
1540 -5.00000e+00
1573 -4.00000e+00
1653 -3.00000e+00
1663 -2.00000e+00
1733 -1.00000e+00
1853 +3.56000e+02
2043 +3.73000e+02
2147 +3.78000e+02
2231 +3.89000e+02
2479 +3.95000e+02
2493 +4.01000e+02
2497 +4.06000e+02
2608 +4.09000e+02
2642 +4.10000e+02
3939 +4.12000e+02
4564 +4.13000e+02
9991 +4.13000e+02
"function evaluation" "best-so-far f(x)"
1 -3.50000e+01
27 -3.40000e+01
36 -3.30000e+01
109 -3.20000e+01
114 -3.10000e+01
161 -3.00000e+01
201 -2.90000e+01
248 -2.80000e+01
250 -2.70000e+01
291 -2.60000e+01
320 -2.40000e+01
355 -2.30000e+01
390 -2.20000e+01
419 -2.10000e+01
458 -2.00000e+01
467 -1.90000e+01
506 -1.70000e+01
539 -1.60000e+01
548 -1.50000e+01
580 -1.40000e+01
607 -1.30000e+01
740 -1.20000e+01
834 -1.10000e+01
912 -1.00000e+01
967 -9.00000e+00
1004 -8.00000e+00
1045 -7.00000e+00
1267 -6.00000e+00
1290 -5.00000e+00
1353 -4.00000e+00
1405 -3.00000e+00
1546 -2.00000e+00
1582 -1.00000e+00
1684 +3.58000e+02
1871 +3.65000e+02
2234 +3.69000e+02
2409 +3.79000e+02
2695 +3.85000e+02
2742 +3.88000e+02
3656 +4.05000e+02
3877 +4.08000e+02
4193 +4.15000e+02
4252 +4.17000e+02
4791 +4.23000e+02
6094 +4.25000e+02
7024 +4.30000e+02
9991 +4.30000e+02
"function evaluation" "best-so-far f(x)"
1 -3.50000e+01
18 -3.40000e+01
29 -3.30000e+01
65 -3.20000e+01
169 -3.10000e+01
276 -3.00000e+01
376 -2.90000e+01
403 -2.80000e+01
458 -2.70000e+01
501 -2.60000e+01
552 -2.50000e+01
574 -2.40000e+01
629 -2.30000e+01
642 -2.20000e+01
754 -2.10000e+01
845 -2.00000e+01
961 -1.90000e+01
1006 -1.80000e+01
1056 -1.70000e+01
1082 -1.60000e+01
1148 -1.50000e+01
1161 -1.40000e+01
1223 -1.30000e+01
1351 -1.20000e+01
1453 -1.00000e+01
1485 -9.00000e+00
1502 -8.00000e+00
1660 -7.00000e+00
1683 -6.00000e+00
1824 -5.00000e+00
1825 -4.00000e+00
1840 -3.00000e+00
1895 -2.00000e+00
1904 -1.00000e+00
2021 +3.43000e+02
2143 +3.52000e+02
2433 +3.66000e+02
2482 +3.75000e+02
3080 +3.81000e+02
3170 +3.83000e+02
3339 +3.85000e+02
3493 +3.89000e+02
3628 +3.98000e+02
4712 +4.00000e+02
5566 +4.01000e+02
5728 +4.02000e+02
6581 +4.07000e+02
8234 +4.09000e+02
9211 +4.11000e+02
9991 +4.11000e+02
"function evaluation" "best-so-far f(x)"
1 -3.50000e+01
38 -3.30000e+01
46 -3.10000e+01
89 -3.00000e+01
107 -2.90000e+01
122 -2.80000e+01
161 -2.70000e+01
263 -2.60000e+01
273 -2.50000e+01
291 -2.40000e+01
326 -2.30000e+01
362 -2.20000e+01
449 -2.10000e+01
482 -2.00000e+01
486 -1.90000e+01
527 -1.80000e+01
567 -1.70000e+01
623 -1.60000e+01
666 -1.50000e+01
767 -1.40000e+01
768 -1.30000e+01
832 -1.20000e+01
895 -1.10000e+01
976 -9.00000e+00
1010 -8.00000e+00
1057 -7.00000e+00
1081 -6.00000e+00
1110 -5.00000e+00
1354 -4.00000e+00
1452 -2.00000e+00
1491 -1.00000e+00
1645 +3.59000e+02
1686 +3.68000e+02
1760 +3.83000e+02
1831 +3.84000e+02
1935 +3.95000e+02
2056 +4.04000e+02
2383 +4.10000e+02
4403 +4.12000e+02
5952 +4.13000e+02
9991 +4.13000e+02
