"function evaluation" "best-so-far f(x)"
1 -3.83000e+02
5 -3.82000e+02
55 -3.81000e+02
180 -3.80000e+02
242 -3.78000e+02
342 -3.77000e+02
382 -3.76000e+02
531 -3.75000e+02
661 -3.74000e+02
717 -3.73000e+02
801 -3.72000e+02
821 -3.71000e+02
905 -3.69000e+02
1025 -3.68000e+02
1119 -3.67000e+02
1303 -3.66000e+02
1317 -3.65000e+02
1346 -3.64000e+02
1353 -3.63000e+02
1389 -3.62000e+02
1398 -3.61000e+02
1475 -3.60000e+02
1540 -3.59000e+02
1588 -3.58000e+02
1655 -3.57000e+02
1689 -3.56000e+02
1858 -3.55000e+02
2004 -3.53000e+02
2041 -3.52000e+02
2140 -3.51000e+02
2197 -3.50000e+02
2455 -3.49000e+02
2515 -3.48000e+02
2639 -3.47000e+02
2780 -3.46000e+02
2885 -3.45000e+02
2890 -3.44000e+02
2970 -3.43000e+02
3015 -3.42000e+02
3180 -3.41000e+02
3244 -3.40000e+02
3290 -3.39000e+02
3405 -3.38000e+02
3449 -3.37000e+02
3552 -3.36000e+02
3585 -3.35000e+02
3652 -3.34000e+02
3827 -3.33000e+02
3943 -3.32000e+02
4076 -3.31000e+02
4196 -3.30000e+02
4242 -3.29000e+02
4337 -3.28000e+02
4594 -3.27000e+02
4634 -3.26000e+02
4692 -3.25000e+02
4757 -3.24000e+02
4834 -3.23000e+02
5003 -3.22000e+02
5031 -3.21000e+02
5114 -3.20000e+02
5158 -3.19000e+02
5224 -3.18000e+02
5287 -3.17000e+02
5445 -3.16000e+02
5527 -3.15000e+02
5743 -3.14000e+02
5835 -3.13000e+02
5967 -3.12000e+02
5985 -3.11000e+02
6156 -3.10000e+02
6214 -3.09000e+02
6274 -3.08000e+02
6453 -3.07000e+02
6531 -3.06000e+02
6542 -3.04000e+02
6598 -3.03000e+02
6674 -3.02000e+02
6765 -3.01000e+02
6804 -3.00000e+02
6896 -2.99000e+02
7168 -2.98000e+02
7407 -2.97000e+02
7519 -2.96000e+02
7576 -2.95000e+02
7650 -2.94000e+02
7774 -2.93000e+02
7870 -2.92000e+02
8001 -2.91000e+02
8059 -2.90000e+02
8189 -2.89000e+02
8252 -2.88000e+02
8316 -2.86000e+02
8419 -2.85000e+02
8435 -2.84000e+02
8570 -2.83000e+02
8706 -2.82000e+02
8718 -2.80000e+02
8800 -2.79000e+02
9006 -2.78000e+02
9128 -2.77000e+02
9211 -2.76000e+02
9273 -2.75000e+02
9293 -2.74000e+02
9511 -2.73000e+02
9594 -2.72000e+02
9662 -2.71000e+02
9790 -2.70000e+02
9832 -2.69000e+02
9946 -2.68000e+02
9951 -2.68000e+02
"function evaluation" "best-so-far f(x)"
1 -3.83000e+02
48 -3.82000e+02
94 -3.81000e+02
118 -3.80000e+02
285 -3.79000e+02
365 -3.78000e+02
426 -3.77000e+02
538 -3.76000e+02
606 -3.75000e+02
746 -3.74000e+02
858 -3.73000e+02
957 -3.72000e+02
1076 -3.71000e+02
1087 -3.70000e+02
1208 -3.69000e+02
1323 -3.68000e+02
1362 -3.67000e+02
1489 -3.66000e+02
1545 -3.65000e+02
1653 -3.64000e+02
1688 -3.62000e+02
1758 -3.61000e+02
1865 -3.60000e+02
1961 -3.59000e+02
1995 -3.58000e+02
2104 -3.57000e+02
2153 -3.56000e+02
2299 -3.55000e+02
2421 -3.54000e+02
2526 -3.53000e+02
2655 -3.52000e+02
2725 -3.51000e+02
2757 -3.50000e+02
2815 -3.49000e+02
2924 -3.48000e+02
2964 -3.47000e+02
3038 -3.45000e+02
3174 -3.44000e+02
3304 -3.42000e+02
3367 -3.41000e+02
3443 -3.40000e+02
3632 -3.39000e+02
3777 -3.38000e+02
3793 -3.37000e+02
3921 -3.36000e+02
4123 -3.35000e+02
4139 -3.34000e+02
4252 -3.33000e+02
4440 -3.32000e+02
4561 -3.30000e+02
4659 -3.29000e+02
4718 -3.28000e+02
4729 -3.27000e+02
4847 -3.26000e+02
5044 -3.25000e+02
5136 -3.24000e+02
5232 -3.23000e+02
5288 -3.22000e+02
5379 -3.21000e+02
5503 -3.20000e+02
5582 -3.19000e+02
5623 -3.18000e+02
5684 -3.17000e+02
5811 -3.16000e+02
5885 -3.15000e+02
6119 -3.14000e+02
6223 -3.13000e+02
6321 -3.12000e+02
6421 -3.11000e+02
6475 -3.10000e+02
6545 -3.09000e+02
6625 -3.07000e+02
6804 -3.06000e+02
6957 -3.05000e+02
7056 -3.04000e+02
7152 -3.03000e+02
7245 -3.02000e+02
7354 -3.01000e+02
7451 -3.00000e+02
7478 -2.99000e+02
7653 -2.98000e+02
7682 -2.97000e+02
7765 -2.96000e+02
7814 -2.95000e+02
8043 -2.93000e+02
8227 -2.92000e+02
8357 -2.91000e+02
8462 -2.90000e+02
8619 -2.89000e+02
8722 -2.88000e+02
8778 -2.87000e+02
8869 -2.86000e+02
8935 -2.85000e+02
9043 -2.84000e+02
9083 -2.83000e+02
9237 -2.82000e+02
9371 -2.80000e+02
9525 -2.79000e+02
9598 -2.78000e+02
9684 -2.77000e+02
9797 -2.76000e+02
9951 -2.76000e+02
"function evaluation" "best-so-far f(x)"
1 -3.83000e+02
15 -3.82000e+02
32 -3.81000e+02
245 -3.79000e+02
276 -3.78000e+02
397 -3.77000e+02
452 -3.76000e+02
575 -3.75000e+02
635 -3.74000e+02
824 -3.73000e+02
977 -3.72000e+02
1049 -3.71000e+02
1134 -3.70000e+02
1326 -3.69000e+02
1360 -3.68000e+02
1398 -3.67000e+02
1490 -3.66000e+02
1578 -3.65000e+02
1641 -3.64000e+02
1763 -3.63000e+02
1801 -3.62000e+02
1829 -3.61000e+02
1878 -3.60000e+02
1985 -3.59000e+02
2111 -3.58000e+02
2205 -3.57000e+02
2405 -3.56000e+02
2511 -3.55000e+02
2638 -3.54000e+02
2678 -3.53000e+02
2680 -3.52000e+02
2778 -3.51000e+02
2911 -3.50000e+02
2931 -3.49000e+02
2997 -3.48000e+02
3114 -3.47000e+02
3234 -3.46000e+02
3337 -3.45000e+02
3478 -3.44000e+02
3581 -3.43000e+02
3623 -3.42000e+02
3722 -3.41000e+02
3756 -3.40000e+02
3773 -3.39000e+02
3837 -3.38000e+02
4007 -3.37000e+02
4146 -3.36000e+02
4276 -3.35000e+02
4333 -3.34000e+02
4431 -3.33000e+02
4493 -3.32000e+02
4651 -3.31000e+02
4729 -3.30000e+02
4781 -3.29000e+02
4946 -3.28000e+02
4979 -3.26000e+02
5163 -3.25000e+02
5210 -3.23000e+02
5370 -3.22000e+02
5466 -3.21000e+02
5679 -3.20000e+02
5863 -3.19000e+02
5975 -3.18000e+02
6002 -3.15000e+02
6054 -3.14000e+02
6163 -3.13000e+02
6281 -3.12000e+02
6346 -3.11000e+02
6507 -3.10000e+02
6585 -3.09000e+02
6713 -3.08000e+02
6897 -3.07000e+02
6947 -3.06000e+02
7070 -3.05000e+02
7099 -3.04000e+02
7241 -3.03000e+02
7316 -3.02000e+02
7441 -3.01000e+02
7444 -3.00000e+02
7489 -2.99000e+02
7529 -2.98000e+02
7653 -2.97000e+02
7711 -2.96000e+02
7836 -2.95000e+02
7889 -2.94000e+02
7950 -2.93000e+02
8127 -2.92000e+02
8294 -2.91000e+02
8335 -2.90000e+02
8485 -2.89000e+02
8561 -2.88000e+02
8622 -2.87000e+02
8705 -2.86000e+02
8839 -2.85000e+02
8902 -2.84000e+02
8982 -2.83000e+02
9043 -2.82000e+02
9109 -2.81000e+02
9210 -2.80000e+02
9289 -2.79000e+02
9426 -2.77000e+02
9608 -2.76000e+02
9672 -2.75000e+02
9790 -2.74000e+02
9861 -2.73000e+02
9951 -2.73000e+02
"function evaluation" "best-so-far f(x)"
1 -3.83000e+02
28 -3.82000e+02
143 -3.81000e+02
296 -3.80000e+02
306 -3.79000e+02
380 -3.78000e+02
405 -3.77000e+02
610 -3.76000e+02
702 -3.75000e+02
775 -3.74000e+02
826 -3.73000e+02
946 -3.72000e+02
1063 -3.71000e+02
1206 -3.70000e+02
1334 -3.69000e+02
1434 -3.68000e+02
1503 -3.67000e+02
1593 -3.66000e+02
1650 -3.65000e+02
1667 -3.64000e+02
1723 -3.63000e+02
1743 -3.62000e+02
1752 -3.61000e+02
1863 -3.60000e+02
1884 -3.59000e+02
2057 -3.58000e+02
2114 -3.57000e+02
2187 -3.56000e+02
2233 -3.55000e+02
2240 -3.53000e+02
2324 -3.52000e+02
2398 -3.51000e+02
2427 -3.50000e+02
2516 -3.49000e+02
2608 -3.48000e+02
2749 -3.47000e+02
2760 -3.46000e+02
2873 -3.45000e+02
2944 -3.44000e+02
3007 -3.43000e+02
3075 -3.42000e+02
3149 -3.41000e+02
3284 -3.40000e+02
3417 -3.39000e+02
3576 -3.38000e+02
3629 -3.37000e+02
3705 -3.36000e+02
3749 -3.35000e+02
3793 -3.34000e+02
3826 -3.33000e+02
3922 -3.32000e+02
3965 -3.31000e+02
4046 -3.30000e+02
4090 -3.29000e+02
4182 -3.28000e+02
4266 -3.27000e+02
4322 -3.26000e+02
4420 -3.25000e+02
4576 -3.23000e+02
4684 -3.22000e+02
4810 -3.20000e+02
4917 -3.19000e+02
5099 -3.17000e+02
5198 -3.16000e+02
5351 -3.15000e+02
5505 -3.14000e+02
5584 -3.13000e+02
5603 -3.12000e+02
5848 -3.11000e+02
5871 -3.10000e+02
5948 -3.09000e+02
5986 -3.08000e+02
6063 -3.07000e+02
6137 -3.06000e+02
6316 -3.05000e+02
6383 -3.04000e+02
6517 -3.03000e+02
6567 -3.02000e+02
6607 -3.01000e+02
6707 -3.00000e+02
6756 -2.99000e+02
6768 -2.98000e+02
6938 -2.97000e+02
6945 -2.96000e+02
6981 -2.95000e+02
7050 -2.94000e+02
7101 -2.93000e+02
7166 -2.92000e+02
7193 -2.91000e+02
7274 -2.90000e+02
7317 -2.89000e+02
7414 -2.88000e+02
7518 -2.87000e+02
7684 -2.86000e+02
7793 -2.85000e+02
7860 -2.84000e+02
7984 -2.83000e+02
8159 -2.82000e+02
8256 -2.81000e+02
8276 -2.80000e+02
8388 -2.79000e+02
8458 -2.78000e+02
8612 -2.77000e+02
8748 -2.76000e+02
8828 -2.75000e+02
8915 -2.74000e+02
9128 -2.73000e+02
9307 -2.72000e+02
9417 -2.71000e+02
9513 -2.70000e+02
9546 -2.69000e+02
9800 -2.68000e+02
9897 -2.67000e+02
9951 -2.67000e+02
"function evaluation" "best-so-far f(x)"
1 -3.83000e+02
20 -3.82000e+02
45 -3.81000e+02
211 -3.80000e+02
232 -3.79000e+02
275 -3.78000e+02
351 -3.77000e+02
496 -3.75000e+02
565 -3.74000e+02
618 -3.73000e+02
628 -3.72000e+02
747 -3.71000e+02
867 -3.70000e+02
902 -3.69000e+02
1051 -3.68000e+02
1093 -3.67000e+02
1221 -3.66000e+02
1278 -3.65000e+02
1400 -3.64000e+02
1557 -3.63000e+02
1683 -3.62000e+02
1705 -3.61000e+02
1735 -3.60000e+02
1798 -3.59000e+02
1842 -3.58000e+02
1917 -3.57000e+02
2030 -3.56000e+02
2071 -3.55000e+02
2084 -3.54000e+02
2211 -3.53000e+02
2320 -3.52000e+02
2358 -3.50000e+02
2445 -3.49000e+02
2611 -3.47000e+02
2705 -3.46000e+02
2802 -3.45000e+02
2805 -3.44000e+02
3005 -3.43000e+02
3040 -3.42000e+02
3091 -3.41000e+02
3130 -3.40000e+02
3176 -3.39000e+02
3277 -3.38000e+02
3292 -3.37000e+02
3392 -3.36000e+02
3571 -3.35000e+02
3682 -3.34000e+02
3794 -3.33000e+02
3878 -3.32000e+02
3879 -3.31000e+02
4060 -3.30000e+02
4175 -3.29000e+02
4238 -3.28000e+02
4241 -3.27000e+02
4262 -3.26000e+02
4339 -3.25000e+02
4408 -3.24000e+02
4469 -3.23000e+02
4547 -3.22000e+02
4681 -3.21000e+02
4729 -3.20000e+02
4790 -3.19000e+02
4825 -3.18000e+02
4889 -3.17000e+02
4998 -3.16000e+02
5039 -3.15000e+02
5083 -3.14000e+02
5170 -3.13000e+02
5240 -3.12000e+02
5278 -3.11000e+02
5401 -3.10000e+02
5479 -3.09000e+02
5537 -3.08000e+02
5651 -3.07000e+02
5756 -3.06000e+02
5827 -3.05000e+02
6010 -3.04000e+02
6013 -3.03000e+02
6086 -3.02000e+02
6131 -3.01000e+02
6208 -3.00000e+02
6264 -2.99000e+02
6374 -2.98000e+02
6407 -2.97000e+02
6514 -2.96000e+02
6525 -2.95000e+02
6606 -2.94000e+02
6693 -2.93000e+02
6708 -2.92000e+02
6863 -2.91000e+02
6961 -2.90000e+02
7005 -2.89000e+02
7123 -2.88000e+02
7186 -2.87000e+02
7224 -2.86000e+02
7362 -2.85000e+02
7418 -2.84000e+02
7509 -2.83000e+02
7606 -2.82000e+02
7642 -2.81000e+02
7692 -2.80000e+02
7862 -2.78000e+02
8065 -2.76000e+02
8159 -2.75000e+02
8398 -2.74000e+02
8484 -2.73000e+02
8571 -2.72000e+02
8685 -2.71000e+02
8705 -2.70000e+02
8863 -2.68000e+02
8877 -2.67000e+02
8970 -2.66000e+02
9046 -2.65000e+02
9174 -2.64000e+02
9184 -2.62000e+02
9190 -2.61000e+02
9355 -2.60000e+02
9541 -2.59000e+02
9604 -2.58000e+02
9697 -2.57000e+02
9759 -2.55000e+02
9891 -2.54000e+02
9951 -2.54000e+02
"function evaluation" "best-so-far f(x)"
1 -3.83000e+02
36 -3.82000e+02
48 -3.81000e+02
72 -3.80000e+02
108 -3.79000e+02
238 -3.78000e+02
253 -3.77000e+02
276 -3.76000e+02
336 -3.75000e+02
382 -3.74000e+02
474 -3.73000e+02
548 -3.72000e+02
613 -3.71000e+02
823 -3.70000e+02
910 -3.69000e+02
1030 -3.68000e+02
1202 -3.67000e+02
1247 -3.66000e+02
1280 -3.65000e+02
1331 -3.64000e+02
1474 -3.63000e+02
1550 -3.62000e+02
1716 -3.61000e+02
1836 -3.60000e+02
1967 -3.59000e+02
2025 -3.58000e+02
2113 -3.57000e+02
2222 -3.56000e+02
2335 -3.54000e+02
2452 -3.53000e+02
2536 -3.52000e+02
2679 -3.51000e+02
2799 -3.49000e+02
2861 -3.48000e+02
2900 -3.47000e+02
2952 -3.46000e+02
2979 -3.44000e+02
3213 -3.43000e+02
3313 -3.42000e+02
3384 -3.41000e+02
3399 -3.40000e+02
3446 -3.39000e+02
3522 -3.38000e+02
3602 -3.37000e+02
3757 -3.36000e+02
3768 -3.35000e+02
3805 -3.34000e+02
3965 -3.33000e+02
4036 -3.31000e+02
4196 -3.30000e+02
4207 -3.29000e+02
4236 -3.28000e+02
4342 -3.27000e+02
4436 -3.26000e+02
4498 -3.25000e+02
4670 -3.24000e+02
4705 -3.23000e+02
4720 -3.22000e+02
4741 -3.21000e+02
4923 -3.20000e+02
4945 -3.19000e+02
5040 -3.18000e+02
5143 -3.17000e+02
5168 -3.16000e+02
5287 -3.15000e+02
5395 -3.14000e+02
5466 -3.13000e+02
5629 -3.12000e+02
5725 -3.11000e+02
5820 -3.10000e+02
5970 -3.09000e+02
6037 -3.08000e+02
6070 -3.07000e+02
6168 -3.06000e+02
6276 -3.05000e+02
6351 -3.04000e+02
6485 -3.03000e+02
6538 -3.02000e+02
6637 -3.01000e+02
6813 -3.00000e+02
6869 -2.99000e+02
6911 -2.98000e+02
6984 -2.97000e+02
7110 -2.96000e+02
7156 -2.95000e+02
7348 -2.94000e+02
7412 -2.93000e+02
7434 -2.92000e+02
7550 -2.91000e+02
7850 -2.90000e+02
8075 -2.89000e+02
8174 -2.88000e+02
8180 -2.87000e+02
8291 -2.86000e+02
8383 -2.85000e+02
8601 -2.84000e+02
8621 -2.83000e+02
8808 -2.82000e+02
8845 -2.81000e+02
8988 -2.80000e+02
9148 -2.79000e+02
9223 -2.78000e+02
9347 -2.77000e+02
9441 -2.76000e+02
9525 -2.75000e+02
9622 -2.74000e+02
9812 -2.73000e+02
9833 -2.72000e+02
9951 -2.72000e+02
"function evaluation" "best-so-far f(x)"
1 -3.83000e+02
10 -3.81000e+02
164 -3.80000e+02
298 -3.79000e+02
447 -3.78000e+02
514 -3.77000e+02
663 -3.76000e+02
676 -3.75000e+02
790 -3.74000e+02
933 -3.72000e+02
1019 -3.71000e+02
1021 -3.70000e+02
1141 -3.69000e+02
1256 -3.68000e+02
1355 -3.67000e+02
1464 -3.66000e+02
1499 -3.65000e+02
1593 -3.64000e+02
1741 -3.63000e+02
1888 -3.62000e+02
1941 -3.61000e+02
2015 -3.60000e+02
2023 -3.59000e+02
2097 -3.58000e+02
2111 -3.57000e+02
2183 -3.56000e+02
2238 -3.54000e+02
2317 -3.53000e+02
2374 -3.52000e+02
2413 -3.51000e+02
2482 -3.50000e+02
2622 -3.49000e+02
2748 -3.48000e+02
2857 -3.47000e+02
2923 -3.46000e+02
3004 -3.45000e+02
3038 -3.44000e+02
3143 -3.43000e+02
3179 -3.42000e+02
3264 -3.41000e+02
3275 -3.40000e+02
3475 -3.39000e+02
3598 -3.38000e+02
3684 -3.37000e+02
3767 -3.36000e+02
3818 -3.35000e+02
3954 -3.33000e+02
4100 -3.32000e+02
4189 -3.31000e+02
4365 -3.30000e+02
4484 -3.29000e+02
4615 -3.27000e+02
4721 -3.26000e+02
4750 -3.25000e+02
4836 -3.24000e+02
4963 -3.23000e+02
5259 -3.21000e+02
5307 -3.20000e+02
5426 -3.19000e+02
5464 -3.18000e+02
5628 -3.17000e+02
5720 -3.16000e+02
5860 -3.15000e+02
5959 -3.14000e+02
6010 -3.13000e+02
6172 -3.12000e+02
6307 -3.11000e+02
6358 -3.10000e+02
6371 -3.09000e+02
6448 -3.08000e+02
6644 -3.07000e+02
6786 -3.06000e+02
6900 -3.05000e+02
7000 -3.04000e+02
7062 -3.03000e+02
7109 -3.02000e+02
7189 -3.01000e+02
7363 -3.00000e+02
7376 -2.99000e+02
7503 -2.98000e+02
7565 -2.97000e+02
7626 -2.96000e+02
7758 -2.95000e+02
7816 -2.94000e+02
7883 -2.93000e+02
8074 -2.92000e+02
8354 -2.90000e+02
8370 -2.89000e+02
8446 -2.88000e+02
8491 -2.87000e+02
8617 -2.86000e+02
8690 -2.85000e+02
8875 -2.84000e+02
8944 -2.83000e+02
9080 -2.82000e+02
9176 -2.81000e+02
9252 -2.80000e+02
9385 -2.79000e+02
9600 -2.78000e+02
9706 -2.77000e+02
9802 -2.76000e+02
9840 -2.75000e+02
9951 -2.75000e+02
"function evaluation" "best-so-far f(x)"
1 -3.83000e+02
29 -3.82000e+02
45 -3.81000e+02
286 -3.80000e+02
355 -3.79000e+02
360 -3.77000e+02
423 -3.76000e+02
433 -3.75000e+02
500 -3.73000e+02
594 -3.72000e+02
650 -3.71000e+02
736 -3.70000e+02
786 -3.69000e+02
822 -3.68000e+02
899 -3.67000e+02
992 -3.66000e+02
1046 -3.65000e+02
1176 -3.64000e+02
1281 -3.63000e+02
1401 -3.62000e+02
1482 -3.61000e+02
1576 -3.60000e+02
1629 -3.59000e+02
1735 -3.58000e+02
1794 -3.57000e+02
1890 -3.56000e+02
1991 -3.55000e+02
2152 -3.54000e+02
2208 -3.53000e+02
2367 -3.52000e+02
2475 -3.51000e+02
2570 -3.50000e+02
2661 -3.49000e+02
2752 -3.48000e+02
2781 -3.47000e+02
2842 -3.46000e+02
2848 -3.45000e+02
2976 -3.44000e+02
3046 -3.43000e+02
3085 -3.42000e+02
3255 -3.41000e+02
3284 -3.40000e+02
3382 -3.39000e+02
3413 -3.38000e+02
3425 -3.37000e+02
3500 -3.36000e+02
3621 -3.35000e+02
3730 -3.34000e+02
3898 -3.33000e+02
3936 -3.32000e+02
4000 -3.31000e+02
4059 -3.30000e+02
4187 -3.29000e+02
4284 -3.28000e+02
4336 -3.27000e+02
4437 -3.26000e+02
4573 -3.25000e+02
4616 -3.24000e+02
4686 -3.23000e+02
4699 -3.22000e+02
4774 -3.21000e+02
4912 -3.20000e+02
5032 -3.19000e+02
5183 -3.18000e+02
5299 -3.17000e+02
5410 -3.16000e+02
5428 -3.15000e+02
5605 -3.14000e+02
5676 -3.13000e+02
5791 -3.12000e+02
5881 -3.11000e+02
5925 -3.10000e+02
6073 -3.09000e+02
6214 -3.08000e+02
6267 -3.07000e+02
6338 -3.05000e+02
6459 -3.04000e+02
6597 -3.03000e+02
6813 -3.02000e+02
6920 -3.01000e+02
6961 -3.00000e+02
6986 -2.99000e+02
7171 -2.98000e+02
7338 -2.97000e+02
7390 -2.96000e+02
7450 -2.95000e+02
7639 -2.94000e+02
7660 -2.93000e+02
7863 -2.92000e+02
8001 -2.91000e+02
8044 -2.90000e+02
8128 -2.89000e+02
8192 -2.88000e+02
8231 -2.87000e+02
8295 -2.86000e+02
8532 -2.85000e+02
8609 -2.84000e+02
8782 -2.83000e+02
8899 -2.82000e+02
8982 -2.81000e+02
9070 -2.80000e+02
9213 -2.79000e+02
9372 -2.78000e+02
9473 -2.77000e+02
9613 -2.76000e+02
9668 -2.75000e+02
9748 -2.74000e+02
9863 -2.73000e+02
9951 -2.73000e+02
"function evaluation" "best-so-far f(x)"
1 -3.83000e+02
22 -3.82000e+02
98 -3.81000e+02
126 -3.80000e+02
221 -3.79000e+02
336 -3.78000e+02
363 -3.77000e+02
474 -3.76000e+02
553 -3.75000e+02
596 -3.74000e+02
616 -3.73000e+02
718 -3.72000e+02
803 -3.71000e+02
858 -3.70000e+02
970 -3.69000e+02
1050 -3.68000e+02
1080 -3.67000e+02
1180 -3.66000e+02
1271 -3.65000e+02
1317 -3.64000e+02
1462 -3.63000e+02
1556 -3.62000e+02
1592 -3.61000e+02
1715 -3.60000e+02
1793 -3.59000e+02
1926 -3.58000e+02
1996 -3.57000e+02
2075 -3.56000e+02
2102 -3.55000e+02
2246 -3.54000e+02
2292 -3.52000e+02
2309 -3.51000e+02
2395 -3.50000e+02
2450 -3.49000e+02
2498 -3.48000e+02
2575 -3.47000e+02
2737 -3.46000e+02
2926 -3.45000e+02
3011 -3.44000e+02
3152 -3.43000e+02
3161 -3.42000e+02
3315 -3.41000e+02
3389 -3.40000e+02
3421 -3.39000e+02
3581 -3.38000e+02
3638 -3.37000e+02
3715 -3.36000e+02
3817 -3.35000e+02
3878 -3.34000e+02
4139 -3.33000e+02
4193 -3.32000e+02
4245 -3.31000e+02
4319 -3.30000e+02
4377 -3.29000e+02
4415 -3.28000e+02
4561 -3.27000e+02
4642 -3.26000e+02
4710 -3.25000e+02
4882 -3.24000e+02
4963 -3.23000e+02
5046 -3.22000e+02
5076 -3.21000e+02
5171 -3.20000e+02
5331 -3.19000e+02
5385 -3.18000e+02
5465 -3.17000e+02
5633 -3.16000e+02
5749 -3.15000e+02
5964 -3.14000e+02
6043 -3.13000e+02
6052 -3.12000e+02
6108 -3.11000e+02
6121 -3.10000e+02
6216 -3.09000e+02
6301 -3.08000e+02
6453 -3.07000e+02
6567 -3.06000e+02
6623 -3.04000e+02
6634 -3.03000e+02
6742 -3.02000e+02
6830 -3.01000e+02
6863 -3.00000e+02
7024 -2.99000e+02
7132 -2.98000e+02
7264 -2.97000e+02
7369 -2.96000e+02
7501 -2.95000e+02
7572 -2.94000e+02
7830 -2.93000e+02
7905 -2.92000e+02
7956 -2.91000e+02
8121 -2.90000e+02
8163 -2.89000e+02
8349 -2.88000e+02
8388 -2.87000e+02
8531 -2.86000e+02
8567 -2.85000e+02
8748 -2.84000e+02
8934 -2.83000e+02
9003 -2.82000e+02
9292 -2.81000e+02
9417 -2.80000e+02
9501 -2.79000e+02
9553 -2.78000e+02
9619 -2.77000e+02
9626 -2.76000e+02
9645 -2.75000e+02
9722 -2.74000e+02
9731 -2.73000e+02
9799 -2.72000e+02
9951 -2.72000e+02
"function evaluation" "best-so-far f(x)"
1 -3.83000e+02
8 -3.82000e+02
123 -3.81000e+02
162 -3.80000e+02
285 -3.79000e+02
379 -3.78000e+02
501 -3.77000e+02
643 -3.76000e+02
796 -3.75000e+02
836 -3.74000e+02
943 -3.73000e+02
1082 -3.72000e+02
1254 -3.71000e+02
1352 -3.70000e+02
1440 -3.69000e+02
1594 -3.68000e+02
1854 -3.67000e+02
1924 -3.66000e+02
1978 -3.65000e+02
2029 -3.64000e+02
2221 -3.63000e+02
2355 -3.62000e+02
2438 -3.61000e+02
2442 -3.60000e+02
2565 -3.59000e+02
2584 -3.58000e+02
2715 -3.57000e+02
2775 -3.56000e+02
2847 -3.55000e+02
2966 -3.54000e+02
3035 -3.53000e+02
3113 -3.52000e+02
3250 -3.51000e+02
3357 -3.50000e+02
3452 -3.49000e+02
3505 -3.48000e+02
3647 -3.47000e+02
3716 -3.46000e+02
3837 -3.45000e+02
3917 -3.44000e+02
4051 -3.43000e+02
4098 -3.42000e+02
4116 -3.41000e+02
4200 -3.40000e+02
4277 -3.39000e+02
4368 -3.38000e+02
4426 -3.37000e+02
4525 -3.36000e+02
4582 -3.35000e+02
4732 -3.34000e+02
4753 -3.33000e+02
4957 -3.32000e+02
5008 -3.31000e+02
5138 -3.30000e+02
5196 -3.29000e+02
5318 -3.28000e+02
5381 -3.26000e+02
5508 -3.24000e+02
5690 -3.23000e+02
5794 -3.22000e+02
5897 -3.21000e+02
5921 -3.20000e+02
6030 -3.19000e+02
6205 -3.18000e+02
6228 -3.17000e+02
6417 -3.16000e+02
6514 -3.15000e+02
6600 -3.14000e+02
6640 -3.13000e+02
6816 -3.12000e+02
6894 -3.11000e+02
7081 -3.10000e+02
7154 -3.09000e+02
7262 -3.08000e+02
7287 -3.06000e+02
7379 -3.05000e+02
7457 -3.04000e+02
7481 -3.03000e+02
7663 -3.02000e+02
7823 -3.01000e+02
7860 -3.00000e+02
7950 -2.99000e+02
8060 -2.98000e+02
8307 -2.97000e+02
8321 -2.96000e+02
8446 -2.95000e+02
8691 -2.94000e+02
8816 -2.93000e+02
8927 -2.92000e+02
8946 -2.91000e+02
9082 -2.90000e+02
9158 -2.89000e+02
9226 -2.88000e+02
9281 -2.87000e+02
9349 -2.86000e+02
9544 -2.85000e+02
9658 -2.84000e+02
9745 -2.83000e+02
9801 -2.82000e+02
9906 -2.81000e+02
9932 -2.80000e+02
9951 -2.80000e+02
"function evaluation" "best-so-far f(x)"
1 -3.83000e+02
20 -3.82000e+02
149 -3.81000e+02
201 -3.80000e+02
264 -3.79000e+02
308 -3.78000e+02
439 -3.77000e+02
481 -3.76000e+02
567 -3.75000e+02
636 -3.74000e+02
767 -3.73000e+02
874 -3.72000e+02
921 -3.71000e+02
972 -3.70000e+02
1012 -3.69000e+02
1126 -3.68000e+02
1310 -3.67000e+02
1421 -3.66000e+02
1423 -3.65000e+02
1572 -3.64000e+02
1677 -3.62000e+02
1799 -3.60000e+02
1896 -3.59000e+02
1958 -3.58000e+02
1985 -3.57000e+02
2064 -3.56000e+02
2115 -3.55000e+02
2212 -3.54000e+02
2342 -3.53000e+02
2358 -3.52000e+02
2466 -3.51000e+02
2632 -3.50000e+02
2728 -3.49000e+02
2914 -3.48000e+02
2963 -3.47000e+02
3119 -3.46000e+02
3219 -3.45000e+02
3318 -3.44000e+02
3388 -3.43000e+02
3484 -3.42000e+02
3550 -3.41000e+02
3653 -3.40000e+02
3724 -3.39000e+02
3820 -3.38000e+02
3963 -3.37000e+02
4096 -3.36000e+02
4185 -3.35000e+02
4210 -3.34000e+02
4396 -3.33000e+02
4529 -3.32000e+02
4532 -3.31000e+02
4585 -3.30000e+02
4664 -3.29000e+02
4737 -3.28000e+02
4840 -3.27000e+02
4873 -3.26000e+02
4935 -3.25000e+02
5053 -3.24000e+02
5081 -3.23000e+02
5193 -3.22000e+02
5257 -3.21000e+02
5310 -3.20000e+02
5328 -3.19000e+02
5464 -3.18000e+02
5588 -3.17000e+02
5731 -3.16000e+02
5747 -3.15000e+02
5854 -3.13000e+02
6055 -3.11000e+02
6157 -3.10000e+02
6202 -3.09000e+02
6323 -3.08000e+02
6364 -3.07000e+02
6462 -3.06000e+02
6560 -3.05000e+02
6691 -3.04000e+02
6740 -3.03000e+02
6769 -3.02000e+02
6806 -3.01000e+02
6888 -3.00000e+02
6950 -2.99000e+02
7021 -2.98000e+02
7053 -2.97000e+02
7152 -2.96000e+02
7308 -2.95000e+02
7356 -2.94000e+02
7470 -2.93000e+02
7482 -2.92000e+02
7602 -2.91000e+02
7729 -2.90000e+02
7861 -2.89000e+02
7932 -2.88000e+02
8074 -2.87000e+02
8194 -2.86000e+02
8318 -2.85000e+02
8363 -2.84000e+02
8528 -2.83000e+02
8597 -2.82000e+02
8702 -2.81000e+02
8732 -2.80000e+02
8952 -2.79000e+02
9043 -2.78000e+02
9122 -2.77000e+02
9238 -2.76000e+02
9440 -2.75000e+02
9659 -2.74000e+02
9664 -2.73000e+02
9795 -2.72000e+02
9902 -2.71000e+02
9921 -2.70000e+02
9951 -2.70000e+02
"function evaluation" "best-so-far f(x)"
1 -3.83000e+02
73 -3.82000e+02
136 -3.81000e+02
154 -3.79000e+02
185 -3.78000e+02
276 -3.77000e+02
308 -3.76000e+02
447 -3.75000e+02
562 -3.74000e+02
610 -3.72000e+02
685 -3.71000e+02
729 -3.70000e+02
849 -3.69000e+02
916 -3.68000e+02
1055 -3.67000e+02
1191 -3.66000e+02
1286 -3.65000e+02
1351 -3.64000e+02
1424 -3.63000e+02
1527 -3.62000e+02
1765 -3.61000e+02
1910 -3.60000e+02
2003 -3.57000e+02
2142 -3.56000e+02
2186 -3.55000e+02
2310 -3.54000e+02
2385 -3.53000e+02
2399 -3.52000e+02
2421 -3.51000e+02
2527 -3.50000e+02
2635 -3.49000e+02
2751 -3.48000e+02
2840 -3.47000e+02
3001 -3.46000e+02
3072 -3.45000e+02
3210 -3.44000e+02
3239 -3.43000e+02
3310 -3.42000e+02
3388 -3.41000e+02
3391 -3.40000e+02
3601 -3.39000e+02
3729 -3.38000e+02
3806 -3.37000e+02
3849 -3.36000e+02
3948 -3.34000e+02
4117 -3.32000e+02
4172 -3.31000e+02
4211 -3.30000e+02
4319 -3.29000e+02
4401 -3.28000e+02
4634 -3.27000e+02
4659 -3.26000e+02
4748 -3.25000e+02
4865 -3.24000e+02
4941 -3.23000e+02
5071 -3.22000e+02
5176 -3.21000e+02
5234 -3.20000e+02
5441 -3.19000e+02
5607 -3.18000e+02
5679 -3.17000e+02
5709 -3.16000e+02
5835 -3.15000e+02
5987 -3.14000e+02
6035 -3.13000e+02
6146 -3.12000e+02
6200 -3.11000e+02
6405 -3.10000e+02
6513 -3.08000e+02
6631 -3.07000e+02
6730 -3.06000e+02
6846 -3.05000e+02
6879 -3.04000e+02
7007 -3.03000e+02
7046 -3.02000e+02
7125 -3.01000e+02
7301 -3.00000e+02
7377 -2.99000e+02
7560 -2.98000e+02
7645 -2.97000e+02
7791 -2.96000e+02
7927 -2.95000e+02
7981 -2.94000e+02
8104 -2.93000e+02
8268 -2.92000e+02
8290 -2.91000e+02
8417 -2.90000e+02
8541 -2.89000e+02
8654 -2.88000e+02
8773 -2.87000e+02
8879 -2.86000e+02
8905 -2.85000e+02
8930 -2.84000e+02
9123 -2.83000e+02
9237 -2.82000e+02
9290 -2.81000e+02
9450 -2.80000e+02
9597 -2.79000e+02
9684 -2.78000e+02
9815 -2.77000e+02
9895 -2.76000e+02
9951 -2.76000e+02
"function evaluation" "best-so-far f(x)"
1 -3.83000e+02
12 -3.81000e+02
103 -3.80000e+02
179 -3.79000e+02
285 -3.77000e+02
463 -3.76000e+02
616 -3.75000e+02
699 -3.74000e+02
720 -3.73000e+02
770 -3.72000e+02
797 -3.71000e+02
910 -3.70000e+02
1077 -3.69000e+02
1140 -3.68000e+02
1222 -3.67000e+02
1312 -3.66000e+02
1347 -3.65000e+02
1472 -3.64000e+02
1629 -3.63000e+02
1733 -3.62000e+02
1804 -3.61000e+02
1829 -3.60000e+02
1835 -3.59000e+02
1913 -3.58000e+02
2020 -3.57000e+02
2095 -3.56000e+02
2180 -3.55000e+02
2311 -3.54000e+02
2491 -3.53000e+02
2677 -3.52000e+02
2687 -3.51000e+02
2773 -3.50000e+02
2795 -3.49000e+02
2917 -3.48000e+02
2928 -3.47000e+02
2940 -3.45000e+02
3069 -3.44000e+02
3100 -3.43000e+02
3130 -3.42000e+02
3286 -3.41000e+02
3319 -3.40000e+02
3371 -3.39000e+02
3472 -3.38000e+02
3546 -3.37000e+02
3693 -3.36000e+02
3813 -3.35000e+02
3933 -3.34000e+02
4052 -3.33000e+02
4131 -3.32000e+02
4218 -3.31000e+02
4294 -3.30000e+02
4383 -3.29000e+02
4646 -3.28000e+02
4722 -3.27000e+02
4844 -3.26000e+02
4933 -3.25000e+02
5035 -3.24000e+02
5178 -3.23000e+02
5250 -3.22000e+02
5305 -3.21000e+02
5343 -3.20000e+02
5533 -3.19000e+02
5579 -3.18000e+02
5749 -3.17000e+02
5845 -3.15000e+02
5902 -3.14000e+02
5941 -3.13000e+02
6104 -3.12000e+02
6137 -3.11000e+02
6226 -3.10000e+02
6311 -3.09000e+02
6423 -3.08000e+02
6641 -3.07000e+02
6796 -3.06000e+02
6889 -3.05000e+02
7110 -3.04000e+02
7147 -3.03000e+02
7164 -3.02000e+02
7325 -3.01000e+02
7374 -3.00000e+02
7423 -2.98000e+02
7610 -2.97000e+02
7694 -2.96000e+02
7821 -2.95000e+02
7890 -2.94000e+02
8004 -2.93000e+02
8055 -2.92000e+02
8150 -2.91000e+02
8324 -2.90000e+02
8398 -2.89000e+02
8476 -2.88000e+02
8549 -2.87000e+02
8779 -2.86000e+02
8928 -2.85000e+02
8998 -2.84000e+02
9080 -2.83000e+02
9232 -2.82000e+02
9437 -2.81000e+02
9549 -2.80000e+02
9801 -2.79000e+02
9865 -2.78000e+02
9897 -2.77000e+02
9951 -2.77000e+02
"function evaluation" "best-so-far f(x)"
1 -3.83000e+02
11 -3.82000e+02
24 -3.81000e+02
120 -3.80000e+02
155 -3.79000e+02
215 -3.78000e+02
265 -3.77000e+02
397 -3.76000e+02
484 -3.75000e+02
517 -3.74000e+02
601 -3.73000e+02
659 -3.72000e+02
732 -3.71000e+02
751 -3.69000e+02
813 -3.68000e+02
834 -3.67000e+02
853 -3.66000e+02
881 -3.65000e+02
971 -3.64000e+02
1128 -3.63000e+02
1198 -3.62000e+02
1289 -3.61000e+02
1419 -3.60000e+02
1443 -3.59000e+02
1534 -3.58000e+02
1629 -3.57000e+02
1780 -3.56000e+02
1840 -3.55000e+02
1947 -3.54000e+02
2213 -3.53000e+02
2225 -3.52000e+02
2326 -3.51000e+02
2371 -3.50000e+02
2499 -3.49000e+02
2611 -3.48000e+02
2713 -3.47000e+02
2894 -3.46000e+02
2948 -3.45000e+02
3117 -3.44000e+02
3141 -3.43000e+02
3303 -3.42000e+02
3372 -3.41000e+02
3435 -3.40000e+02
3523 -3.39000e+02
3628 -3.38000e+02
3730 -3.37000e+02
3792 -3.36000e+02
3894 -3.35000e+02
3908 -3.34000e+02
4056 -3.33000e+02
4153 -3.32000e+02
4226 -3.31000e+02
4312 -3.30000e+02
4390 -3.29000e+02
4469 -3.28000e+02
4575 -3.27000e+02
4674 -3.26000e+02
4733 -3.25000e+02
4879 -3.24000e+02
4962 -3.23000e+02
5131 -3.22000e+02
5234 -3.21000e+02
5357 -3.20000e+02
5508 -3.19000e+02
5644 -3.18000e+02
5858 -3.17000e+02
6010 -3.16000e+02
6102 -3.15000e+02
6142 -3.14000e+02
6169 -3.13000e+02
6272 -3.12000e+02
6334 -3.11000e+02
6405 -3.10000e+02
6474 -3.09000e+02
6517 -3.08000e+02
6635 -3.07000e+02
6695 -3.06000e+02
6946 -3.05000e+02
7188 -3.04000e+02
7221 -3.03000e+02
7246 -3.02000e+02
7389 -3.01000e+02
7503 -3.00000e+02
7583 -2.99000e+02
7659 -2.98000e+02
7712 -2.97000e+02
7777 -2.96000e+02
8008 -2.95000e+02
8127 -2.94000e+02
8195 -2.93000e+02
8338 -2.91000e+02
8519 -2.90000e+02
8555 -2.89000e+02
8683 -2.88000e+02
8723 -2.87000e+02
8840 -2.86000e+02
8924 -2.85000e+02
8928 -2.84000e+02
9129 -2.82000e+02
9219 -2.81000e+02
9367 -2.80000e+02
9445 -2.79000e+02
9526 -2.78000e+02
9550 -2.77000e+02
9794 -2.76000e+02
9849 -2.75000e+02
9901 -2.74000e+02
9951 -2.74000e+02
"function evaluation" "best-so-far f(x)"
1 -3.83000e+02
11 -3.82000e+02
97 -3.81000e+02
137 -3.80000e+02
162 -3.79000e+02
272 -3.78000e+02
312 -3.77000e+02
437 -3.75000e+02
534 -3.74000e+02
632 -3.73000e+02
671 -3.72000e+02
769 -3.71000e+02
1020 -3.70000e+02
1058 -3.69000e+02
1150 -3.68000e+02
1166 -3.67000e+02
1256 -3.66000e+02
1270 -3.65000e+02
1457 -3.64000e+02
1490 -3.63000e+02
1598 -3.62000e+02
1675 -3.61000e+02
1809 -3.60000e+02
1884 -3.59000e+02
2119 -3.58000e+02
2163 -3.57000e+02
2217 -3.56000e+02
2286 -3.55000e+02
2444 -3.54000e+02
2542 -3.52000e+02
2649 -3.51000e+02
2762 -3.50000e+02
2962 -3.49000e+02
3028 -3.48000e+02
3196 -3.47000e+02
3318 -3.46000e+02
3368 -3.45000e+02
3404 -3.44000e+02
3422 -3.42000e+02
3536 -3.41000e+02
3632 -3.40000e+02
3777 -3.39000e+02
3839 -3.38000e+02
3957 -3.37000e+02
4027 -3.36000e+02
4106 -3.35000e+02
4274 -3.34000e+02
4275 -3.33000e+02
4408 -3.32000e+02
4441 -3.31000e+02
4598 -3.30000e+02
4620 -3.29000e+02
4691 -3.28000e+02
4785 -3.27000e+02
4859 -3.26000e+02
4898 -3.25000e+02
5060 -3.23000e+02
5091 -3.22000e+02
5265 -3.21000e+02
5454 -3.20000e+02
5668 -3.19000e+02
5738 -3.17000e+02
5794 -3.16000e+02
6108 -3.15000e+02
6203 -3.14000e+02
6248 -3.13000e+02
6294 -3.12000e+02
6388 -3.11000e+02
6560 -3.10000e+02
6577 -3.09000e+02
6671 -3.08000e+02
6680 -3.07000e+02
6833 -3.06000e+02
6872 -3.04000e+02
7044 -3.03000e+02
7168 -3.02000e+02
7354 -3.01000e+02
7466 -3.00000e+02
7501 -2.99000e+02
7666 -2.98000e+02
7717 -2.97000e+02
7854 -2.96000e+02
7941 -2.95000e+02
8005 -2.94000e+02
8260 -2.93000e+02
8334 -2.92000e+02
8416 -2.91000e+02
8681 -2.90000e+02
8710 -2.89000e+02
8775 -2.87000e+02
8899 -2.86000e+02
9016 -2.85000e+02
9042 -2.84000e+02
9091 -2.83000e+02
9151 -2.82000e+02
9256 -2.81000e+02
9416 -2.80000e+02
9428 -2.79000e+02
9496 -2.78000e+02
9628 -2.77000e+02
9644 -2.76000e+02
9734 -2.75000e+02
9826 -2.74000e+02
9911 -2.73000e+02
9951 -2.73000e+02
"function evaluation" "best-so-far f(x)"
1 -3.83000e+02
12 -3.82000e+02
33 -3.81000e+02
132 -3.80000e+02
225 -3.79000e+02
231 -3.78000e+02
372 -3.77000e+02
492 -3.76000e+02
564 -3.75000e+02
722 -3.74000e+02
890 -3.73000e+02
930 -3.72000e+02
1025 -3.71000e+02
1190 -3.70000e+02
1267 -3.69000e+02
1342 -3.68000e+02
1458 -3.67000e+02
1522 -3.66000e+02
1648 -3.64000e+02
1763 -3.63000e+02
1857 -3.62000e+02
1872 -3.61000e+02
2008 -3.60000e+02
2068 -3.59000e+02
2197 -3.58000e+02
2279 -3.57000e+02
2309 -3.56000e+02
2422 -3.55000e+02
2534 -3.54000e+02
2566 -3.53000e+02
2666 -3.52000e+02
2915 -3.50000e+02
2987 -3.49000e+02
3044 -3.47000e+02
3192 -3.46000e+02
3225 -3.45000e+02
3282 -3.44000e+02
3488 -3.43000e+02
3518 -3.42000e+02
3567 -3.41000e+02
3748 -3.40000e+02
3758 -3.39000e+02
3864 -3.38000e+02
3961 -3.37000e+02
3990 -3.36000e+02
4026 -3.35000e+02
4214 -3.33000e+02
4371 -3.32000e+02
4510 -3.31000e+02
4574 -3.30000e+02
4632 -3.29000e+02
4741 -3.28000e+02
4894 -3.27000e+02
4948 -3.26000e+02
4990 -3.25000e+02
5097 -3.24000e+02
5128 -3.23000e+02
5262 -3.22000e+02
5273 -3.21000e+02
5296 -3.20000e+02
5382 -3.19000e+02
5434 -3.18000e+02
5477 -3.17000e+02
5567 -3.16000e+02
5656 -3.15000e+02
5754 -3.14000e+02
5882 -3.12000e+02
6076 -3.11000e+02
6197 -3.10000e+02
6256 -3.09000e+02
6409 -3.08000e+02
6510 -3.07000e+02
6627 -3.06000e+02
6825 -3.05000e+02
6924 -3.04000e+02
6987 -3.03000e+02
7198 -3.02000e+02
7321 -3.01000e+02
7393 -3.00000e+02
7536 -2.99000e+02
7679 -2.98000e+02
7731 -2.97000e+02
7818 -2.96000e+02
7937 -2.95000e+02
8059 -2.94000e+02
8075 -2.93000e+02
8166 -2.92000e+02
8195 -2.91000e+02
8325 -2.90000e+02
8486 -2.89000e+02
8571 -2.88000e+02
8600 -2.87000e+02
8755 -2.86000e+02
8850 -2.85000e+02
8931 -2.84000e+02
8997 -2.83000e+02
9071 -2.82000e+02
9144 -2.81000e+02
9238 -2.80000e+02
9345 -2.79000e+02
9414 -2.78000e+02
9473 -2.77000e+02
9495 -2.76000e+02
9590 -2.75000e+02
9722 -2.74000e+02
9736 -2.73000e+02
9796 -2.72000e+02
9841 -2.71000e+02
9887 -2.70000e+02
9951 -2.70000e+02
"function evaluation" "best-so-far f(x)"
1 -3.83000e+02
18 -3.81000e+02
111 -3.80000e+02
248 -3.79000e+02
323 -3.78000e+02
424 -3.77000e+02
428 -3.76000e+02
533 -3.75000e+02
623 -3.74000e+02
778 -3.73000e+02
860 -3.72000e+02
904 -3.70000e+02
1001 -3.69000e+02
1092 -3.68000e+02
1100 -3.67000e+02
1206 -3.65000e+02
1326 -3.64000e+02
1460 -3.63000e+02
1548 -3.62000e+02
1663 -3.61000e+02
1767 -3.60000e+02
1857 -3.59000e+02
1988 -3.58000e+02
2047 -3.57000e+02
2169 -3.56000e+02
2241 -3.55000e+02
2369 -3.54000e+02
2427 -3.53000e+02
2432 -3.52000e+02
2663 -3.51000e+02
2776 -3.50000e+02
2800 -3.49000e+02
2874 -3.48000e+02
2883 -3.47000e+02
2974 -3.46000e+02
3056 -3.45000e+02
3169 -3.44000e+02
3224 -3.43000e+02
3226 -3.42000e+02
3343 -3.40000e+02
3466 -3.39000e+02
3549 -3.38000e+02
3653 -3.37000e+02
3702 -3.36000e+02
3836 -3.35000e+02
3995 -3.34000e+02
4072 -3.33000e+02
4223 -3.32000e+02
4293 -3.31000e+02
4362 -3.30000e+02
4421 -3.29000e+02
4501 -3.28000e+02
4522 -3.27000e+02
4697 -3.26000e+02
4755 -3.25000e+02
4829 -3.24000e+02
4862 -3.23000e+02
5049 -3.22000e+02
5164 -3.21000e+02
5289 -3.20000e+02
5385 -3.19000e+02
5433 -3.18000e+02
5554 -3.17000e+02
5660 -3.16000e+02
5803 -3.15000e+02
5900 -3.14000e+02
5977 -3.13000e+02
6106 -3.12000e+02
6206 -3.11000e+02
6309 -3.10000e+02
6440 -3.09000e+02
6504 -3.08000e+02
6594 -3.06000e+02
6785 -3.05000e+02
6871 -3.04000e+02
6958 -3.03000e+02
7071 -3.02000e+02
7223 -3.01000e+02
7254 -3.00000e+02
7385 -2.99000e+02
7542 -2.98000e+02
7574 -2.97000e+02
7650 -2.96000e+02
7746 -2.95000e+02
7863 -2.94000e+02
7899 -2.93000e+02
7946 -2.92000e+02
8028 -2.91000e+02
8117 -2.90000e+02
8128 -2.89000e+02
8258 -2.88000e+02
8368 -2.87000e+02
8433 -2.86000e+02
8543 -2.85000e+02
8623 -2.84000e+02
8693 -2.83000e+02
8774 -2.82000e+02
8885 -2.81000e+02
8978 -2.80000e+02
9052 -2.79000e+02
9296 -2.78000e+02
9370 -2.77000e+02
9584 -2.76000e+02
9663 -2.75000e+02
9763 -2.74000e+02
9848 -2.73000e+02
9951 -2.73000e+02
"function evaluation" "best-so-far f(x)"
1 -3.83000e+02
12 -3.82000e+02
114 -3.81000e+02
269 -3.80000e+02
329 -3.79000e+02
368 -3.78000e+02
418 -3.77000e+02
555 -3.76000e+02
667 -3.75000e+02
814 -3.74000e+02
940 -3.73000e+02
987 -3.72000e+02
1165 -3.71000e+02
1228 -3.70000e+02
1390 -3.69000e+02
1526 -3.68000e+02
1572 -3.67000e+02
1662 -3.66000e+02
1791 -3.65000e+02
1877 -3.64000e+02
1973 -3.63000e+02
2043 -3.62000e+02
2062 -3.61000e+02
2131 -3.60000e+02
2167 -3.59000e+02
2267 -3.58000e+02
2354 -3.57000e+02
2482 -3.56000e+02
2574 -3.55000e+02
2674 -3.54000e+02
2724 -3.53000e+02
2953 -3.52000e+02
3125 -3.51000e+02
3250 -3.50000e+02
3350 -3.49000e+02
3451 -3.48000e+02
3531 -3.46000e+02
3594 -3.45000e+02
3662 -3.44000e+02
3792 -3.43000e+02
3811 -3.42000e+02
3902 -3.41000e+02
3971 -3.40000e+02
4114 -3.39000e+02
4240 -3.38000e+02
4316 -3.37000e+02
4360 -3.36000e+02
4419 -3.35000e+02
4506 -3.34000e+02
4547 -3.33000e+02
4608 -3.32000e+02
4643 -3.31000e+02
4750 -3.30000e+02
4883 -3.29000e+02
4942 -3.28000e+02
5048 -3.27000e+02
5103 -3.26000e+02
5136 -3.25000e+02
5250 -3.24000e+02
5352 -3.23000e+02
5485 -3.22000e+02
5564 -3.21000e+02
5602 -3.20000e+02
5739 -3.19000e+02
5774 -3.18000e+02
5793 -3.17000e+02
5884 -3.16000e+02
5971 -3.15000e+02
6117 -3.14000e+02
6227 -3.13000e+02
6363 -3.12000e+02
6420 -3.11000e+02
6511 -3.10000e+02
6587 -3.08000e+02
6707 -3.07000e+02
6800 -3.06000e+02
6929 -3.05000e+02
6997 -3.04000e+02
7034 -3.03000e+02
7131 -3.02000e+02
7283 -3.01000e+02
7409 -3.00000e+02
7465 -2.99000e+02
7534 -2.98000e+02
7618 -2.97000e+02
7783 -2.96000e+02
7836 -2.95000e+02
7936 -2.94000e+02
7985 -2.93000e+02
8062 -2.92000e+02
8210 -2.91000e+02
8289 -2.90000e+02
8356 -2.89000e+02
8447 -2.88000e+02
8601 -2.87000e+02
8693 -2.86000e+02
8750 -2.85000e+02
8760 -2.84000e+02
8830 -2.83000e+02
8902 -2.82000e+02
8971 -2.81000e+02
9022 -2.80000e+02
9063 -2.79000e+02
9098 -2.78000e+02
9209 -2.77000e+02
9370 -2.76000e+02
9449 -2.75000e+02
9533 -2.74000e+02
9634 -2.73000e+02
9808 -2.72000e+02
9905 -2.71000e+02
9951 -2.71000e+02
"function evaluation" "best-so-far f(x)"
1 -3.83000e+02
5 -3.82000e+02
35 -3.81000e+02
155 -3.80000e+02
196 -3.79000e+02
238 -3.78000e+02
394 -3.77000e+02
518 -3.75000e+02
543 -3.74000e+02
702 -3.73000e+02
760 -3.72000e+02
824 -3.71000e+02
898 -3.70000e+02
914 -3.69000e+02
1047 -3.68000e+02
1119 -3.67000e+02
1219 -3.66000e+02
1323 -3.65000e+02
1376 -3.64000e+02
1456 -3.63000e+02
1659 -3.62000e+02
1697 -3.61000e+02
1804 -3.60000e+02
1891 -3.59000e+02
1932 -3.58000e+02
1987 -3.57000e+02
2210 -3.56000e+02
2280 -3.55000e+02
2384 -3.54000e+02
2561 -3.53000e+02
2618 -3.52000e+02
2619 -3.51000e+02
2661 -3.50000e+02
2764 -3.49000e+02
2803 -3.48000e+02
2835 -3.47000e+02
2892 -3.46000e+02
2895 -3.45000e+02
2963 -3.44000e+02
2975 -3.43000e+02
3079 -3.42000e+02
3250 -3.41000e+02
3287 -3.40000e+02
3416 -3.39000e+02
3467 -3.38000e+02
3590 -3.37000e+02
3686 -3.36000e+02
3873 -3.35000e+02
3975 -3.33000e+02
4028 -3.32000e+02
4147 -3.31000e+02
4267 -3.30000e+02
4341 -3.29000e+02
4470 -3.28000e+02
4529 -3.27000e+02
4567 -3.26000e+02
4668 -3.25000e+02
4686 -3.24000e+02
4784 -3.23000e+02
4849 -3.22000e+02
5028 -3.21000e+02
5214 -3.20000e+02
5302 -3.19000e+02
5427 -3.18000e+02
5441 -3.17000e+02
5550 -3.16000e+02
5633 -3.15000e+02
5795 -3.14000e+02
5957 -3.13000e+02
5962 -3.12000e+02
6140 -3.11000e+02
6203 -3.10000e+02
6284 -3.09000e+02
6329 -3.08000e+02
6432 -3.07000e+02
6477 -3.06000e+02
6525 -3.05000e+02
6566 -3.04000e+02
6772 -3.03000e+02
6928 -3.02000e+02
7030 -3.01000e+02
7193 -3.00000e+02
7271 -2.99000e+02
7378 -2.98000e+02
7391 -2.97000e+02
7450 -2.96000e+02
7547 -2.95000e+02
7616 -2.94000e+02
7722 -2.93000e+02
7746 -2.92000e+02
7878 -2.91000e+02
7925 -2.90000e+02
7971 -2.89000e+02
8059 -2.88000e+02
8118 -2.87000e+02
8303 -2.86000e+02
8431 -2.85000e+02
8498 -2.83000e+02
8582 -2.82000e+02
8731 -2.81000e+02
8879 -2.80000e+02
8937 -2.79000e+02
9026 -2.78000e+02
9158 -2.77000e+02
9257 -2.76000e+02
9377 -2.75000e+02
9493 -2.74000e+02
9522 -2.73000e+02
9636 -2.72000e+02
9786 -2.71000e+02
9886 -2.70000e+02
9951 -2.70000e+02
"function evaluation" "best-so-far f(x)"
1 -3.83000e+02
5 -3.82000e+02
162 -3.81000e+02
174 -3.80000e+02
261 -3.79000e+02
354 -3.78000e+02
374 -3.77000e+02
402 -3.76000e+02
482 -3.75000e+02
554 -3.74000e+02
656 -3.73000e+02
750 -3.72000e+02
843 -3.71000e+02
966 -3.70000e+02
1200 -3.69000e+02
1288 -3.68000e+02
1317 -3.67000e+02
1334 -3.66000e+02
1520 -3.65000e+02
1712 -3.64000e+02
1796 -3.63000e+02
1884 -3.62000e+02
1976 -3.61000e+02
1982 -3.59000e+02
2083 -3.58000e+02
2148 -3.57000e+02
2273 -3.56000e+02
2410 -3.55000e+02
2511 -3.54000e+02
2653 -3.52000e+02
2677 -3.51000e+02
2727 -3.50000e+02
2824 -3.49000e+02
2849 -3.48000e+02
2967 -3.47000e+02
3012 -3.46000e+02
3160 -3.45000e+02
3289 -3.44000e+02
3378 -3.43000e+02
3403 -3.41000e+02
3486 -3.40000e+02
3615 -3.39000e+02
3671 -3.38000e+02
3744 -3.37000e+02
3951 -3.36000e+02
4064 -3.35000e+02
4103 -3.34000e+02
4262 -3.33000e+02
4438 -3.32000e+02
4539 -3.31000e+02
4631 -3.30000e+02
4739 -3.29000e+02
4784 -3.28000e+02
4860 -3.27000e+02
4920 -3.26000e+02
5076 -3.25000e+02
5224 -3.24000e+02
5292 -3.23000e+02
5393 -3.22000e+02
5494 -3.21000e+02
5649 -3.20000e+02
5761 -3.19000e+02
5930 -3.18000e+02
6015 -3.17000e+02
6211 -3.16000e+02
6298 -3.15000e+02
6408 -3.14000e+02
6513 -3.13000e+02
6646 -3.12000e+02
6707 -3.10000e+02
6713 -3.09000e+02
6819 -3.08000e+02
6882 -3.07000e+02
7085 -3.06000e+02
7194 -3.04000e+02
7261 -3.03000e+02
7286 -3.02000e+02
7417 -3.01000e+02
7564 -3.00000e+02
7650 -2.99000e+02
7759 -2.98000e+02
7821 -2.97000e+02
7972 -2.96000e+02
8020 -2.95000e+02
8261 -2.94000e+02
8317 -2.93000e+02
8348 -2.92000e+02
8423 -2.91000e+02
8517 -2.90000e+02
8549 -2.89000e+02
8568 -2.88000e+02
8627 -2.87000e+02
8760 -2.86000e+02
8996 -2.85000e+02
9166 -2.84000e+02
9264 -2.83000e+02
9276 -2.82000e+02
9438 -2.81000e+02
9562 -2.80000e+02
9612 -2.79000e+02
9675 -2.78000e+02
9792 -2.77000e+02
9916 -2.76000e+02
9951 -2.76000e+02
"function evaluation" "best-so-far f(x)"
1 -3.83000e+02
4 -3.82000e+02
216 -3.81000e+02
278 -3.80000e+02
283 -3.79000e+02
405 -3.78000e+02
503 -3.77000e+02
713 -3.76000e+02
794 -3.75000e+02
901 -3.74000e+02
1037 -3.73000e+02
1124 -3.71000e+02
1201 -3.70000e+02
1269 -3.68000e+02
1337 -3.67000e+02
1455 -3.66000e+02
1582 -3.65000e+02
1586 -3.64000e+02
1689 -3.63000e+02
1734 -3.62000e+02
1854 -3.61000e+02
1922 -3.60000e+02
2091 -3.59000e+02
2207 -3.58000e+02
2358 -3.56000e+02
2515 -3.55000e+02
2550 -3.53000e+02
2715 -3.52000e+02
2864 -3.51000e+02
3069 -3.50000e+02
3167 -3.49000e+02
3300 -3.48000e+02
3316 -3.47000e+02
3396 -3.46000e+02
3465 -3.45000e+02
3582 -3.44000e+02
3620 -3.43000e+02
3699 -3.42000e+02
3770 -3.41000e+02
3883 -3.40000e+02
3955 -3.39000e+02
4118 -3.38000e+02
4177 -3.37000e+02
4272 -3.36000e+02
4382 -3.35000e+02
4442 -3.34000e+02
4490 -3.33000e+02
4620 -3.32000e+02
4662 -3.31000e+02
4777 -3.30000e+02
4831 -3.29000e+02
4938 -3.28000e+02
5011 -3.27000e+02
5101 -3.26000e+02
5109 -3.25000e+02
5224 -3.24000e+02
5291 -3.23000e+02
5427 -3.22000e+02
5688 -3.21000e+02
5804 -3.20000e+02
5864 -3.19000e+02
5976 -3.18000e+02
6044 -3.16000e+02
6059 -3.15000e+02
6202 -3.14000e+02
6287 -3.13000e+02
6431 -3.11000e+02
6644 -3.10000e+02
6695 -3.09000e+02
6714 -3.08000e+02
6764 -3.07000e+02
6851 -3.06000e+02
6905 -3.05000e+02
6964 -3.04000e+02
7056 -3.03000e+02
7109 -3.02000e+02
7209 -3.01000e+02
7378 -3.00000e+02
7380 -2.99000e+02
7494 -2.98000e+02
7563 -2.97000e+02
7593 -2.96000e+02
7771 -2.95000e+02
7920 -2.94000e+02
7936 -2.93000e+02
7976 -2.92000e+02
8080 -2.91000e+02
8202 -2.90000e+02
8352 -2.89000e+02
8434 -2.88000e+02
8625 -2.87000e+02
8739 -2.86000e+02
8830 -2.85000e+02
8903 -2.84000e+02
8931 -2.83000e+02
9072 -2.82000e+02
9129 -2.81000e+02
9193 -2.80000e+02
9243 -2.79000e+02
9376 -2.78000e+02
9488 -2.77000e+02
9578 -2.76000e+02
9697 -2.75000e+02
9787 -2.74000e+02
9877 -2.73000e+02
9946 -2.72000e+02
9951 -2.72000e+02
"function evaluation" "best-so-far f(x)"
1 -3.83000e+02
35 -3.82000e+02
107 -3.81000e+02
253 -3.80000e+02
323 -3.79000e+02
429 -3.78000e+02
623 -3.76000e+02
763 -3.75000e+02
834 -3.73000e+02
952 -3.71000e+02
1105 -3.70000e+02
1148 -3.69000e+02
1281 -3.68000e+02
1489 -3.67000e+02
1579 -3.66000e+02
1703 -3.65000e+02
1772 -3.64000e+02
1898 -3.63000e+02
1978 -3.62000e+02
2039 -3.61000e+02
2088 -3.60000e+02
2191 -3.59000e+02
2318 -3.58000e+02
2384 -3.57000e+02
2568 -3.56000e+02
2581 -3.55000e+02
2714 -3.54000e+02
2743 -3.53000e+02
2870 -3.52000e+02
2937 -3.51000e+02
2975 -3.50000e+02
3040 -3.49000e+02
3125 -3.48000e+02
3267 -3.47000e+02
3358 -3.46000e+02
3404 -3.45000e+02
3451 -3.44000e+02
3546 -3.43000e+02
3659 -3.42000e+02
3708 -3.41000e+02
3762 -3.40000e+02
3788 -3.39000e+02
3860 -3.38000e+02
3978 -3.37000e+02
4120 -3.36000e+02
4202 -3.35000e+02
4354 -3.34000e+02
4492 -3.33000e+02
4584 -3.32000e+02
4635 -3.30000e+02
4753 -3.29000e+02
4903 -3.28000e+02
5071 -3.27000e+02
5198 -3.26000e+02
5368 -3.25000e+02
5502 -3.23000e+02
5567 -3.22000e+02
5625 -3.21000e+02
5696 -3.20000e+02
5802 -3.19000e+02
5855 -3.18000e+02
5859 -3.17000e+02
6025 -3.16000e+02
6076 -3.15000e+02
6174 -3.14000e+02
6327 -3.13000e+02
6457 -3.12000e+02
6781 -3.11000e+02
6862 -3.10000e+02
6890 -3.09000e+02
6946 -3.08000e+02
7031 -3.07000e+02
7038 -3.06000e+02
7182 -3.04000e+02
7295 -3.03000e+02
7372 -3.02000e+02
7409 -3.01000e+02
7455 -3.00000e+02
7584 -2.99000e+02
7647 -2.98000e+02
7752 -2.97000e+02
7812 -2.96000e+02
7855 -2.95000e+02
7973 -2.94000e+02
8007 -2.93000e+02
8149 -2.92000e+02
8294 -2.91000e+02
8411 -2.90000e+02
8522 -2.89000e+02
8540 -2.88000e+02
8595 -2.87000e+02
8705 -2.86000e+02
8775 -2.85000e+02
8916 -2.84000e+02
9044 -2.83000e+02
9089 -2.82000e+02
9165 -2.81000e+02
9256 -2.80000e+02
9369 -2.79000e+02
9493 -2.78000e+02
9532 -2.77000e+02
9645 -2.76000e+02
9718 -2.75000e+02
9902 -2.74000e+02
9951 -2.74000e+02
"function evaluation" "best-so-far f(x)"
1 -3.83000e+02
39 -3.82000e+02
67 -3.81000e+02
195 -3.80000e+02
220 -3.79000e+02
365 -3.78000e+02
400 -3.77000e+02
416 -3.76000e+02
553 -3.74000e+02
667 -3.73000e+02
701 -3.72000e+02
840 -3.71000e+02
885 -3.68000e+02
1041 -3.67000e+02
1044 -3.66000e+02
1260 -3.65000e+02
1351 -3.64000e+02
1418 -3.63000e+02
1551 -3.62000e+02
1578 -3.61000e+02
1695 -3.60000e+02
1726 -3.59000e+02
1933 -3.58000e+02
2004 -3.57000e+02
2062 -3.56000e+02
2136 -3.55000e+02
2187 -3.54000e+02
2355 -3.53000e+02
2388 -3.52000e+02
2459 -3.51000e+02
2575 -3.50000e+02
2694 -3.49000e+02
2820 -3.48000e+02
2884 -3.46000e+02
2977 -3.45000e+02
3064 -3.44000e+02
3132 -3.43000e+02
3149 -3.42000e+02
3313 -3.41000e+02
3388 -3.40000e+02
3614 -3.39000e+02
3720 -3.38000e+02
3767 -3.37000e+02
3776 -3.36000e+02
3923 -3.35000e+02
3999 -3.34000e+02
4001 -3.33000e+02
4049 -3.32000e+02
4091 -3.31000e+02
4186 -3.30000e+02
4250 -3.29000e+02
4356 -3.28000e+02
4457 -3.27000e+02
4558 -3.26000e+02
4603 -3.25000e+02
4736 -3.24000e+02
4810 -3.23000e+02
4829 -3.22000e+02
4994 -3.21000e+02
4997 -3.20000e+02
5108 -3.19000e+02
5179 -3.18000e+02
5248 -3.17000e+02
5365 -3.16000e+02
5518 -3.15000e+02
5596 -3.14000e+02
5719 -3.13000e+02
5927 -3.12000e+02
6122 -3.11000e+02
6155 -3.10000e+02
6226 -3.09000e+02
6230 -3.08000e+02
6344 -3.06000e+02
6412 -3.05000e+02
6473 -3.04000e+02
6654 -3.03000e+02
6692 -3.02000e+02
6847 -3.01000e+02
6893 -3.00000e+02
7016 -2.99000e+02
7140 -2.98000e+02
7315 -2.97000e+02
7354 -2.96000e+02
7461 -2.95000e+02
7605 -2.94000e+02
7757 -2.93000e+02
7796 -2.92000e+02
7943 -2.91000e+02
8076 -2.90000e+02
8228 -2.89000e+02
8405 -2.88000e+02
8441 -2.87000e+02
8546 -2.86000e+02
8664 -2.85000e+02
8766 -2.84000e+02
8769 -2.83000e+02
8872 -2.82000e+02
8939 -2.81000e+02
9061 -2.80000e+02
9218 -2.79000e+02
9273 -2.78000e+02
9298 -2.77000e+02
9322 -2.76000e+02
9388 -2.75000e+02
9497 -2.74000e+02
9562 -2.73000e+02
9603 -2.72000e+02
9639 -2.71000e+02
9719 -2.70000e+02
9872 -2.69000e+02
9913 -2.68000e+02
9951 -2.68000e+02
"function evaluation" "best-so-far f(x)"
1 -3.83000e+02
66 -3.82000e+02
104 -3.81000e+02
149 -3.80000e+02
415 -3.79000e+02
499 -3.78000e+02
540 -3.77000e+02
601 -3.76000e+02
774 -3.75000e+02
919 -3.74000e+02
999 -3.73000e+02
1061 -3.72000e+02
1065 -3.70000e+02
1309 -3.69000e+02
1358 -3.68000e+02
1429 -3.67000e+02
1537 -3.66000e+02
1590 -3.65000e+02
1616 -3.64000e+02
1723 -3.63000e+02
1775 -3.62000e+02
1903 -3.61000e+02
2071 -3.60000e+02
2088 -3.59000e+02
2155 -3.58000e+02
2401 -3.57000e+02
2555 -3.56000e+02
2707 -3.55000e+02
2746 -3.54000e+02
2881 -3.53000e+02
2993 -3.52000e+02
3061 -3.51000e+02
3142 -3.50000e+02
3207 -3.49000e+02
3260 -3.48000e+02
3347 -3.47000e+02
3466 -3.46000e+02
3530 -3.45000e+02
3564 -3.44000e+02
3604 -3.43000e+02
3655 -3.42000e+02
3813 -3.41000e+02
3840 -3.40000e+02
3906 -3.39000e+02
3992 -3.38000e+02
4093 -3.37000e+02
4217 -3.36000e+02
4324 -3.35000e+02
4398 -3.34000e+02
4421 -3.33000e+02
4484 -3.32000e+02
4537 -3.31000e+02
4640 -3.30000e+02
4671 -3.29000e+02
4704 -3.27000e+02
4887 -3.26000e+02
4932 -3.25000e+02
4998 -3.24000e+02
5019 -3.23000e+02
5120 -3.22000e+02
5255 -3.21000e+02
5318 -3.20000e+02
5366 -3.19000e+02
5381 -3.18000e+02
5481 -3.17000e+02
5566 -3.16000e+02
5648 -3.15000e+02
5689 -3.14000e+02
5796 -3.12000e+02
5880 -3.11000e+02
5970 -3.10000e+02
6247 -3.09000e+02
6305 -3.08000e+02
6403 -3.07000e+02
6414 -3.06000e+02
6537 -3.05000e+02
6630 -3.04000e+02
6759 -3.03000e+02
6888 -3.02000e+02
7071 -3.00000e+02
7128 -2.99000e+02
7204 -2.98000e+02
7309 -2.97000e+02
7407 -2.96000e+02
7472 -2.95000e+02
7564 -2.94000e+02
7645 -2.93000e+02
7737 -2.92000e+02
7889 -2.91000e+02
7922 -2.90000e+02
7998 -2.89000e+02
8026 -2.88000e+02
8187 -2.87000e+02
8341 -2.86000e+02
8446 -2.85000e+02
8500 -2.84000e+02
8565 -2.83000e+02
8659 -2.82000e+02
8820 -2.81000e+02
8893 -2.80000e+02
9035 -2.79000e+02
9066 -2.78000e+02
9118 -2.77000e+02
9163 -2.76000e+02
9167 -2.75000e+02
9240 -2.74000e+02
9312 -2.73000e+02
9375 -2.72000e+02
9407 -2.71000e+02
9471 -2.70000e+02
9518 -2.69000e+02
9632 -2.68000e+02
9769 -2.67000e+02
9773 -2.66000e+02
9931 -2.65000e+02
9951 -2.65000e+02
"function evaluation" "best-so-far f(x)"
1 -3.83000e+02
59 -3.82000e+02
169 -3.81000e+02
227 -3.80000e+02
371 -3.79000e+02
467 -3.78000e+02
500 -3.77000e+02
615 -3.76000e+02
706 -3.75000e+02
822 -3.74000e+02
908 -3.73000e+02
1011 -3.72000e+02
1095 -3.71000e+02
1108 -3.70000e+02
1125 -3.69000e+02
1313 -3.68000e+02
1377 -3.67000e+02
1584 -3.66000e+02
1663 -3.65000e+02
1688 -3.64000e+02
1887 -3.63000e+02
1983 -3.62000e+02
1997 -3.61000e+02
2002 -3.60000e+02
2058 -3.59000e+02
2218 -3.58000e+02
2306 -3.57000e+02
2432 -3.56000e+02
2507 -3.55000e+02
2533 -3.54000e+02
2734 -3.53000e+02
2789 -3.52000e+02
2904 -3.51000e+02
3038 -3.50000e+02
3162 -3.49000e+02
3303 -3.48000e+02
3446 -3.47000e+02
3559 -3.46000e+02
3613 -3.45000e+02
3686 -3.44000e+02
3771 -3.43000e+02
3828 -3.42000e+02
3925 -3.40000e+02
4018 -3.39000e+02
4143 -3.38000e+02
4223 -3.37000e+02
4349 -3.36000e+02
4444 -3.35000e+02
4536 -3.34000e+02
4586 -3.33000e+02
4692 -3.32000e+02
4804 -3.31000e+02
4840 -3.30000e+02
4868 -3.29000e+02
4956 -3.28000e+02
5074 -3.27000e+02
5113 -3.26000e+02
5239 -3.25000e+02
5381 -3.24000e+02
5498 -3.23000e+02
5591 -3.22000e+02
5748 -3.21000e+02
5836 -3.20000e+02
6168 -3.19000e+02
6237 -3.18000e+02
6246 -3.17000e+02
6295 -3.16000e+02
6432 -3.15000e+02
6554 -3.14000e+02
6609 -3.13000e+02
6628 -3.12000e+02
6701 -3.11000e+02
6808 -3.10000e+02
6848 -3.09000e+02
6949 -3.08000e+02
7073 -3.07000e+02
7090 -3.06000e+02
7178 -3.05000e+02
7236 -3.04000e+02
7287 -3.03000e+02
7469 -3.02000e+02
7540 -3.01000e+02
7590 -3.00000e+02
7678 -2.99000e+02
7733 -2.98000e+02
7802 -2.97000e+02
7859 -2.96000e+02
7949 -2.95000e+02
8138 -2.94000e+02
8309 -2.93000e+02
8334 -2.92000e+02
8475 -2.91000e+02
8575 -2.90000e+02
8677 -2.89000e+02
8770 -2.88000e+02
8918 -2.87000e+02
9049 -2.86000e+02
9160 -2.85000e+02
9183 -2.84000e+02
9280 -2.83000e+02
9398 -2.82000e+02
9484 -2.81000e+02
9576 -2.80000e+02
9599 -2.79000e+02
9659 -2.78000e+02
9792 -2.76000e+02
9835 -2.75000e+02
9928 -2.74000e+02
9951 -2.74000e+02
"function evaluation" "best-so-far f(x)"
1 -3.83000e+02
13 -3.82000e+02
97 -3.81000e+02
181 -3.80000e+02
255 -3.79000e+02
283 -3.78000e+02
300 -3.77000e+02
387 -3.76000e+02
450 -3.75000e+02
566 -3.74000e+02
579 -3.73000e+02
603 -3.72000e+02
648 -3.71000e+02
767 -3.70000e+02
889 -3.69000e+02
901 -3.68000e+02
978 -3.67000e+02
1051 -3.66000e+02
1115 -3.65000e+02
1207 -3.64000e+02
1293 -3.63000e+02
1439 -3.62000e+02
1449 -3.61000e+02
1505 -3.60000e+02
1601 -3.59000e+02
1622 -3.58000e+02
1735 -3.56000e+02
1841 -3.55000e+02
1949 -3.54000e+02
1994 -3.53000e+02
2052 -3.52000e+02
2154 -3.51000e+02
2186 -3.50000e+02
2257 -3.49000e+02
2287 -3.48000e+02
2434 -3.47000e+02
2456 -3.46000e+02
2627 -3.45000e+02
2699 -3.44000e+02
2884 -3.43000e+02
2969 -3.42000e+02
3051 -3.41000e+02
3117 -3.40000e+02
3293 -3.39000e+02
3335 -3.38000e+02
3504 -3.37000e+02
3554 -3.36000e+02
3711 -3.35000e+02
3878 -3.34000e+02
3907 -3.33000e+02
3932 -3.32000e+02
4074 -3.31000e+02
4160 -3.30000e+02
4318 -3.29000e+02
4432 -3.28000e+02
4497 -3.27000e+02
4638 -3.26000e+02
4663 -3.25000e+02
4778 -3.24000e+02
4858 -3.23000e+02
4968 -3.22000e+02
5113 -3.21000e+02
5254 -3.20000e+02
5319 -3.19000e+02
5382 -3.18000e+02
5397 -3.17000e+02
5407 -3.16000e+02
5474 -3.15000e+02
5592 -3.14000e+02
5646 -3.13000e+02
5837 -3.12000e+02
5909 -3.11000e+02
5972 -3.10000e+02
6097 -3.09000e+02
6160 -3.08000e+02
6236 -3.07000e+02
6298 -3.06000e+02
6438 -3.05000e+02
6495 -3.04000e+02
6547 -3.03000e+02
6559 -3.02000e+02
6762 -3.01000e+02
6894 -3.00000e+02
6995 -2.99000e+02
7115 -2.98000e+02
7175 -2.97000e+02
7319 -2.96000e+02
7532 -2.95000e+02
7557 -2.94000e+02
7856 -2.93000e+02
7871 -2.92000e+02
8082 -2.91000e+02
8186 -2.90000e+02
8340 -2.89000e+02
8556 -2.88000e+02
8675 -2.87000e+02
8685 -2.86000e+02
8802 -2.85000e+02
8893 -2.84000e+02
8945 -2.83000e+02
9098 -2.82000e+02
9289 -2.81000e+02
9455 -2.80000e+02
9466 -2.79000e+02
9590 -2.78000e+02
9726 -2.77000e+02
9801 -2.76000e+02
9916 -2.75000e+02
9951 -2.75000e+02
"function evaluation" "best-so-far f(x)"
1 -3.83000e+02
70 -3.82000e+02
113 -3.81000e+02
198 -3.80000e+02
299 -3.79000e+02
339 -3.78000e+02
441 -3.77000e+02
493 -3.76000e+02
529 -3.75000e+02
556 -3.74000e+02
640 -3.73000e+02
710 -3.72000e+02
756 -3.71000e+02
921 -3.70000e+02
1076 -3.69000e+02
1259 -3.68000e+02
1396 -3.67000e+02
1446 -3.66000e+02
1481 -3.65000e+02
1601 -3.64000e+02
1627 -3.63000e+02
1669 -3.62000e+02
1757 -3.61000e+02
1829 -3.60000e+02
1831 -3.59000e+02
1882 -3.58000e+02
2019 -3.57000e+02
2092 -3.55000e+02
2150 -3.54000e+02
2317 -3.53000e+02
2379 -3.52000e+02
2461 -3.51000e+02
2605 -3.50000e+02
2694 -3.49000e+02
2790 -3.48000e+02
2967 -3.47000e+02
2985 -3.46000e+02
3030 -3.45000e+02
3077 -3.44000e+02
3083 -3.43000e+02
3213 -3.42000e+02
3222 -3.41000e+02
3319 -3.40000e+02
3466 -3.39000e+02
3486 -3.38000e+02
3507 -3.37000e+02
3536 -3.36000e+02
3593 -3.35000e+02
3623 -3.34000e+02
3729 -3.33000e+02
3805 -3.32000e+02
3914 -3.31000e+02
3974 -3.30000e+02
4066 -3.29000e+02
4092 -3.28000e+02
4234 -3.27000e+02
4355 -3.26000e+02
4523 -3.25000e+02
4585 -3.24000e+02
4603 -3.23000e+02
4653 -3.22000e+02
4692 -3.21000e+02
4746 -3.20000e+02
4851 -3.19000e+02
5012 -3.18000e+02
5048 -3.17000e+02
5132 -3.16000e+02
5207 -3.15000e+02
5213 -3.14000e+02
5226 -3.13000e+02
5381 -3.12000e+02
5433 -3.11000e+02
5534 -3.10000e+02
5715 -3.09000e+02
5868 -3.08000e+02
5971 -3.07000e+02
5988 -3.06000e+02
6058 -3.05000e+02
6120 -3.04000e+02
6158 -3.03000e+02
6230 -3.02000e+02
6338 -3.01000e+02
6354 -3.00000e+02
6424 -2.99000e+02
6538 -2.98000e+02
6654 -2.97000e+02
6702 -2.96000e+02
6768 -2.95000e+02
6883 -2.94000e+02
6964 -2.93000e+02
7069 -2.92000e+02
7178 -2.91000e+02
7262 -2.90000e+02
7280 -2.89000e+02
7388 -2.88000e+02
7413 -2.87000e+02
7551 -2.86000e+02
7700 -2.85000e+02
7801 -2.84000e+02
7942 -2.83000e+02
7979 -2.82000e+02
7988 -2.81000e+02
8030 -2.80000e+02
8178 -2.79000e+02
8209 -2.78000e+02
8235 -2.77000e+02
8394 -2.76000e+02
8425 -2.75000e+02
8624 -2.74000e+02
8743 -2.73000e+02
8863 -2.72000e+02
8983 -2.71000e+02
9075 -2.70000e+02
9172 -2.69000e+02
9329 -2.68000e+02
9346 -2.67000e+02
9478 -2.66000e+02
9489 -2.65000e+02
9592 -2.64000e+02
9621 -2.63000e+02
9693 -2.62000e+02
9784 -2.61000e+02
9942 -2.60000e+02
9951 -2.60000e+02
"function evaluation" "best-so-far f(x)"
1 -3.83000e+02
46 -3.82000e+02
94 -3.81000e+02
139 -3.80000e+02
231 -3.79000e+02
325 -3.78000e+02
382 -3.77000e+02
436 -3.76000e+02
440 -3.75000e+02
516 -3.74000e+02
570 -3.73000e+02
678 -3.72000e+02
766 -3.71000e+02
806 -3.70000e+02
858 -3.69000e+02
1013 -3.68000e+02
1078 -3.67000e+02
1181 -3.66000e+02
1405 -3.65000e+02
1506 -3.63000e+02
1514 -3.62000e+02
1627 -3.61000e+02
1634 -3.60000e+02
1656 -3.59000e+02
1701 -3.58000e+02
1801 -3.57000e+02
1864 -3.56000e+02
1929 -3.55000e+02
2074 -3.54000e+02
2170 -3.53000e+02
2244 -3.52000e+02
2429 -3.51000e+02
2504 -3.50000e+02
2616 -3.49000e+02
2682 -3.48000e+02
2688 -3.47000e+02
2994 -3.46000e+02
3100 -3.45000e+02
3114 -3.44000e+02
3249 -3.43000e+02
3334 -3.42000e+02
3417 -3.41000e+02
3516 -3.40000e+02
3601 -3.39000e+02
3702 -3.38000e+02
3828 -3.37000e+02
3950 -3.36000e+02
4053 -3.35000e+02
4226 -3.34000e+02
4399 -3.33000e+02
4488 -3.32000e+02
4610 -3.31000e+02
4658 -3.30000e+02
4743 -3.29000e+02
4878 -3.28000e+02
5014 -3.27000e+02
5167 -3.26000e+02
5205 -3.25000e+02
5320 -3.24000e+02
5360 -3.23000e+02
5447 -3.22000e+02
5516 -3.21000e+02
5535 -3.20000e+02
5579 -3.19000e+02
5671 -3.18000e+02
5732 -3.17000e+02
5811 -3.16000e+02
5919 -3.15000e+02
5970 -3.14000e+02
6007 -3.13000e+02
6140 -3.12000e+02
6142 -3.11000e+02
6245 -3.10000e+02
6354 -3.09000e+02
6396 -3.08000e+02
6436 -3.07000e+02
6447 -3.06000e+02
6551 -3.05000e+02
6639 -3.04000e+02
6804 -3.03000e+02
6929 -3.02000e+02
6999 -3.01000e+02
7115 -3.00000e+02
7199 -2.99000e+02
7310 -2.98000e+02
7489 -2.97000e+02
7583 -2.96000e+02
7669 -2.95000e+02
7820 -2.94000e+02
7848 -2.93000e+02
8061 -2.92000e+02
8125 -2.91000e+02
8178 -2.90000e+02
8244 -2.89000e+02
8350 -2.88000e+02
8418 -2.87000e+02
8470 -2.86000e+02
8691 -2.85000e+02
8783 -2.84000e+02
8850 -2.83000e+02
9067 -2.82000e+02
9077 -2.81000e+02
9146 -2.80000e+02
9185 -2.79000e+02
9198 -2.78000e+02
9303 -2.76000e+02
9482 -2.75000e+02
9601 -2.74000e+02
9604 -2.73000e+02
9687 -2.72000e+02
9766 -2.71000e+02
9861 -2.70000e+02
9951 -2.70000e+02
"function evaluation" "best-so-far f(x)"
1 -3.83000e+02
233 -3.82000e+02
389 -3.80000e+02
481 -3.79000e+02
577 -3.78000e+02
678 -3.77000e+02
687 -3.76000e+02
737 -3.75000e+02
774 -3.74000e+02
796 -3.73000e+02
1034 -3.72000e+02
1132 -3.71000e+02
1232 -3.70000e+02
1293 -3.69000e+02
1337 -3.68000e+02
1380 -3.67000e+02
1387 -3.66000e+02
1508 -3.65000e+02
1626 -3.64000e+02
1639 -3.63000e+02
1872 -3.62000e+02
1887 -3.61000e+02
1993 -3.60000e+02
2133 -3.59000e+02
2174 -3.58000e+02
2275 -3.57000e+02
2365 -3.56000e+02
2384 -3.55000e+02
2415 -3.54000e+02
2498 -3.53000e+02
2626 -3.52000e+02
2724 -3.51000e+02
2785 -3.50000e+02
2874 -3.49000e+02
2978 -3.48000e+02
3047 -3.47000e+02
3155 -3.46000e+02
3201 -3.45000e+02
3402 -3.44000e+02
3588 -3.43000e+02
3735 -3.42000e+02
3803 -3.41000e+02
3870 -3.40000e+02
3874 -3.39000e+02
4009 -3.38000e+02
4079 -3.37000e+02
4118 -3.36000e+02
4209 -3.35000e+02
4295 -3.34000e+02
4326 -3.33000e+02
4445 -3.32000e+02
4476 -3.31000e+02
4590 -3.30000e+02
4696 -3.29000e+02
4861 -3.28000e+02
5008 -3.27000e+02
5110 -3.26000e+02
5189 -3.25000e+02
5345 -3.24000e+02
5407 -3.23000e+02
5520 -3.21000e+02
5550 -3.20000e+02
5743 -3.19000e+02
5914 -3.18000e+02
5983 -3.17000e+02
6086 -3.16000e+02
6123 -3.14000e+02
6271 -3.13000e+02
6425 -3.12000e+02
6549 -3.11000e+02
6675 -3.10000e+02
6825 -3.09000e+02
6992 -3.08000e+02
7083 -3.07000e+02
7231 -3.06000e+02
7289 -3.05000e+02
7337 -3.04000e+02
7385 -3.03000e+02
7533 -3.02000e+02
7566 -3.01000e+02
7669 -3.00000e+02
7882 -2.99000e+02
8112 -2.98000e+02
8176 -2.97000e+02
8264 -2.96000e+02
8380 -2.95000e+02
8402 -2.94000e+02
8543 -2.93000e+02
8646 -2.92000e+02
8651 -2.91000e+02
8694 -2.90000e+02
8843 -2.89000e+02
8961 -2.88000e+02
9029 -2.87000e+02
9154 -2.86000e+02
9169 -2.85000e+02
9214 -2.84000e+02
9352 -2.83000e+02
9366 -2.82000e+02
9484 -2.81000e+02
9602 -2.80000e+02
9725 -2.79000e+02
9951 -2.79000e+02
"function evaluation" "best-so-far f(x)"
1 -3.83000e+02
12 -3.82000e+02
93 -3.81000e+02
137 -3.80000e+02
247 -3.79000e+02
319 -3.78000e+02
369 -3.77000e+02
391 -3.76000e+02
491 -3.75000e+02
541 -3.74000e+02
594 -3.73000e+02
678 -3.72000e+02
705 -3.71000e+02
850 -3.70000e+02
905 -3.69000e+02
938 -3.68000e+02
1045 -3.67000e+02
1143 -3.66000e+02
1251 -3.65000e+02
1335 -3.64000e+02
1400 -3.63000e+02
1468 -3.62000e+02
1571 -3.61000e+02
1586 -3.60000e+02
1718 -3.59000e+02
1745 -3.58000e+02
1895 -3.57000e+02
1963 -3.56000e+02
2065 -3.55000e+02
2148 -3.54000e+02
2242 -3.53000e+02
2337 -3.52000e+02
2395 -3.51000e+02
2495 -3.50000e+02
2613 -3.49000e+02
2671 -3.48000e+02
2749 -3.47000e+02
2914 -3.46000e+02
3008 -3.45000e+02
3074 -3.44000e+02
3100 -3.43000e+02
3139 -3.42000e+02
3188 -3.41000e+02
3283 -3.40000e+02
3328 -3.39000e+02
3466 -3.38000e+02
3595 -3.37000e+02
3673 -3.36000e+02
3703 -3.35000e+02
3768 -3.34000e+02
3780 -3.33000e+02
3937 -3.32000e+02
4026 -3.31000e+02
4177 -3.30000e+02
4287 -3.29000e+02
4340 -3.28000e+02
4404 -3.27000e+02
4449 -3.26000e+02
4555 -3.25000e+02
4581 -3.24000e+02
4620 -3.23000e+02
4739 -3.22000e+02
4788 -3.21000e+02
4867 -3.20000e+02
4945 -3.19000e+02
4956 -3.18000e+02
5124 -3.17000e+02
5254 -3.16000e+02
5364 -3.15000e+02
5430 -3.14000e+02
5541 -3.13000e+02
5644 -3.12000e+02
5701 -3.11000e+02
5816 -3.10000e+02
5887 -3.09000e+02
6015 -3.08000e+02
6026 -3.07000e+02
6125 -3.06000e+02
6204 -3.05000e+02
6371 -3.04000e+02
6437 -3.03000e+02
6564 -3.02000e+02
6775 -3.01000e+02
6821 -3.00000e+02
6886 -2.99000e+02
6951 -2.98000e+02
7031 -2.97000e+02
7108 -2.96000e+02
7235 -2.95000e+02
7333 -2.94000e+02
7547 -2.93000e+02
7580 -2.92000e+02
7681 -2.91000e+02
7707 -2.90000e+02
7848 -2.89000e+02
7977 -2.88000e+02
8061 -2.87000e+02
8207 -2.86000e+02
8232 -2.85000e+02
8370 -2.84000e+02
8440 -2.83000e+02
8496 -2.82000e+02
8607 -2.81000e+02
8709 -2.80000e+02
8776 -2.78000e+02
8800 -2.77000e+02
8861 -2.76000e+02
8910 -2.75000e+02
9023 -2.74000e+02
9215 -2.73000e+02
9288 -2.72000e+02
9430 -2.71000e+02
9574 -2.70000e+02
9652 -2.69000e+02
9695 -2.68000e+02
9874 -2.67000e+02
9951 -2.67000e+02
