"function evaluation" "best-so-far f(x)"
1 -3.83000e+02
47 -3.82000e+02
143 -3.81000e+02
217 -3.80000e+02
300 -3.79000e+02
373 -3.78000e+02
444 -3.77000e+02
498 -3.76000e+02
716 -3.75000e+02
816 -3.74000e+02
873 -3.73000e+02
890 -3.72000e+02
972 -3.71000e+02
1073 -3.70000e+02
1124 -3.69000e+02
1199 -3.68000e+02
1281 -3.67000e+02
1302 -3.66000e+02
1428 -3.65000e+02
1666 -3.64000e+02
1754 -3.63000e+02
1845 -3.62000e+02
1953 -3.61000e+02
1990 -3.60000e+02
2014 -3.59000e+02
2198 -3.58000e+02
2310 -3.57000e+02
2328 -3.56000e+02
2408 -3.55000e+02
2494 -3.54000e+02
2497 -3.53000e+02
2695 -3.52000e+02
2717 -3.51000e+02
2931 -3.50000e+02
2982 -3.49000e+02
3083 -3.48000e+02
3231 -3.47000e+02
3298 -3.46000e+02
3388 -3.45000e+02
3489 -3.44000e+02
3659 -3.43000e+02
3819 -3.42000e+02
3975 -3.41000e+02
4083 -3.40000e+02
4246 -3.39000e+02
4339 -3.37000e+02
4477 -3.36000e+02
4661 -3.35000e+02
4708 -3.34000e+02
4781 -3.33000e+02
4882 -3.31000e+02
5093 -3.30000e+02
5128 -3.29000e+02
5399 -3.28000e+02
5526 -3.27000e+02
5591 -3.26000e+02
5683 -3.25000e+02
5718 -3.24000e+02
5989 -3.23000e+02
6046 -3.22000e+02
6112 -3.21000e+02
6190 -3.20000e+02
6258 -3.19000e+02
6391 -3.18000e+02
6533 -3.17000e+02
6603 -3.16000e+02
6686 -3.15000e+02
6747 -3.14000e+02
6852 -3.13000e+02
6893 -3.12000e+02
6998 -3.11000e+02
7021 -3.10000e+02
7113 -3.08000e+02
7354 -3.07000e+02
7473 -3.06000e+02
7590 -3.04000e+02
7770 -3.03000e+02
7843 -3.02000e+02
8015 -3.01000e+02
8082 -3.00000e+02
8101 -2.99000e+02
8120 -2.98000e+02
8250 -2.97000e+02
8403 -2.96000e+02
8465 -2.95000e+02
8623 -2.94000e+02
8737 -2.93000e+02
8828 -2.92000e+02
8866 -2.91000e+02
9018 -2.90000e+02
9129 -2.89000e+02
9234 -2.88000e+02
9255 -2.87000e+02
9428 -2.86000e+02
9509 -2.85000e+02
9642 -2.84000e+02
9905 -2.83000e+02
9951 -2.83000e+02
"function evaluation" "best-so-far f(x)"
1 -3.83000e+02
19 -3.82000e+02
90 -3.81000e+02
120 -3.80000e+02
184 -3.79000e+02
259 -3.78000e+02
335 -3.77000e+02
448 -3.76000e+02
591 -3.75000e+02
661 -3.74000e+02
689 -3.73000e+02
779 -3.72000e+02
782 -3.71000e+02
834 -3.70000e+02
999 -3.69000e+02
1048 -3.68000e+02
1122 -3.67000e+02
1177 -3.66000e+02
1318 -3.65000e+02
1424 -3.64000e+02
1578 -3.63000e+02
1698 -3.62000e+02
1790 -3.60000e+02
1873 -3.59000e+02
1874 -3.58000e+02
1929 -3.57000e+02
1941 -3.56000e+02
2111 -3.55000e+02
2124 -3.54000e+02
2294 -3.53000e+02
2406 -3.52000e+02
2454 -3.51000e+02
2528 -3.50000e+02
2641 -3.49000e+02
2783 -3.48000e+02
2821 -3.47000e+02
2889 -3.46000e+02
2930 -3.45000e+02
2979 -3.44000e+02
3054 -3.43000e+02
3311 -3.42000e+02
3436 -3.41000e+02
3635 -3.40000e+02
3869 -3.39000e+02
3990 -3.38000e+02
4083 -3.37000e+02
4214 -3.36000e+02
4264 -3.35000e+02
4317 -3.34000e+02
4540 -3.33000e+02
4601 -3.32000e+02
4675 -3.31000e+02
4781 -3.30000e+02
4900 -3.29000e+02
5066 -3.28000e+02
5169 -3.27000e+02
5176 -3.26000e+02
5393 -3.25000e+02
5453 -3.24000e+02
5468 -3.22000e+02
5475 -3.21000e+02
5589 -3.20000e+02
5629 -3.19000e+02
5704 -3.18000e+02
5839 -3.17000e+02
6136 -3.16000e+02
6218 -3.15000e+02
6222 -3.14000e+02
6290 -3.13000e+02
6522 -3.12000e+02
6626 -3.11000e+02
6844 -3.10000e+02
6888 -3.09000e+02
6950 -3.08000e+02
6956 -3.07000e+02
6999 -3.06000e+02
7134 -3.05000e+02
7276 -3.04000e+02
7432 -3.03000e+02
7483 -3.02000e+02
7606 -3.01000e+02
7634 -3.00000e+02
7885 -2.99000e+02
7975 -2.98000e+02
8072 -2.97000e+02
8174 -2.96000e+02
8293 -2.95000e+02
8407 -2.94000e+02
8451 -2.93000e+02
8606 -2.92000e+02
8711 -2.91000e+02
8781 -2.89000e+02
8914 -2.88000e+02
9009 -2.87000e+02
9207 -2.86000e+02
9543 -2.85000e+02
9724 -2.84000e+02
9855 -2.83000e+02
9951 -2.83000e+02
"function evaluation" "best-so-far f(x)"
1 -3.83000e+02
12 -3.81000e+02
91 -3.80000e+02
242 -3.79000e+02
352 -3.78000e+02
413 -3.77000e+02
546 -3.76000e+02
601 -3.74000e+02
777 -3.73000e+02
816 -3.72000e+02
825 -3.71000e+02
889 -3.70000e+02
981 -3.69000e+02
1259 -3.68000e+02
1398 -3.67000e+02
1405 -3.66000e+02
1483 -3.65000e+02
1569 -3.64000e+02
1583 -3.63000e+02
1738 -3.62000e+02
1823 -3.61000e+02
1951 -3.60000e+02
2092 -3.59000e+02
2225 -3.58000e+02
2326 -3.57000e+02
2391 -3.56000e+02
2578 -3.55000e+02
2694 -3.54000e+02
2746 -3.53000e+02
2856 -3.52000e+02
2900 -3.51000e+02
3016 -3.50000e+02
3072 -3.49000e+02
3095 -3.48000e+02
3145 -3.47000e+02
3353 -3.46000e+02
3423 -3.45000e+02
3589 -3.44000e+02
3635 -3.43000e+02
3734 -3.42000e+02
3764 -3.41000e+02
3823 -3.40000e+02
3901 -3.39000e+02
4032 -3.38000e+02
4246 -3.37000e+02
4379 -3.36000e+02
4400 -3.35000e+02
4460 -3.34000e+02
4583 -3.33000e+02
4586 -3.32000e+02
4701 -3.31000e+02
4800 -3.30000e+02
4815 -3.29000e+02
4886 -3.28000e+02
4970 -3.27000e+02
5142 -3.26000e+02
5173 -3.24000e+02
5376 -3.22000e+02
5493 -3.21000e+02
5617 -3.20000e+02
5652 -3.19000e+02
5900 -3.18000e+02
5902 -3.17000e+02
6001 -3.16000e+02
6318 -3.15000e+02
6329 -3.14000e+02
6425 -3.13000e+02
6474 -3.12000e+02
6499 -3.11000e+02
6591 -3.10000e+02
6685 -3.09000e+02
6790 -3.08000e+02
6847 -3.07000e+02
6904 -3.06000e+02
7012 -3.05000e+02
7171 -3.04000e+02
7223 -3.03000e+02
7267 -3.02000e+02
7489 -3.01000e+02
7615 -3.00000e+02
7692 -2.99000e+02
7798 -2.98000e+02
7819 -2.97000e+02
7911 -2.96000e+02
7972 -2.95000e+02
8032 -2.94000e+02
8102 -2.93000e+02
8203 -2.91000e+02
8464 -2.90000e+02
8475 -2.89000e+02
8612 -2.88000e+02
8738 -2.87000e+02
8760 -2.86000e+02
8852 -2.85000e+02
8977 -2.84000e+02
9137 -2.83000e+02
9229 -2.82000e+02
9314 -2.81000e+02
9322 -2.80000e+02
9381 -2.78000e+02
9529 -2.77000e+02
9682 -2.76000e+02
9796 -2.74000e+02
9831 -2.73000e+02
9951 -2.73000e+02
"function evaluation" "best-so-far f(x)"
1 -3.83000e+02
35 -3.82000e+02
110 -3.81000e+02
145 -3.80000e+02
199 -3.79000e+02
324 -3.78000e+02
406 -3.77000e+02
448 -3.76000e+02
479 -3.75000e+02
629 -3.74000e+02
837 -3.73000e+02
888 -3.72000e+02
968 -3.71000e+02
1052 -3.69000e+02
1115 -3.68000e+02
1242 -3.67000e+02
1304 -3.66000e+02
1377 -3.65000e+02
1433 -3.64000e+02
1560 -3.63000e+02
1631 -3.61000e+02
1782 -3.60000e+02
1881 -3.59000e+02
1952 -3.58000e+02
2023 -3.56000e+02
2186 -3.55000e+02
2285 -3.54000e+02
2447 -3.53000e+02
2584 -3.52000e+02
2631 -3.51000e+02
2748 -3.50000e+02
2848 -3.49000e+02
2897 -3.48000e+02
2904 -3.47000e+02
2963 -3.46000e+02
3033 -3.45000e+02
3130 -3.44000e+02
3316 -3.43000e+02
3388 -3.42000e+02
3438 -3.41000e+02
3512 -3.40000e+02
3665 -3.39000e+02
3740 -3.38000e+02
3918 -3.37000e+02
3922 -3.36000e+02
4026 -3.35000e+02
4137 -3.34000e+02
4209 -3.33000e+02
4347 -3.32000e+02
4389 -3.31000e+02
4468 -3.30000e+02
4729 -3.29000e+02
4970 -3.28000e+02
4997 -3.27000e+02
5096 -3.26000e+02
5179 -3.25000e+02
5253 -3.24000e+02
5271 -3.22000e+02
5382 -3.21000e+02
5538 -3.20000e+02
5571 -3.19000e+02
5730 -3.18000e+02
5813 -3.17000e+02
5875 -3.16000e+02
6005 -3.15000e+02
6029 -3.14000e+02
6199 -3.13000e+02
6270 -3.12000e+02
6410 -3.11000e+02
6477 -3.10000e+02
6568 -3.09000e+02
6581 -3.08000e+02
6751 -3.07000e+02
6807 -3.06000e+02
6880 -3.05000e+02
6994 -3.03000e+02
7194 -3.02000e+02
7287 -3.01000e+02
7469 -3.00000e+02
7500 -2.99000e+02
7532 -2.98000e+02
7636 -2.97000e+02
7889 -2.96000e+02
8014 -2.94000e+02
8022 -2.93000e+02
8113 -2.92000e+02
8164 -2.91000e+02
8225 -2.90000e+02
8428 -2.89000e+02
8542 -2.88000e+02
8723 -2.87000e+02
8797 -2.86000e+02
8824 -2.85000e+02
8960 -2.84000e+02
9105 -2.83000e+02
9153 -2.82000e+02
9273 -2.81000e+02
9485 -2.80000e+02
9608 -2.79000e+02
9819 -2.78000e+02
9951 -2.78000e+02
"function evaluation" "best-so-far f(x)"
1 -3.83000e+02
42 -3.82000e+02
169 -3.81000e+02
230 -3.80000e+02
344 -3.79000e+02
552 -3.78000e+02
656 -3.77000e+02
818 -3.76000e+02
864 -3.75000e+02
894 -3.74000e+02
963 -3.73000e+02
1155 -3.72000e+02
1216 -3.71000e+02
1294 -3.70000e+02
1413 -3.69000e+02
1484 -3.68000e+02
1531 -3.67000e+02
1618 -3.66000e+02
1669 -3.65000e+02
1855 -3.64000e+02
1944 -3.63000e+02
2070 -3.62000e+02
2177 -3.61000e+02
2260 -3.60000e+02
2312 -3.59000e+02
2370 -3.57000e+02
2542 -3.56000e+02
2668 -3.55000e+02
2789 -3.54000e+02
2961 -3.53000e+02
3032 -3.52000e+02
3074 -3.51000e+02
3171 -3.50000e+02
3202 -3.49000e+02
3413 -3.48000e+02
3543 -3.46000e+02
3614 -3.45000e+02
3745 -3.44000e+02
3794 -3.42000e+02
3892 -3.41000e+02
3932 -3.40000e+02
4016 -3.39000e+02
4082 -3.38000e+02
4156 -3.37000e+02
4219 -3.36000e+02
4286 -3.35000e+02
4295 -3.33000e+02
4366 -3.32000e+02
4390 -3.31000e+02
4507 -3.30000e+02
4514 -3.29000e+02
4581 -3.28000e+02
4726 -3.27000e+02
4878 -3.26000e+02
4974 -3.25000e+02
5006 -3.24000e+02
5147 -3.23000e+02
5245 -3.22000e+02
5377 -3.21000e+02
5492 -3.20000e+02
5649 -3.19000e+02
5694 -3.18000e+02
5909 -3.17000e+02
5938 -3.16000e+02
6029 -3.15000e+02
6171 -3.14000e+02
6268 -3.13000e+02
6270 -3.12000e+02
6516 -3.11000e+02
6560 -3.10000e+02
6717 -3.09000e+02
6812 -3.08000e+02
6915 -3.07000e+02
6990 -3.06000e+02
7023 -3.05000e+02
7175 -3.04000e+02
7472 -3.03000e+02
7555 -3.02000e+02
7664 -3.01000e+02
7810 -3.00000e+02
7869 -2.99000e+02
8020 -2.98000e+02
8052 -2.97000e+02
8269 -2.96000e+02
8273 -2.95000e+02
8428 -2.94000e+02
8665 -2.93000e+02
8711 -2.92000e+02
8724 -2.91000e+02
8837 -2.90000e+02
8887 -2.89000e+02
8972 -2.88000e+02
9106 -2.87000e+02
9217 -2.86000e+02
9367 -2.85000e+02
9401 -2.84000e+02
9479 -2.83000e+02
9668 -2.82000e+02
9691 -2.81000e+02
9755 -2.80000e+02
9948 -2.79000e+02
9951 -2.79000e+02
"function evaluation" "best-so-far f(x)"
1 -3.83000e+02
28 -3.82000e+02
39 -3.81000e+02
47 -3.80000e+02
258 -3.79000e+02
273 -3.78000e+02
453 -3.77000e+02
650 -3.76000e+02
769 -3.75000e+02
798 -3.74000e+02
865 -3.73000e+02
1057 -3.72000e+02
1131 -3.71000e+02
1296 -3.70000e+02
1373 -3.69000e+02
1445 -3.68000e+02
1458 -3.67000e+02
1600 -3.66000e+02
1654 -3.65000e+02
1722 -3.64000e+02
1811 -3.63000e+02
1838 -3.62000e+02
1947 -3.61000e+02
1957 -3.60000e+02
2083 -3.59000e+02
2178 -3.58000e+02
2317 -3.57000e+02
2404 -3.56000e+02
2511 -3.55000e+02
2532 -3.53000e+02
2658 -3.52000e+02
2699 -3.51000e+02
2766 -3.50000e+02
2894 -3.49000e+02
2961 -3.48000e+02
3155 -3.47000e+02
3204 -3.46000e+02
3348 -3.45000e+02
3439 -3.44000e+02
3502 -3.43000e+02
3576 -3.42000e+02
3601 -3.41000e+02
3698 -3.40000e+02
3778 -3.39000e+02
3853 -3.38000e+02
3922 -3.37000e+02
4012 -3.36000e+02
4027 -3.35000e+02
4224 -3.34000e+02
4314 -3.33000e+02
4363 -3.32000e+02
4487 -3.31000e+02
4627 -3.30000e+02
4700 -3.29000e+02
4770 -3.28000e+02
4937 -3.27000e+02
5050 -3.26000e+02
5114 -3.25000e+02
5291 -3.24000e+02
5354 -3.23000e+02
5383 -3.22000e+02
5549 -3.21000e+02
5689 -3.20000e+02
5732 -3.19000e+02
5910 -3.18000e+02
6072 -3.17000e+02
6216 -3.15000e+02
6335 -3.13000e+02
6357 -3.12000e+02
6543 -3.11000e+02
6613 -3.10000e+02
6704 -3.09000e+02
6798 -3.08000e+02
6820 -3.07000e+02
6888 -3.06000e+02
7026 -3.05000e+02
7076 -3.04000e+02
7232 -3.03000e+02
7344 -3.02000e+02
7464 -3.00000e+02
7497 -2.99000e+02
7562 -2.98000e+02
7748 -2.97000e+02
7862 -2.96000e+02
7972 -2.94000e+02
8145 -2.93000e+02
8265 -2.92000e+02
8632 -2.91000e+02
8773 -2.90000e+02
8815 -2.89000e+02
9009 -2.88000e+02
9025 -2.87000e+02
9280 -2.86000e+02
9360 -2.84000e+02
9460 -2.83000e+02
9538 -2.82000e+02
9549 -2.81000e+02
9669 -2.80000e+02
9845 -2.79000e+02
9846 -2.78000e+02
9922 -2.77000e+02
9951 -2.77000e+02
"function evaluation" "best-so-far f(x)"
1 -3.83000e+02
18 -3.82000e+02
134 -3.81000e+02
189 -3.80000e+02
216 -3.79000e+02
275 -3.78000e+02
284 -3.77000e+02
392 -3.76000e+02
416 -3.75000e+02
585 -3.74000e+02
670 -3.73000e+02
834 -3.72000e+02
938 -3.71000e+02
1073 -3.70000e+02
1128 -3.69000e+02
1139 -3.68000e+02
1166 -3.67000e+02
1206 -3.66000e+02
1271 -3.65000e+02
1334 -3.64000e+02
1485 -3.63000e+02
1529 -3.62000e+02
1617 -3.61000e+02
1731 -3.60000e+02
1843 -3.59000e+02
1900 -3.58000e+02
1929 -3.57000e+02
2035 -3.56000e+02
2098 -3.55000e+02
2360 -3.54000e+02
2415 -3.53000e+02
2463 -3.52000e+02
2597 -3.51000e+02
2733 -3.50000e+02
2821 -3.48000e+02
2971 -3.47000e+02
3114 -3.46000e+02
3197 -3.45000e+02
3343 -3.44000e+02
3533 -3.43000e+02
3600 -3.42000e+02
3754 -3.41000e+02
3848 -3.40000e+02
3903 -3.38000e+02
4048 -3.37000e+02
4101 -3.36000e+02
4219 -3.35000e+02
4368 -3.34000e+02
4393 -3.33000e+02
4423 -3.32000e+02
4527 -3.31000e+02
4591 -3.30000e+02
4753 -3.29000e+02
4814 -3.28000e+02
4892 -3.27000e+02
5073 -3.26000e+02
5080 -3.25000e+02
5166 -3.24000e+02
5308 -3.23000e+02
5483 -3.22000e+02
5686 -3.21000e+02
5734 -3.20000e+02
5770 -3.19000e+02
5861 -3.18000e+02
5970 -3.17000e+02
6042 -3.16000e+02
6127 -3.15000e+02
6274 -3.14000e+02
6384 -3.13000e+02
6402 -3.12000e+02
6464 -3.11000e+02
6575 -3.10000e+02
6669 -3.09000e+02
6785 -3.08000e+02
6891 -3.07000e+02
7004 -3.06000e+02
7027 -3.05000e+02
7069 -3.04000e+02
7158 -3.03000e+02
7291 -3.02000e+02
7371 -3.01000e+02
7474 -3.00000e+02
7613 -2.99000e+02
7869 -2.98000e+02
7986 -2.97000e+02
8156 -2.96000e+02
8194 -2.95000e+02
8288 -2.94000e+02
8373 -2.93000e+02
8418 -2.92000e+02
8514 -2.91000e+02
8652 -2.90000e+02
8804 -2.89000e+02
8988 -2.88000e+02
9034 -2.87000e+02
9180 -2.86000e+02
9231 -2.85000e+02
9372 -2.84000e+02
9420 -2.83000e+02
9561 -2.82000e+02
9593 -2.81000e+02
9776 -2.80000e+02
9916 -2.79000e+02
9951 -2.79000e+02
"function evaluation" "best-so-far f(x)"
1 -3.83000e+02
115 -3.82000e+02
166 -3.81000e+02
270 -3.80000e+02
385 -3.79000e+02
502 -3.78000e+02
540 -3.77000e+02
665 -3.76000e+02
806 -3.75000e+02
872 -3.74000e+02
939 -3.73000e+02
1015 -3.72000e+02
1178 -3.71000e+02
1241 -3.70000e+02
1348 -3.69000e+02
1383 -3.68000e+02
1411 -3.67000e+02
1568 -3.66000e+02
1647 -3.65000e+02
1673 -3.64000e+02
1784 -3.63000e+02
1829 -3.62000e+02
1843 -3.61000e+02
1943 -3.59000e+02
2179 -3.58000e+02
2340 -3.57000e+02
2350 -3.56000e+02
2369 -3.55000e+02
2428 -3.54000e+02
2592 -3.53000e+02
2652 -3.52000e+02
2730 -3.51000e+02
2778 -3.50000e+02
2909 -3.49000e+02
2995 -3.48000e+02
3097 -3.47000e+02
3098 -3.46000e+02
3263 -3.45000e+02
3314 -3.44000e+02
3389 -3.43000e+02
3418 -3.42000e+02
3553 -3.41000e+02
3627 -3.40000e+02
3785 -3.39000e+02
3843 -3.38000e+02
3970 -3.37000e+02
4039 -3.36000e+02
4172 -3.35000e+02
4217 -3.34000e+02
4233 -3.33000e+02
4365 -3.32000e+02
4375 -3.30000e+02
4541 -3.29000e+02
4746 -3.28000e+02
4909 -3.27000e+02
4944 -3.24000e+02
4997 -3.23000e+02
5048 -3.22000e+02
5200 -3.21000e+02
5281 -3.20000e+02
5492 -3.19000e+02
5528 -3.18000e+02
5624 -3.17000e+02
5682 -3.16000e+02
5775 -3.15000e+02
6013 -3.14000e+02
6166 -3.13000e+02
6284 -3.12000e+02
6347 -3.11000e+02
6546 -3.10000e+02
6675 -3.09000e+02
6764 -3.08000e+02
6844 -3.07000e+02
6978 -3.06000e+02
7134 -3.05000e+02
7377 -3.04000e+02
7406 -3.03000e+02
7678 -3.02000e+02
7820 -3.01000e+02
7887 -3.00000e+02
7949 -2.99000e+02
8081 -2.98000e+02
8175 -2.97000e+02
8236 -2.96000e+02
8318 -2.95000e+02
8361 -2.94000e+02
8520 -2.93000e+02
8653 -2.92000e+02
8725 -2.91000e+02
8727 -2.89000e+02
8869 -2.88000e+02
8972 -2.87000e+02
9130 -2.86000e+02
9257 -2.85000e+02
9389 -2.84000e+02
9461 -2.83000e+02
9487 -2.82000e+02
9661 -2.81000e+02
9780 -2.80000e+02
9916 -2.79000e+02
9951 -2.79000e+02
"function evaluation" "best-so-far f(x)"
1 -3.83000e+02
13 -3.82000e+02
71 -3.81000e+02
194 -3.80000e+02
282 -3.79000e+02
457 -3.78000e+02
578 -3.77000e+02
633 -3.76000e+02
724 -3.75000e+02
753 -3.74000e+02
756 -3.73000e+02
790 -3.72000e+02
863 -3.71000e+02
893 -3.70000e+02
929 -3.69000e+02
1203 -3.68000e+02
1316 -3.67000e+02
1497 -3.66000e+02
1640 -3.65000e+02
1813 -3.64000e+02
2039 -3.63000e+02
2072 -3.62000e+02
2140 -3.61000e+02
2195 -3.60000e+02
2323 -3.59000e+02
2473 -3.58000e+02
2715 -3.57000e+02
2771 -3.56000e+02
2842 -3.54000e+02
2844 -3.53000e+02
3011 -3.52000e+02
3101 -3.51000e+02
3209 -3.50000e+02
3297 -3.48000e+02
3484 -3.47000e+02
3528 -3.46000e+02
3559 -3.45000e+02
3654 -3.44000e+02
3753 -3.43000e+02
3851 -3.42000e+02
3956 -3.41000e+02
4005 -3.40000e+02
4116 -3.39000e+02
4197 -3.38000e+02
4283 -3.37000e+02
4443 -3.36000e+02
4571 -3.35000e+02
4714 -3.34000e+02
4754 -3.33000e+02
4805 -3.32000e+02
4888 -3.31000e+02
5027 -3.30000e+02
5067 -3.29000e+02
5201 -3.28000e+02
5301 -3.27000e+02
5536 -3.26000e+02
5619 -3.25000e+02
5688 -3.24000e+02
5736 -3.23000e+02
5856 -3.22000e+02
5921 -3.21000e+02
6045 -3.20000e+02
6126 -3.19000e+02
6195 -3.18000e+02
6417 -3.17000e+02
6499 -3.16000e+02
6555 -3.15000e+02
6612 -3.14000e+02
6761 -3.12000e+02
6778 -3.11000e+02
6851 -3.10000e+02
6976 -3.09000e+02
7063 -3.08000e+02
7245 -3.07000e+02
7511 -3.06000e+02
7743 -3.05000e+02
7820 -3.03000e+02
7924 -3.02000e+02
8100 -3.01000e+02
8128 -3.00000e+02
8214 -2.99000e+02
8656 -2.98000e+02
8796 -2.97000e+02
8831 -2.96000e+02
8951 -2.95000e+02
9052 -2.94000e+02
9171 -2.93000e+02
9240 -2.92000e+02
9358 -2.91000e+02
9512 -2.90000e+02
9553 -2.89000e+02
9636 -2.88000e+02
9779 -2.87000e+02
9885 -2.86000e+02
9951 -2.86000e+02
"function evaluation" "best-so-far f(x)"
1 -3.83000e+02
22 -3.82000e+02
27 -3.81000e+02
37 -3.80000e+02
97 -3.79000e+02
141 -3.78000e+02
236 -3.77000e+02
333 -3.76000e+02
466 -3.75000e+02
578 -3.74000e+02
673 -3.73000e+02
756 -3.72000e+02
931 -3.71000e+02
1031 -3.70000e+02
1046 -3.69000e+02
1120 -3.68000e+02
1175 -3.67000e+02
1253 -3.66000e+02
1377 -3.65000e+02
1551 -3.64000e+02
1665 -3.63000e+02
1755 -3.62000e+02
1884 -3.61000e+02
1965 -3.60000e+02
2231 -3.59000e+02
2347 -3.58000e+02
2502 -3.57000e+02
2791 -3.56000e+02
3035 -3.55000e+02
3089 -3.54000e+02
3179 -3.53000e+02
3270 -3.52000e+02
3342 -3.51000e+02
3496 -3.50000e+02
3571 -3.49000e+02
3815 -3.48000e+02
3939 -3.47000e+02
4197 -3.46000e+02
4228 -3.45000e+02
4293 -3.44000e+02
4335 -3.43000e+02
4387 -3.42000e+02
4445 -3.41000e+02
4571 -3.40000e+02
4679 -3.39000e+02
4727 -3.38000e+02
4782 -3.37000e+02
4842 -3.36000e+02
4898 -3.35000e+02
4979 -3.34000e+02
5052 -3.33000e+02
5079 -3.32000e+02
5204 -3.31000e+02
5327 -3.30000e+02
5527 -3.29000e+02
5726 -3.28000e+02
5819 -3.27000e+02
5876 -3.26000e+02
6325 -3.25000e+02
6334 -3.24000e+02
6420 -3.23000e+02
6659 -3.22000e+02
6852 -3.21000e+02
6873 -3.20000e+02
6994 -3.19000e+02
7014 -3.18000e+02
7093 -3.17000e+02
7209 -3.16000e+02
7253 -3.15000e+02
7293 -3.14000e+02
7330 -3.13000e+02
7427 -3.12000e+02
7485 -3.11000e+02
7672 -3.10000e+02
7828 -3.09000e+02
7962 -3.08000e+02
8289 -3.07000e+02
8333 -3.06000e+02
8449 -3.05000e+02
8548 -3.04000e+02
8552 -3.03000e+02
8651 -3.02000e+02
8766 -3.01000e+02
8887 -3.00000e+02
9030 -2.99000e+02
9179 -2.98000e+02
9259 -2.97000e+02
9311 -2.96000e+02
9386 -2.95000e+02
9527 -2.94000e+02
9574 -2.93000e+02
9621 -2.92000e+02
9681 -2.91000e+02
9745 -2.90000e+02
9801 -2.88000e+02
9951 -2.88000e+02
"function evaluation" "best-so-far f(x)"
1 -3.83000e+02
21 -3.81000e+02
152 -3.80000e+02
192 -3.79000e+02
331 -3.78000e+02
358 -3.77000e+02
440 -3.76000e+02
525 -3.75000e+02
599 -3.74000e+02
725 -3.73000e+02
759 -3.72000e+02
861 -3.71000e+02
962 -3.70000e+02
1065 -3.69000e+02
1153 -3.68000e+02
1229 -3.67000e+02
1398 -3.66000e+02
1457 -3.65000e+02
1540 -3.64000e+02
1600 -3.63000e+02
1620 -3.62000e+02
1708 -3.61000e+02
1735 -3.60000e+02
1772 -3.59000e+02
1927 -3.57000e+02
2007 -3.56000e+02
2030 -3.55000e+02
2180 -3.54000e+02
2346 -3.53000e+02
2478 -3.52000e+02
2497 -3.51000e+02
2569 -3.50000e+02
2591 -3.48000e+02
2705 -3.47000e+02
2717 -3.46000e+02
2787 -3.45000e+02
2894 -3.44000e+02
2986 -3.43000e+02
3119 -3.42000e+02
3321 -3.41000e+02
3427 -3.40000e+02
3511 -3.39000e+02
3561 -3.38000e+02
3642 -3.37000e+02
3758 -3.36000e+02
3897 -3.35000e+02
4109 -3.34000e+02
4200 -3.33000e+02
4252 -3.32000e+02
4446 -3.31000e+02
4592 -3.30000e+02
4718 -3.29000e+02
4791 -3.28000e+02
4798 -3.27000e+02
4878 -3.26000e+02
4968 -3.25000e+02
5059 -3.24000e+02
5107 -3.23000e+02
5188 -3.22000e+02
5429 -3.21000e+02
5596 -3.20000e+02
5724 -3.19000e+02
5830 -3.18000e+02
5963 -3.17000e+02
6042 -3.16000e+02
6111 -3.15000e+02
6151 -3.14000e+02
6188 -3.13000e+02
6286 -3.12000e+02
6415 -3.10000e+02
6565 -3.09000e+02
6640 -3.08000e+02
6850 -3.07000e+02
6888 -3.06000e+02
6905 -3.05000e+02
7007 -3.04000e+02
7069 -3.03000e+02
7319 -3.02000e+02
7549 -3.01000e+02
7671 -3.00000e+02
7955 -2.99000e+02
8038 -2.98000e+02
8101 -2.97000e+02
8199 -2.96000e+02
8274 -2.95000e+02
8448 -2.94000e+02
8466 -2.93000e+02
8740 -2.92000e+02
8834 -2.91000e+02
8954 -2.89000e+02
9026 -2.88000e+02
9055 -2.87000e+02
9169 -2.86000e+02
9253 -2.85000e+02
9595 -2.84000e+02
9696 -2.83000e+02
9774 -2.82000e+02
9873 -2.81000e+02
9892 -2.80000e+02
9951 -2.80000e+02
"function evaluation" "best-so-far f(x)"
1 -3.83000e+02
17 -3.82000e+02
40 -3.81000e+02
62 -3.80000e+02
104 -3.79000e+02
142 -3.78000e+02
338 -3.77000e+02
482 -3.76000e+02
535 -3.75000e+02
640 -3.74000e+02
884 -3.73000e+02
1001 -3.72000e+02
1019 -3.71000e+02
1140 -3.70000e+02
1191 -3.69000e+02
1279 -3.68000e+02
1395 -3.67000e+02
1584 -3.66000e+02
1628 -3.65000e+02
1678 -3.64000e+02
1896 -3.63000e+02
2044 -3.62000e+02
2206 -3.61000e+02
2292 -3.60000e+02
2335 -3.59000e+02
2455 -3.58000e+02
2534 -3.57000e+02
2570 -3.55000e+02
2694 -3.54000e+02
2800 -3.53000e+02
2905 -3.52000e+02
3088 -3.51000e+02
3178 -3.50000e+02
3255 -3.49000e+02
3371 -3.48000e+02
3460 -3.47000e+02
3536 -3.46000e+02
3699 -3.45000e+02
3902 -3.44000e+02
3912 -3.42000e+02
3988 -3.41000e+02
4073 -3.40000e+02
4141 -3.39000e+02
4375 -3.38000e+02
4465 -3.37000e+02
4482 -3.36000e+02
4634 -3.35000e+02
4678 -3.34000e+02
4679 -3.33000e+02
4811 -3.32000e+02
4957 -3.31000e+02
5389 -3.30000e+02
5560 -3.29000e+02
5648 -3.28000e+02
5791 -3.27000e+02
5852 -3.26000e+02
5933 -3.25000e+02
6009 -3.24000e+02
6117 -3.23000e+02
6131 -3.22000e+02
6265 -3.21000e+02
6355 -3.20000e+02
6388 -3.19000e+02
6481 -3.18000e+02
6656 -3.17000e+02
6736 -3.16000e+02
6847 -3.15000e+02
6877 -3.14000e+02
6925 -3.13000e+02
6997 -3.12000e+02
7182 -3.11000e+02
7252 -3.10000e+02
7334 -3.09000e+02
7413 -3.08000e+02
7446 -3.07000e+02
7480 -3.06000e+02
7515 -3.05000e+02
7616 -3.04000e+02
7627 -3.03000e+02
7721 -3.02000e+02
7851 -3.01000e+02
7971 -3.00000e+02
8079 -2.99000e+02
8228 -2.98000e+02
8380 -2.97000e+02
8511 -2.96000e+02
8512 -2.95000e+02
8515 -2.94000e+02
8585 -2.93000e+02
8703 -2.92000e+02
8839 -2.91000e+02
8953 -2.90000e+02
9004 -2.89000e+02
9088 -2.88000e+02
9200 -2.87000e+02
9317 -2.86000e+02
9338 -2.85000e+02
9424 -2.84000e+02
9487 -2.83000e+02
9723 -2.82000e+02
9730 -2.81000e+02
9786 -2.80000e+02
9857 -2.79000e+02
9951 -2.79000e+02
"function evaluation" "best-so-far f(x)"
1 -3.83000e+02
6 -3.82000e+02
80 -3.81000e+02
105 -3.79000e+02
237 -3.78000e+02
258 -3.77000e+02
303 -3.76000e+02
440 -3.75000e+02
471 -3.74000e+02
615 -3.73000e+02
685 -3.72000e+02
761 -3.71000e+02
886 -3.70000e+02
909 -3.69000e+02
1020 -3.67000e+02
1025 -3.66000e+02
1168 -3.65000e+02
1230 -3.64000e+02
1358 -3.63000e+02
1536 -3.62000e+02
1569 -3.61000e+02
1635 -3.60000e+02
1699 -3.59000e+02
1840 -3.58000e+02
1916 -3.57000e+02
2070 -3.56000e+02
2255 -3.55000e+02
2475 -3.54000e+02
2545 -3.53000e+02
2611 -3.52000e+02
2756 -3.50000e+02
2906 -3.49000e+02
2966 -3.48000e+02
3122 -3.47000e+02
3212 -3.46000e+02
3323 -3.45000e+02
3333 -3.44000e+02
3526 -3.43000e+02
3647 -3.42000e+02
3726 -3.41000e+02
3816 -3.40000e+02
3867 -3.39000e+02
3971 -3.38000e+02
4058 -3.37000e+02
4131 -3.36000e+02
4300 -3.35000e+02
4404 -3.34000e+02
4574 -3.33000e+02
4645 -3.31000e+02
4694 -3.30000e+02
4846 -3.29000e+02
4907 -3.28000e+02
5028 -3.27000e+02
5220 -3.26000e+02
5386 -3.25000e+02
5574 -3.24000e+02
5680 -3.23000e+02
5741 -3.22000e+02
5906 -3.21000e+02
5955 -3.20000e+02
6119 -3.19000e+02
6228 -3.18000e+02
6240 -3.17000e+02
6442 -3.16000e+02
6528 -3.15000e+02
6647 -3.14000e+02
6727 -3.13000e+02
6962 -3.12000e+02
7088 -3.11000e+02
7131 -3.10000e+02
7157 -3.09000e+02
7249 -3.08000e+02
7352 -3.06000e+02
7499 -3.05000e+02
7591 -3.04000e+02
7702 -3.03000e+02
8014 -3.02000e+02
8074 -3.01000e+02
8129 -3.00000e+02
8191 -2.98000e+02
8342 -2.97000e+02
8388 -2.96000e+02
8491 -2.95000e+02
8770 -2.94000e+02
8844 -2.93000e+02
8889 -2.92000e+02
9001 -2.91000e+02
9074 -2.90000e+02
9181 -2.89000e+02
9336 -2.88000e+02
9427 -2.87000e+02
9483 -2.86000e+02
9568 -2.85000e+02
9672 -2.84000e+02
9875 -2.83000e+02
9944 -2.82000e+02
9951 -2.82000e+02
"function evaluation" "best-so-far f(x)"
1 -3.83000e+02
16 -3.82000e+02
30 -3.81000e+02
120 -3.80000e+02
331 -3.79000e+02
441 -3.78000e+02
601 -3.77000e+02
869 -3.76000e+02
918 -3.75000e+02
930 -3.74000e+02
1022 -3.73000e+02
1109 -3.72000e+02
1170 -3.71000e+02
1221 -3.70000e+02
1230 -3.69000e+02
1322 -3.67000e+02
1491 -3.66000e+02
1606 -3.65000e+02
1652 -3.64000e+02
1913 -3.63000e+02
1957 -3.62000e+02
1977 -3.61000e+02
2051 -3.60000e+02
2109 -3.59000e+02
2156 -3.58000e+02
2205 -3.57000e+02
2231 -3.56000e+02
2314 -3.55000e+02
2466 -3.54000e+02
2543 -3.53000e+02
2629 -3.52000e+02
2675 -3.51000e+02
2718 -3.50000e+02
2819 -3.49000e+02
2842 -3.48000e+02
2950 -3.47000e+02
2988 -3.46000e+02
3166 -3.45000e+02
3283 -3.44000e+02
3344 -3.43000e+02
3516 -3.42000e+02
3693 -3.41000e+02
3791 -3.40000e+02
4002 -3.39000e+02
4006 -3.38000e+02
4213 -3.37000e+02
4281 -3.36000e+02
4368 -3.35000e+02
4450 -3.34000e+02
4503 -3.33000e+02
4629 -3.32000e+02
4680 -3.31000e+02
4769 -3.30000e+02
4854 -3.29000e+02
4987 -3.28000e+02
5057 -3.27000e+02
5192 -3.26000e+02
5328 -3.25000e+02
5470 -3.24000e+02
5586 -3.23000e+02
5644 -3.22000e+02
5692 -3.21000e+02
5770 -3.20000e+02
5937 -3.19000e+02
5996 -3.18000e+02
6063 -3.16000e+02
6077 -3.15000e+02
6111 -3.14000e+02
6236 -3.13000e+02
6256 -3.12000e+02
6337 -3.11000e+02
6432 -3.10000e+02
6643 -3.09000e+02
6710 -3.08000e+02
6738 -3.07000e+02
6886 -3.06000e+02
6916 -3.05000e+02
7152 -3.04000e+02
7265 -3.02000e+02
7313 -3.01000e+02
7402 -3.00000e+02
7486 -2.99000e+02
7637 -2.98000e+02
7802 -2.97000e+02
7860 -2.96000e+02
7967 -2.95000e+02
8093 -2.94000e+02
8349 -2.93000e+02
8417 -2.92000e+02
8448 -2.91000e+02
8558 -2.90000e+02
8652 -2.89000e+02
8683 -2.88000e+02
8830 -2.87000e+02
8865 -2.86000e+02
9026 -2.85000e+02
9164 -2.84000e+02
9276 -2.83000e+02
9427 -2.82000e+02
9497 -2.81000e+02
9669 -2.80000e+02
9951 -2.80000e+02
"function evaluation" "best-so-far f(x)"
1 -3.83000e+02
10 -3.82000e+02
29 -3.81000e+02
80 -3.80000e+02
178 -3.79000e+02
214 -3.78000e+02
386 -3.77000e+02
472 -3.76000e+02
518 -3.75000e+02
547 -3.74000e+02
599 -3.73000e+02
743 -3.72000e+02
922 -3.71000e+02
1016 -3.70000e+02
1173 -3.69000e+02
1296 -3.68000e+02
1445 -3.67000e+02
1505 -3.66000e+02
1592 -3.65000e+02
1666 -3.64000e+02
1829 -3.63000e+02
1877 -3.62000e+02
1892 -3.61000e+02
1995 -3.60000e+02
2042 -3.59000e+02
2139 -3.58000e+02
2221 -3.57000e+02
2379 -3.55000e+02
2559 -3.54000e+02
2661 -3.53000e+02
2747 -3.52000e+02
2853 -3.51000e+02
2964 -3.50000e+02
3099 -3.49000e+02
3235 -3.48000e+02
3328 -3.47000e+02
3375 -3.46000e+02
3469 -3.45000e+02
3534 -3.44000e+02
3797 -3.43000e+02
3965 -3.42000e+02
4105 -3.41000e+02
4227 -3.40000e+02
4287 -3.39000e+02
4411 -3.38000e+02
4426 -3.36000e+02
4586 -3.35000e+02
4590 -3.34000e+02
4612 -3.33000e+02
4702 -3.32000e+02
4703 -3.31000e+02
4839 -3.30000e+02
5022 -3.29000e+02
5054 -3.28000e+02
5058 -3.27000e+02
5081 -3.26000e+02
5181 -3.25000e+02
5310 -3.24000e+02
5392 -3.23000e+02
5700 -3.22000e+02
5777 -3.21000e+02
5869 -3.20000e+02
5900 -3.19000e+02
6054 -3.18000e+02
6169 -3.17000e+02
6333 -3.16000e+02
6502 -3.15000e+02
6513 -3.14000e+02
6608 -3.13000e+02
6677 -3.12000e+02
6722 -3.11000e+02
6817 -3.10000e+02
7036 -3.09000e+02
7092 -3.08000e+02
7149 -3.07000e+02
7249 -3.06000e+02
7525 -3.05000e+02
7588 -3.04000e+02
7614 -3.03000e+02
7693 -3.02000e+02
7872 -3.01000e+02
7896 -3.00000e+02
7958 -2.99000e+02
7997 -2.98000e+02
8048 -2.97000e+02
8253 -2.96000e+02
8341 -2.95000e+02
8511 -2.94000e+02
8760 -2.93000e+02
8884 -2.92000e+02
9076 -2.91000e+02
9161 -2.90000e+02
9270 -2.89000e+02
9391 -2.88000e+02
9442 -2.87000e+02
9565 -2.86000e+02
9714 -2.84000e+02
9853 -2.83000e+02
9951 -2.83000e+02
"function evaluation" "best-so-far f(x)"
1 -3.83000e+02
9 -3.82000e+02
110 -3.81000e+02
203 -3.80000e+02
295 -3.79000e+02
388 -3.78000e+02
404 -3.77000e+02
475 -3.76000e+02
563 -3.75000e+02
782 -3.74000e+02
865 -3.73000e+02
980 -3.72000e+02
1055 -3.71000e+02
1070 -3.70000e+02
1133 -3.69000e+02
1266 -3.68000e+02
1385 -3.67000e+02
1429 -3.66000e+02
1688 -3.65000e+02
1817 -3.64000e+02
1949 -3.63000e+02
2007 -3.62000e+02
2066 -3.61000e+02
2213 -3.60000e+02
2253 -3.59000e+02
2264 -3.58000e+02
2272 -3.57000e+02
2335 -3.56000e+02
2349 -3.55000e+02
2425 -3.54000e+02
2542 -3.53000e+02
2578 -3.52000e+02
2764 -3.50000e+02
2810 -3.49000e+02
2955 -3.48000e+02
3103 -3.47000e+02
3174 -3.46000e+02
3207 -3.45000e+02
3335 -3.44000e+02
3439 -3.43000e+02
3588 -3.42000e+02
3632 -3.41000e+02
3848 -3.40000e+02
4071 -3.39000e+02
4088 -3.38000e+02
4387 -3.37000e+02
4422 -3.36000e+02
4506 -3.35000e+02
4686 -3.34000e+02
4899 -3.33000e+02
5044 -3.32000e+02
5189 -3.31000e+02
5268 -3.30000e+02
5335 -3.29000e+02
5419 -3.28000e+02
5454 -3.27000e+02
5478 -3.26000e+02
5527 -3.25000e+02
5696 -3.24000e+02
5872 -3.23000e+02
5938 -3.22000e+02
6046 -3.21000e+02
6134 -3.20000e+02
6149 -3.19000e+02
6228 -3.18000e+02
6252 -3.17000e+02
6550 -3.16000e+02
6553 -3.15000e+02
6563 -3.14000e+02
6673 -3.13000e+02
6780 -3.12000e+02
6861 -3.11000e+02
6920 -3.10000e+02
6945 -3.08000e+02
7094 -3.07000e+02
7207 -3.06000e+02
7312 -3.05000e+02
7422 -3.04000e+02
7471 -3.03000e+02
7613 -3.02000e+02
7669 -3.01000e+02
7909 -3.00000e+02
7977 -2.99000e+02
8074 -2.98000e+02
8095 -2.97000e+02
8146 -2.96000e+02
8207 -2.95000e+02
8246 -2.94000e+02
8326 -2.93000e+02
8391 -2.92000e+02
8553 -2.91000e+02
8594 -2.90000e+02
8721 -2.89000e+02
8749 -2.88000e+02
9071 -2.87000e+02
9135 -2.86000e+02
9268 -2.85000e+02
9394 -2.84000e+02
9433 -2.83000e+02
9606 -2.82000e+02
9686 -2.81000e+02
9691 -2.80000e+02
9833 -2.79000e+02
9861 -2.77000e+02
9951 -2.77000e+02
"function evaluation" "best-so-far f(x)"
1 -3.83000e+02
31 -3.82000e+02
60 -3.81000e+02
309 -3.80000e+02
338 -3.79000e+02
408 -3.78000e+02
495 -3.77000e+02
516 -3.76000e+02
605 -3.75000e+02
809 -3.74000e+02
810 -3.73000e+02
924 -3.72000e+02
1055 -3.71000e+02
1105 -3.70000e+02
1107 -3.69000e+02
1149 -3.68000e+02
1196 -3.67000e+02
1218 -3.66000e+02
1369 -3.65000e+02
1428 -3.64000e+02
1481 -3.63000e+02
1612 -3.62000e+02
1679 -3.61000e+02
1718 -3.60000e+02
1768 -3.59000e+02
1833 -3.58000e+02
1885 -3.57000e+02
1994 -3.56000e+02
2099 -3.55000e+02
2176 -3.54000e+02
2306 -3.53000e+02
2442 -3.52000e+02
2518 -3.51000e+02
2734 -3.49000e+02
2768 -3.48000e+02
2834 -3.47000e+02
2905 -3.46000e+02
3037 -3.45000e+02
3132 -3.44000e+02
3260 -3.43000e+02
3372 -3.42000e+02
3485 -3.41000e+02
3508 -3.40000e+02
3585 -3.39000e+02
3755 -3.38000e+02
3879 -3.37000e+02
3976 -3.36000e+02
4083 -3.35000e+02
4178 -3.34000e+02
4221 -3.33000e+02
4388 -3.32000e+02
4453 -3.31000e+02
4478 -3.30000e+02
4551 -3.29000e+02
4611 -3.28000e+02
4633 -3.27000e+02
4858 -3.26000e+02
4952 -3.25000e+02
5018 -3.24000e+02
5053 -3.23000e+02
5135 -3.22000e+02
5217 -3.21000e+02
5387 -3.20000e+02
5491 -3.19000e+02
5571 -3.18000e+02
5713 -3.17000e+02
5845 -3.16000e+02
5980 -3.15000e+02
6044 -3.14000e+02
6177 -3.13000e+02
6331 -3.12000e+02
6395 -3.11000e+02
6503 -3.10000e+02
6676 -3.09000e+02
6794 -3.08000e+02
6927 -3.07000e+02
6967 -3.06000e+02
7181 -3.05000e+02
7242 -3.04000e+02
7280 -3.03000e+02
7427 -3.02000e+02
7503 -3.01000e+02
7738 -3.00000e+02
7838 -2.99000e+02
8147 -2.97000e+02
8262 -2.96000e+02
8410 -2.95000e+02
8419 -2.94000e+02
8573 -2.93000e+02
8648 -2.92000e+02
9066 -2.91000e+02
9246 -2.90000e+02
9378 -2.89000e+02
9604 -2.88000e+02
9647 -2.87000e+02
9751 -2.86000e+02
9951 -2.86000e+02
"function evaluation" "best-so-far f(x)"
1 -3.83000e+02
18 -3.82000e+02
52 -3.81000e+02
171 -3.80000e+02
232 -3.79000e+02
386 -3.78000e+02
427 -3.77000e+02
496 -3.76000e+02
619 -3.75000e+02
626 -3.74000e+02
729 -3.73000e+02
831 -3.72000e+02
980 -3.71000e+02
987 -3.70000e+02
1016 -3.69000e+02
1075 -3.68000e+02
1189 -3.67000e+02
1235 -3.66000e+02
1381 -3.65000e+02
1500 -3.64000e+02
1563 -3.63000e+02
1675 -3.62000e+02
1737 -3.61000e+02
1921 -3.60000e+02
2012 -3.59000e+02
2183 -3.58000e+02
2216 -3.57000e+02
2350 -3.56000e+02
2392 -3.55000e+02
2596 -3.54000e+02
2712 -3.53000e+02
2801 -3.52000e+02
2950 -3.51000e+02
3175 -3.50000e+02
3290 -3.49000e+02
3319 -3.48000e+02
3681 -3.47000e+02
3691 -3.46000e+02
3811 -3.45000e+02
3989 -3.44000e+02
4179 -3.43000e+02
4286 -3.42000e+02
4409 -3.41000e+02
4426 -3.40000e+02
4466 -3.39000e+02
4643 -3.38000e+02
4711 -3.37000e+02
4977 -3.36000e+02
5028 -3.35000e+02
5109 -3.34000e+02
5269 -3.33000e+02
5333 -3.31000e+02
5445 -3.30000e+02
5485 -3.29000e+02
5527 -3.28000e+02
5629 -3.27000e+02
5706 -3.26000e+02
5833 -3.25000e+02
6062 -3.24000e+02
6120 -3.23000e+02
6146 -3.22000e+02
6303 -3.21000e+02
6591 -3.20000e+02
6637 -3.19000e+02
6974 -3.18000e+02
7187 -3.16000e+02
7300 -3.15000e+02
7461 -3.14000e+02
7505 -3.13000e+02
7738 -3.12000e+02
7899 -3.11000e+02
7993 -3.10000e+02
8246 -3.09000e+02
8307 -3.08000e+02
8349 -3.07000e+02
8545 -3.06000e+02
8726 -3.05000e+02
8871 -3.04000e+02
9073 -3.03000e+02
9125 -3.02000e+02
9312 -3.01000e+02
9489 -3.00000e+02
9502 -2.99000e+02
9658 -2.98000e+02
9689 -2.97000e+02
9700 -2.96000e+02
9717 -2.94000e+02
9772 -2.93000e+02
9855 -2.92000e+02
9951 -2.92000e+02
"function evaluation" "best-so-far f(x)"
1 -3.83000e+02
21 -3.82000e+02
128 -3.81000e+02
235 -3.80000e+02
305 -3.79000e+02
560 -3.78000e+02
620 -3.77000e+02
682 -3.76000e+02
847 -3.75000e+02
893 -3.74000e+02
1012 -3.73000e+02
1105 -3.72000e+02
1168 -3.71000e+02
1263 -3.70000e+02
1391 -3.69000e+02
1555 -3.68000e+02
1580 -3.67000e+02
1646 -3.66000e+02
1680 -3.65000e+02
1881 -3.64000e+02
1964 -3.63000e+02
2057 -3.62000e+02
2141 -3.61000e+02
2373 -3.60000e+02
2436 -3.59000e+02
2448 -3.58000e+02
2579 -3.57000e+02
2755 -3.56000e+02
2827 -3.55000e+02
2899 -3.54000e+02
3100 -3.53000e+02
3203 -3.52000e+02
3240 -3.51000e+02
3400 -3.50000e+02
3469 -3.49000e+02
3556 -3.48000e+02
3786 -3.47000e+02
3938 -3.46000e+02
4134 -3.45000e+02
4266 -3.44000e+02
4341 -3.43000e+02
4379 -3.42000e+02
4463 -3.41000e+02
4510 -3.40000e+02
4691 -3.39000e+02
4730 -3.38000e+02
4808 -3.37000e+02
4901 -3.36000e+02
4980 -3.35000e+02
4999 -3.34000e+02
5050 -3.33000e+02
5175 -3.32000e+02
5249 -3.31000e+02
5326 -3.30000e+02
5338 -3.29000e+02
5444 -3.28000e+02
5457 -3.27000e+02
5568 -3.26000e+02
5614 -3.25000e+02
5676 -3.24000e+02
5744 -3.23000e+02
5795 -3.22000e+02
5891 -3.21000e+02
5960 -3.20000e+02
6034 -3.19000e+02
6044 -3.18000e+02
6099 -3.17000e+02
6151 -3.16000e+02
6339 -3.15000e+02
6434 -3.14000e+02
6517 -3.13000e+02
6683 -3.12000e+02
6791 -3.11000e+02
6886 -3.10000e+02
7044 -3.08000e+02
7227 -3.07000e+02
7307 -3.06000e+02
7415 -3.05000e+02
7504 -3.04000e+02
7681 -3.02000e+02
7895 -3.01000e+02
7961 -3.00000e+02
8105 -2.99000e+02
8179 -2.98000e+02
8272 -2.96000e+02
8465 -2.95000e+02
8751 -2.93000e+02
8899 -2.92000e+02
9101 -2.91000e+02
9310 -2.90000e+02
9392 -2.89000e+02
9560 -2.88000e+02
9654 -2.87000e+02
9832 -2.86000e+02
9951 -2.86000e+02
"function evaluation" "best-so-far f(x)"
1 -3.83000e+02
22 -3.82000e+02
123 -3.81000e+02
202 -3.80000e+02
243 -3.79000e+02
279 -3.78000e+02
359 -3.77000e+02
475 -3.76000e+02
572 -3.75000e+02
738 -3.74000e+02
761 -3.73000e+02
923 -3.72000e+02
1007 -3.71000e+02
1078 -3.70000e+02
1143 -3.69000e+02
1246 -3.67000e+02
1280 -3.65000e+02
1328 -3.64000e+02
1531 -3.63000e+02
1580 -3.62000e+02
1699 -3.61000e+02
1811 -3.60000e+02
1984 -3.58000e+02
2168 -3.57000e+02
2225 -3.56000e+02
2254 -3.55000e+02
2450 -3.53000e+02
2539 -3.52000e+02
2745 -3.51000e+02
2844 -3.50000e+02
2862 -3.49000e+02
3066 -3.48000e+02
3228 -3.47000e+02
3376 -3.46000e+02
3415 -3.45000e+02
3491 -3.44000e+02
3628 -3.43000e+02
3805 -3.42000e+02
4009 -3.41000e+02
4013 -3.40000e+02
4101 -3.39000e+02
4289 -3.38000e+02
4377 -3.37000e+02
4398 -3.36000e+02
4532 -3.35000e+02
4640 -3.34000e+02
4773 -3.33000e+02
4804 -3.32000e+02
4850 -3.31000e+02
4936 -3.30000e+02
4961 -3.29000e+02
5150 -3.28000e+02
5226 -3.27000e+02
5293 -3.26000e+02
5364 -3.25000e+02
5577 -3.24000e+02
5728 -3.23000e+02
5816 -3.22000e+02
5971 -3.21000e+02
6074 -3.20000e+02
6178 -3.19000e+02
6269 -3.18000e+02
6476 -3.17000e+02
6538 -3.16000e+02
6638 -3.15000e+02
6675 -3.14000e+02
6706 -3.13000e+02
6710 -3.12000e+02
6782 -3.11000e+02
6839 -3.10000e+02
6904 -3.09000e+02
7022 -3.08000e+02
7064 -3.07000e+02
7167 -3.06000e+02
7261 -3.05000e+02
7321 -3.04000e+02
7449 -3.03000e+02
7559 -3.02000e+02
7686 -3.01000e+02
7772 -3.00000e+02
7826 -2.99000e+02
7850 -2.98000e+02
7928 -2.97000e+02
8051 -2.96000e+02
8203 -2.95000e+02
8305 -2.94000e+02
8442 -2.93000e+02
8544 -2.92000e+02
8643 -2.91000e+02
8991 -2.90000e+02
9084 -2.89000e+02
9189 -2.88000e+02
9285 -2.87000e+02
9395 -2.86000e+02
9475 -2.85000e+02
9735 -2.84000e+02
9824 -2.83000e+02
9882 -2.82000e+02
9951 -2.82000e+02
"function evaluation" "best-so-far f(x)"
1 -3.83000e+02
27 -3.82000e+02
110 -3.81000e+02
217 -3.80000e+02
329 -3.79000e+02
427 -3.78000e+02
609 -3.77000e+02
737 -3.76000e+02
828 -3.75000e+02
906 -3.74000e+02
974 -3.73000e+02
993 -3.72000e+02
1270 -3.71000e+02
1387 -3.70000e+02
1467 -3.69000e+02
1648 -3.68000e+02
1740 -3.67000e+02
1754 -3.66000e+02
1795 -3.65000e+02
1874 -3.64000e+02
2100 -3.63000e+02
2283 -3.62000e+02
2418 -3.61000e+02
2548 -3.60000e+02
2565 -3.59000e+02
2721 -3.58000e+02
2777 -3.57000e+02
2780 -3.56000e+02
2868 -3.55000e+02
2956 -3.53000e+02
3013 -3.52000e+02
3150 -3.51000e+02
3336 -3.50000e+02
3399 -3.49000e+02
3450 -3.48000e+02
3487 -3.46000e+02
3639 -3.45000e+02
3747 -3.44000e+02
3853 -3.43000e+02
3995 -3.41000e+02
4033 -3.40000e+02
4116 -3.39000e+02
4242 -3.38000e+02
4303 -3.37000e+02
4359 -3.36000e+02
4652 -3.35000e+02
4698 -3.34000e+02
4708 -3.33000e+02
4836 -3.32000e+02
4975 -3.31000e+02
5190 -3.30000e+02
5301 -3.29000e+02
5530 -3.28000e+02
5674 -3.27000e+02
5895 -3.26000e+02
5921 -3.25000e+02
6116 -3.24000e+02
6144 -3.23000e+02
6229 -3.22000e+02
6258 -3.21000e+02
6286 -3.20000e+02
6346 -3.19000e+02
6472 -3.18000e+02
6589 -3.17000e+02
6777 -3.16000e+02
6876 -3.15000e+02
6980 -3.14000e+02
7161 -3.13000e+02
7278 -3.12000e+02
7323 -3.11000e+02
7332 -3.10000e+02
7348 -3.09000e+02
7604 -3.08000e+02
7877 -3.07000e+02
7960 -3.06000e+02
8037 -3.05000e+02
8103 -3.03000e+02
8203 -3.02000e+02
8452 -3.01000e+02
8454 -3.00000e+02
8506 -2.99000e+02
8538 -2.97000e+02
8671 -2.96000e+02
8853 -2.95000e+02
9007 -2.94000e+02
9033 -2.93000e+02
9201 -2.92000e+02
9314 -2.91000e+02
9455 -2.90000e+02
9600 -2.88000e+02
9668 -2.87000e+02
9718 -2.86000e+02
9733 -2.85000e+02
9885 -2.84000e+02
9951 -2.84000e+02
"function evaluation" "best-so-far f(x)"
1 -3.83000e+02
42 -3.82000e+02
105 -3.81000e+02
211 -3.80000e+02
280 -3.79000e+02
380 -3.78000e+02
416 -3.77000e+02
430 -3.76000e+02
502 -3.75000e+02
664 -3.74000e+02
726 -3.73000e+02
967 -3.71000e+02
1032 -3.70000e+02
1060 -3.69000e+02
1132 -3.68000e+02
1233 -3.67000e+02
1314 -3.66000e+02
1374 -3.65000e+02
1416 -3.64000e+02
1461 -3.63000e+02
1559 -3.62000e+02
1725 -3.61000e+02
1888 -3.60000e+02
1930 -3.59000e+02
1959 -3.58000e+02
2078 -3.57000e+02
2171 -3.56000e+02
2343 -3.55000e+02
2407 -3.54000e+02
2430 -3.53000e+02
2544 -3.52000e+02
2613 -3.51000e+02
2659 -3.50000e+02
2750 -3.49000e+02
3028 -3.48000e+02
3081 -3.47000e+02
3131 -3.46000e+02
3319 -3.45000e+02
3406 -3.44000e+02
3490 -3.43000e+02
3655 -3.42000e+02
3997 -3.41000e+02
4130 -3.40000e+02
4261 -3.39000e+02
4384 -3.38000e+02
4407 -3.36000e+02
4499 -3.35000e+02
4543 -3.34000e+02
4597 -3.33000e+02
4685 -3.32000e+02
4740 -3.31000e+02
4909 -3.30000e+02
5167 -3.29000e+02
5217 -3.28000e+02
5323 -3.27000e+02
5351 -3.26000e+02
5512 -3.25000e+02
5556 -3.24000e+02
5638 -3.23000e+02
5697 -3.22000e+02
5764 -3.21000e+02
5867 -3.20000e+02
6032 -3.19000e+02
6089 -3.18000e+02
6182 -3.17000e+02
6351 -3.16000e+02
6417 -3.15000e+02
6623 -3.14000e+02
6643 -3.13000e+02
6677 -3.12000e+02
6723 -3.11000e+02
6915 -3.10000e+02
6953 -3.09000e+02
7081 -3.08000e+02
7130 -3.07000e+02
7231 -3.06000e+02
7292 -3.05000e+02
7578 -3.04000e+02
7623 -3.03000e+02
7844 -3.02000e+02
7919 -3.01000e+02
7987 -3.00000e+02
8019 -2.99000e+02
8074 -2.98000e+02
8160 -2.97000e+02
8295 -2.96000e+02
8427 -2.95000e+02
8525 -2.94000e+02
8655 -2.93000e+02
8840 -2.92000e+02
8883 -2.91000e+02
8961 -2.90000e+02
9007 -2.88000e+02
9112 -2.87000e+02
9166 -2.86000e+02
9373 -2.85000e+02
9404 -2.84000e+02
9459 -2.83000e+02
9599 -2.82000e+02
9616 -2.81000e+02
9699 -2.80000e+02
9820 -2.79000e+02
9951 -2.79000e+02
"function evaluation" "best-so-far f(x)"
1 -3.83000e+02
66 -3.82000e+02
82 -3.81000e+02
128 -3.80000e+02
175 -3.79000e+02
243 -3.78000e+02
540 -3.77000e+02
689 -3.76000e+02
744 -3.75000e+02
840 -3.74000e+02
880 -3.73000e+02
984 -3.72000e+02
990 -3.71000e+02
1044 -3.70000e+02
1123 -3.69000e+02
1271 -3.66000e+02
1406 -3.65000e+02
1471 -3.64000e+02
1615 -3.63000e+02
1800 -3.62000e+02
1833 -3.61000e+02
1862 -3.60000e+02
2134 -3.59000e+02
2292 -3.58000e+02
2368 -3.57000e+02
2386 -3.56000e+02
2533 -3.55000e+02
2662 -3.54000e+02
2858 -3.53000e+02
2988 -3.52000e+02
3133 -3.51000e+02
3305 -3.50000e+02
3437 -3.49000e+02
3654 -3.48000e+02
3800 -3.47000e+02
3970 -3.46000e+02
4000 -3.45000e+02
4115 -3.44000e+02
4235 -3.43000e+02
4273 -3.42000e+02
4439 -3.41000e+02
4459 -3.40000e+02
4523 -3.39000e+02
4575 -3.38000e+02
4759 -3.37000e+02
4927 -3.36000e+02
4937 -3.35000e+02
5017 -3.34000e+02
5025 -3.33000e+02
5065 -3.32000e+02
5204 -3.31000e+02
5359 -3.30000e+02
5494 -3.29000e+02
5692 -3.27000e+02
5776 -3.26000e+02
5807 -3.25000e+02
6016 -3.24000e+02
6163 -3.23000e+02
6245 -3.22000e+02
6354 -3.21000e+02
6463 -3.20000e+02
6503 -3.18000e+02
6667 -3.17000e+02
6753 -3.16000e+02
6893 -3.15000e+02
6900 -3.14000e+02
6941 -3.13000e+02
7050 -3.12000e+02
7133 -3.11000e+02
7269 -3.10000e+02
7356 -3.09000e+02
7552 -3.08000e+02
7598 -3.07000e+02
7629 -3.06000e+02
7749 -3.05000e+02
7773 -3.04000e+02
7930 -3.03000e+02
8050 -3.02000e+02
8101 -3.01000e+02
8149 -3.00000e+02
8206 -2.99000e+02
8256 -2.98000e+02
8344 -2.97000e+02
8373 -2.96000e+02
8499 -2.95000e+02
8557 -2.94000e+02
8609 -2.93000e+02
8765 -2.92000e+02
8800 -2.91000e+02
8882 -2.90000e+02
8931 -2.89000e+02
9054 -2.88000e+02
9134 -2.87000e+02
9249 -2.86000e+02
9282 -2.84000e+02
9374 -2.83000e+02
9462 -2.81000e+02
9570 -2.80000e+02
9699 -2.79000e+02
9783 -2.77000e+02
9951 -2.77000e+02
"function evaluation" "best-so-far f(x)"
1 -3.83000e+02
22 -3.82000e+02
33 -3.81000e+02
117 -3.80000e+02
128 -3.79000e+02
262 -3.78000e+02
270 -3.77000e+02
499 -3.76000e+02
620 -3.75000e+02
659 -3.73000e+02
769 -3.72000e+02
784 -3.71000e+02
920 -3.70000e+02
956 -3.69000e+02
1022 -3.68000e+02
1158 -3.67000e+02
1316 -3.66000e+02
1378 -3.65000e+02
1426 -3.64000e+02
1510 -3.63000e+02
1650 -3.62000e+02
1811 -3.61000e+02
1839 -3.60000e+02
1942 -3.59000e+02
2063 -3.58000e+02
2132 -3.57000e+02
2165 -3.56000e+02
2303 -3.55000e+02
2369 -3.54000e+02
2432 -3.53000e+02
2460 -3.52000e+02
2763 -3.51000e+02
2863 -3.50000e+02
2988 -3.49000e+02
3089 -3.48000e+02
3189 -3.47000e+02
3194 -3.46000e+02
3202 -3.45000e+02
3279 -3.44000e+02
3332 -3.43000e+02
3400 -3.42000e+02
3537 -3.41000e+02
3738 -3.40000e+02
3744 -3.39000e+02
3897 -3.38000e+02
3938 -3.37000e+02
4137 -3.36000e+02
4191 -3.35000e+02
4427 -3.34000e+02
4595 -3.33000e+02
4659 -3.32000e+02
4743 -3.31000e+02
4813 -3.30000e+02
4840 -3.29000e+02
4912 -3.28000e+02
4964 -3.27000e+02
5032 -3.26000e+02
5130 -3.25000e+02
5145 -3.24000e+02
5229 -3.23000e+02
5281 -3.22000e+02
5364 -3.21000e+02
5416 -3.19000e+02
5588 -3.18000e+02
5681 -3.17000e+02
5936 -3.16000e+02
5969 -3.15000e+02
6026 -3.14000e+02
6232 -3.13000e+02
6331 -3.12000e+02
6474 -3.11000e+02
6552 -3.10000e+02
6750 -3.09000e+02
6829 -3.08000e+02
7121 -3.07000e+02
7176 -3.05000e+02
7217 -3.04000e+02
7221 -3.03000e+02
7341 -3.02000e+02
7437 -3.01000e+02
7476 -3.00000e+02
7526 -2.99000e+02
7787 -2.98000e+02
7871 -2.97000e+02
7944 -2.96000e+02
7976 -2.94000e+02
8162 -2.93000e+02
8301 -2.92000e+02
8405 -2.91000e+02
8617 -2.90000e+02
8745 -2.88000e+02
8914 -2.87000e+02
9002 -2.86000e+02
9098 -2.85000e+02
9211 -2.84000e+02
9284 -2.83000e+02
9403 -2.82000e+02
9494 -2.81000e+02
9637 -2.80000e+02
9792 -2.79000e+02
9838 -2.78000e+02
9951 -2.77000e+02
"function evaluation" "best-so-far f(x)"
1 -3.83000e+02
6 -3.82000e+02
19 -3.81000e+02
67 -3.80000e+02
162 -3.79000e+02
215 -3.78000e+02
280 -3.77000e+02
374 -3.76000e+02
532 -3.75000e+02
589 -3.74000e+02
703 -3.73000e+02
795 -3.72000e+02
804 -3.71000e+02
940 -3.70000e+02
978 -3.69000e+02
1055 -3.68000e+02
1149 -3.67000e+02
1338 -3.66000e+02
1551 -3.65000e+02
1686 -3.64000e+02
1847 -3.63000e+02
1944 -3.62000e+02
1954 -3.61000e+02
1978 -3.60000e+02
2102 -3.58000e+02
2178 -3.57000e+02
2233 -3.56000e+02
2400 -3.55000e+02
2485 -3.54000e+02
2573 -3.52000e+02
2657 -3.51000e+02
2748 -3.50000e+02
2805 -3.49000e+02
2961 -3.48000e+02
3010 -3.47000e+02
3192 -3.46000e+02
3218 -3.45000e+02
3413 -3.44000e+02
3500 -3.43000e+02
3533 -3.42000e+02
3636 -3.41000e+02
3776 -3.40000e+02
3828 -3.39000e+02
4033 -3.38000e+02
4181 -3.37000e+02
4313 -3.36000e+02
4472 -3.35000e+02
4694 -3.34000e+02
4818 -3.33000e+02
4902 -3.32000e+02
5014 -3.31000e+02
5090 -3.30000e+02
5221 -3.29000e+02
5351 -3.28000e+02
5393 -3.27000e+02
5507 -3.26000e+02
5630 -3.25000e+02
5781 -3.24000e+02
5921 -3.23000e+02
6051 -3.22000e+02
6065 -3.21000e+02
6071 -3.20000e+02
6168 -3.19000e+02
6283 -3.18000e+02
6320 -3.17000e+02
6406 -3.16000e+02
6520 -3.15000e+02
6554 -3.14000e+02
6689 -3.13000e+02
6803 -3.12000e+02
7036 -3.11000e+02
7177 -3.10000e+02
7206 -3.09000e+02
7351 -3.08000e+02
7379 -3.07000e+02
7529 -3.06000e+02
7682 -3.05000e+02
7783 -3.04000e+02
7841 -3.03000e+02
7882 -3.02000e+02
7942 -3.01000e+02
7999 -3.00000e+02
8176 -2.99000e+02
8351 -2.98000e+02
8376 -2.96000e+02
8419 -2.95000e+02
8608 -2.94000e+02
8669 -2.93000e+02
8772 -2.92000e+02
9088 -2.91000e+02
9214 -2.90000e+02
9310 -2.89000e+02
9368 -2.88000e+02
9547 -2.87000e+02
9701 -2.86000e+02
9850 -2.84000e+02
9951 -2.84000e+02
"function evaluation" "best-so-far f(x)"
1 -3.83000e+02
3 -3.82000e+02
55 -3.81000e+02
223 -3.80000e+02
423 -3.79000e+02
604 -3.78000e+02
760 -3.77000e+02
810 -3.76000e+02
1039 -3.75000e+02
1079 -3.74000e+02
1220 -3.73000e+02
1242 -3.72000e+02
1284 -3.71000e+02
1449 -3.70000e+02
1472 -3.69000e+02
1559 -3.68000e+02
1699 -3.67000e+02
1804 -3.66000e+02
1871 -3.65000e+02
1903 -3.64000e+02
1943 -3.63000e+02
2025 -3.62000e+02
2143 -3.61000e+02
2235 -3.60000e+02
2424 -3.59000e+02
2459 -3.58000e+02
2620 -3.57000e+02
2786 -3.56000e+02
2875 -3.55000e+02
2969 -3.54000e+02
3031 -3.53000e+02
3154 -3.52000e+02
3245 -3.51000e+02
3309 -3.50000e+02
3350 -3.49000e+02
3390 -3.48000e+02
3420 -3.47000e+02
3443 -3.46000e+02
3500 -3.45000e+02
3656 -3.44000e+02
3778 -3.43000e+02
3814 -3.42000e+02
3884 -3.41000e+02
3961 -3.40000e+02
4058 -3.39000e+02
4315 -3.38000e+02
4466 -3.37000e+02
4474 -3.36000e+02
4481 -3.35000e+02
4697 -3.34000e+02
4731 -3.33000e+02
4842 -3.32000e+02
4933 -3.31000e+02
4988 -3.30000e+02
5107 -3.29000e+02
5268 -3.28000e+02
5326 -3.27000e+02
5472 -3.26000e+02
5497 -3.25000e+02
5535 -3.24000e+02
5630 -3.23000e+02
5690 -3.22000e+02
5732 -3.21000e+02
5910 -3.20000e+02
6137 -3.18000e+02
6163 -3.17000e+02
6506 -3.16000e+02
6583 -3.15000e+02
6693 -3.14000e+02
6740 -3.13000e+02
6873 -3.12000e+02
7209 -3.11000e+02
7331 -3.10000e+02
7446 -3.09000e+02
7569 -3.08000e+02
7775 -3.07000e+02
7841 -3.06000e+02
7919 -3.05000e+02
7988 -3.04000e+02
8011 -3.03000e+02
8096 -3.02000e+02
8218 -3.01000e+02
8287 -3.00000e+02
8383 -2.99000e+02
8425 -2.98000e+02
8536 -2.97000e+02
8630 -2.96000e+02
8653 -2.95000e+02
8866 -2.94000e+02
9106 -2.93000e+02
9156 -2.92000e+02
9313 -2.91000e+02
9416 -2.90000e+02
9482 -2.89000e+02
9632 -2.88000e+02
9668 -2.87000e+02
9804 -2.86000e+02
9951 -2.86000e+02
"function evaluation" "best-so-far f(x)"
1 -3.83000e+02
2 -3.82000e+02
39 -3.81000e+02
74 -3.80000e+02
193 -3.79000e+02
285 -3.78000e+02
353 -3.77000e+02
377 -3.76000e+02
461 -3.75000e+02
619 -3.74000e+02
677 -3.73000e+02
684 -3.72000e+02
706 -3.71000e+02
811 -3.70000e+02
987 -3.69000e+02
1070 -3.68000e+02
1124 -3.67000e+02
1134 -3.66000e+02
1230 -3.65000e+02
1388 -3.64000e+02
1487 -3.63000e+02
1490 -3.62000e+02
1530 -3.61000e+02
1634 -3.60000e+02
1668 -3.58000e+02
1739 -3.57000e+02
1755 -3.56000e+02
1820 -3.55000e+02
1931 -3.54000e+02
1946 -3.53000e+02
2013 -3.52000e+02
2073 -3.51000e+02
2137 -3.50000e+02
2284 -3.49000e+02
2322 -3.48000e+02
2392 -3.47000e+02
2532 -3.46000e+02
2588 -3.45000e+02
2734 -3.44000e+02
2871 -3.43000e+02
3017 -3.42000e+02
3026 -3.41000e+02
3057 -3.39000e+02
3143 -3.38000e+02
3251 -3.37000e+02
3360 -3.36000e+02
3422 -3.35000e+02
3469 -3.34000e+02
3614 -3.33000e+02
3710 -3.32000e+02
3748 -3.31000e+02
3891 -3.30000e+02
4059 -3.28000e+02
4219 -3.26000e+02
4282 -3.25000e+02
4384 -3.24000e+02
4526 -3.23000e+02
4659 -3.22000e+02
4775 -3.21000e+02
4834 -3.20000e+02
4886 -3.19000e+02
5019 -3.18000e+02
5135 -3.17000e+02
5178 -3.16000e+02
5287 -3.15000e+02
5367 -3.14000e+02
5384 -3.13000e+02
5429 -3.12000e+02
5516 -3.11000e+02
5636 -3.10000e+02
5681 -3.09000e+02
5812 -3.08000e+02
5874 -3.06000e+02
5926 -3.05000e+02
6011 -3.04000e+02
6086 -3.03000e+02
6248 -3.02000e+02
6358 -3.01000e+02
6459 -3.00000e+02
6502 -2.99000e+02
6542 -2.98000e+02
6670 -2.97000e+02
6687 -2.96000e+02
6785 -2.95000e+02
6793 -2.94000e+02
6871 -2.93000e+02
7257 -2.92000e+02
7318 -2.91000e+02
7404 -2.90000e+02
7407 -2.89000e+02
7604 -2.88000e+02
7679 -2.87000e+02
7724 -2.86000e+02
7845 -2.85000e+02
7961 -2.84000e+02
8101 -2.83000e+02
8242 -2.82000e+02
8323 -2.81000e+02
8357 -2.80000e+02
8568 -2.79000e+02
8811 -2.78000e+02
8879 -2.77000e+02
8976 -2.76000e+02
9100 -2.75000e+02
9218 -2.74000e+02
9538 -2.73000e+02
9579 -2.72000e+02
9948 -2.71000e+02
9951 -2.71000e+02
"function evaluation" "best-so-far f(x)"
1 -3.83000e+02
122 -3.82000e+02
265 -3.81000e+02
383 -3.80000e+02
466 -3.79000e+02
512 -3.78000e+02
675 -3.77000e+02
751 -3.76000e+02
854 -3.75000e+02
916 -3.74000e+02
959 -3.73000e+02
979 -3.72000e+02
1177 -3.70000e+02
1353 -3.69000e+02
1439 -3.68000e+02
1492 -3.66000e+02
1622 -3.65000e+02
1655 -3.64000e+02
1715 -3.63000e+02
1753 -3.62000e+02
1841 -3.61000e+02
1955 -3.60000e+02
2005 -3.59000e+02
2168 -3.58000e+02
2247 -3.57000e+02
2397 -3.56000e+02
2508 -3.55000e+02
2511 -3.54000e+02
2661 -3.53000e+02
2712 -3.52000e+02
2803 -3.51000e+02
2813 -3.50000e+02
2897 -3.49000e+02
3057 -3.48000e+02
3193 -3.47000e+02
3336 -3.45000e+02
3502 -3.44000e+02
3630 -3.43000e+02
3652 -3.42000e+02
3688 -3.41000e+02
3854 -3.40000e+02
3971 -3.39000e+02
4014 -3.38000e+02
4062 -3.37000e+02
4187 -3.36000e+02
4334 -3.35000e+02
4379 -3.34000e+02
4503 -3.33000e+02
4647 -3.32000e+02
4728 -3.31000e+02
4789 -3.30000e+02
4843 -3.29000e+02
4883 -3.28000e+02
4981 -3.27000e+02
5051 -3.26000e+02
5195 -3.25000e+02
5211 -3.24000e+02
5263 -3.23000e+02
5321 -3.22000e+02
5437 -3.21000e+02
5514 -3.20000e+02
5558 -3.18000e+02
5679 -3.17000e+02
5683 -3.16000e+02
5867 -3.15000e+02
5900 -3.14000e+02
5964 -3.13000e+02
6121 -3.12000e+02
6247 -3.11000e+02
6301 -3.10000e+02
6421 -3.09000e+02
6623 -3.08000e+02
6750 -3.07000e+02
6770 -3.06000e+02
6837 -3.05000e+02
6939 -3.04000e+02
7069 -3.03000e+02
7087 -3.02000e+02
7236 -3.01000e+02
7410 -3.00000e+02
7627 -2.99000e+02
7711 -2.98000e+02
7837 -2.97000e+02
7909 -2.96000e+02
8091 -2.95000e+02
8172 -2.94000e+02
8224 -2.93000e+02
8308 -2.92000e+02
8387 -2.91000e+02
8511 -2.90000e+02
8635 -2.89000e+02
8765 -2.88000e+02
8844 -2.87000e+02
8966 -2.86000e+02
9029 -2.85000e+02
9115 -2.84000e+02
9165 -2.83000e+02
9288 -2.82000e+02
9397 -2.81000e+02
9551 -2.80000e+02
9778 -2.79000e+02
9900 -2.78000e+02
9951 -2.78000e+02
"function evaluation" "best-so-far f(x)"
1 -3.83000e+02
7 -3.82000e+02
117 -3.81000e+02
300 -3.80000e+02
345 -3.79000e+02
465 -3.78000e+02
621 -3.77000e+02
736 -3.76000e+02
860 -3.75000e+02
891 -3.74000e+02
943 -3.73000e+02
1122 -3.72000e+02
1146 -3.71000e+02
1202 -3.70000e+02
1288 -3.69000e+02
1391 -3.68000e+02
1442 -3.67000e+02
1522 -3.66000e+02
1539 -3.65000e+02
1659 -3.64000e+02
1728 -3.63000e+02
1854 -3.62000e+02
1963 -3.61000e+02
2027 -3.60000e+02
2182 -3.59000e+02
2247 -3.58000e+02
2266 -3.57000e+02
2429 -3.55000e+02
2443 -3.54000e+02
2480 -3.53000e+02
2557 -3.52000e+02
2577 -3.51000e+02
2678 -3.50000e+02
2732 -3.49000e+02
2783 -3.48000e+02
2863 -3.47000e+02
2980 -3.46000e+02
3048 -3.45000e+02
3108 -3.44000e+02
3124 -3.43000e+02
3221 -3.42000e+02
3282 -3.41000e+02
3322 -3.40000e+02
3481 -3.39000e+02
3484 -3.38000e+02
3533 -3.37000e+02
3667 -3.36000e+02
3815 -3.35000e+02
3940 -3.34000e+02
4068 -3.33000e+02
4203 -3.32000e+02
4414 -3.31000e+02
4480 -3.30000e+02
4595 -3.29000e+02
4755 -3.28000e+02
4799 -3.27000e+02
4904 -3.26000e+02
4994 -3.25000e+02
5042 -3.24000e+02
5128 -3.23000e+02
5141 -3.22000e+02
5211 -3.21000e+02
5312 -3.20000e+02
5396 -3.19000e+02
5543 -3.18000e+02
5599 -3.17000e+02
5766 -3.16000e+02
5815 -3.15000e+02
5892 -3.14000e+02
5963 -3.13000e+02
6110 -3.12000e+02
6145 -3.11000e+02
6410 -3.10000e+02
6550 -3.09000e+02
6567 -3.08000e+02
6665 -3.07000e+02
6696 -3.06000e+02
6900 -3.05000e+02
6967 -3.03000e+02
7115 -3.01000e+02
7162 -3.00000e+02
7260 -2.99000e+02
7276 -2.98000e+02
7466 -2.97000e+02
7586 -2.96000e+02
7747 -2.95000e+02
8039 -2.94000e+02
8258 -2.93000e+02
8385 -2.92000e+02
8532 -2.91000e+02
8639 -2.90000e+02
8846 -2.89000e+02
8881 -2.88000e+02
9081 -2.87000e+02
9228 -2.86000e+02
9289 -2.85000e+02
9568 -2.84000e+02
9700 -2.83000e+02
9720 -2.82000e+02
9889 -2.81000e+02
9891 -2.80000e+02
9951 -2.80000e+02
"function evaluation" "best-so-far f(x)"
1 -3.83000e+02
49 -3.82000e+02
141 -3.81000e+02
250 -3.80000e+02
312 -3.79000e+02
363 -3.78000e+02
423 -3.77000e+02
542 -3.76000e+02
604 -3.75000e+02
619 -3.74000e+02
725 -3.73000e+02
797 -3.72000e+02
839 -3.71000e+02
907 -3.70000e+02
958 -3.69000e+02
987 -3.68000e+02
1029 -3.67000e+02
1130 -3.65000e+02
1243 -3.64000e+02
1329 -3.63000e+02
1445 -3.62000e+02
1551 -3.61000e+02
1615 -3.60000e+02
1665 -3.59000e+02
1744 -3.58000e+02
1816 -3.57000e+02
1845 -3.56000e+02
1909 -3.55000e+02
1973 -3.54000e+02
2004 -3.53000e+02
2050 -3.52000e+02
2178 -3.50000e+02
2292 -3.49000e+02
2466 -3.48000e+02
2531 -3.47000e+02
2613 -3.46000e+02
2628 -3.45000e+02
2773 -3.44000e+02
2837 -3.43000e+02
3039 -3.42000e+02
3331 -3.41000e+02
3395 -3.39000e+02
3493 -3.38000e+02
3641 -3.37000e+02
4004 -3.36000e+02
4188 -3.35000e+02
4248 -3.34000e+02
4284 -3.33000e+02
4355 -3.32000e+02
4389 -3.31000e+02
4519 -3.30000e+02
4582 -3.29000e+02
4752 -3.28000e+02
4769 -3.27000e+02
4784 -3.26000e+02
4936 -3.25000e+02
5030 -3.24000e+02
5192 -3.23000e+02
5288 -3.22000e+02
5321 -3.21000e+02
5493 -3.20000e+02
5536 -3.19000e+02
5622 -3.18000e+02
5795 -3.17000e+02
5896 -3.16000e+02
5965 -3.14000e+02
6058 -3.13000e+02
6188 -3.12000e+02
6356 -3.11000e+02
6469 -3.10000e+02
6593 -3.09000e+02
6775 -3.08000e+02
6902 -3.07000e+02
7031 -3.06000e+02
7221 -3.05000e+02
7232 -3.04000e+02
7459 -3.03000e+02
7544 -3.02000e+02
7746 -3.01000e+02
7780 -3.00000e+02
7849 -2.99000e+02
7937 -2.98000e+02
8063 -2.97000e+02
8105 -2.96000e+02
8217 -2.95000e+02
8260 -2.94000e+02
8284 -2.93000e+02
8388 -2.92000e+02
8552 -2.91000e+02
8677 -2.90000e+02
8700 -2.89000e+02
8895 -2.87000e+02
9205 -2.86000e+02
9254 -2.85000e+02
9283 -2.84000e+02
9319 -2.83000e+02
9388 -2.82000e+02
9418 -2.81000e+02
9606 -2.80000e+02
9746 -2.79000e+02
9880 -2.78000e+02
9951 -2.78000e+02
