"function evaluation" "best-so-far f(x)"
1 -3.83000e+02
22 -3.82000e+02
47 -3.81000e+02
95 -3.80000e+02
236 -3.79000e+02
318 -3.78000e+02
353 -3.77000e+02
417 -3.76000e+02
418 -3.75000e+02
434 -3.74000e+02
485 -3.73000e+02
529 -3.72000e+02
541 -3.71000e+02
579 -3.70000e+02
641 -3.69000e+02
670 -3.68000e+02
708 -3.66000e+02
763 -3.65000e+02
846 -3.64000e+02
850 -3.63000e+02
956 -3.62000e+02
1086 -3.61000e+02
1155 -3.60000e+02
1166 -3.59000e+02
1179 -3.58000e+02
1232 -3.57000e+02
1360 -3.56000e+02
1393 -3.55000e+02
1452 -3.54000e+02
1498 -3.53000e+02
1505 -3.52000e+02
1541 -3.51000e+02
1639 -3.50000e+02
1776 -3.49000e+02
1830 -3.48000e+02
1860 -3.47000e+02
1888 -3.46000e+02
1965 -3.45000e+02
2000 -3.44000e+02
2023 -3.43000e+02
2043 -3.42000e+02
2047 -3.41000e+02
2094 -3.40000e+02
2144 -3.39000e+02
2212 -3.38000e+02
2254 -3.37000e+02
2261 -3.36000e+02
2322 -3.35000e+02
2404 -3.34000e+02
2427 -3.33000e+02
2514 -3.32000e+02
2527 -3.31000e+02
2562 -3.30000e+02
2602 -3.29000e+02
2639 -3.28000e+02
2648 -3.27000e+02
2711 -3.26000e+02
2823 -3.25000e+02
2977 -3.24000e+02
3054 -3.23000e+02
3101 -3.22000e+02
3240 -3.21000e+02
3253 -3.20000e+02
3300 -3.19000e+02
3309 -3.18000e+02
3415 -3.17000e+02
3462 -3.16000e+02
3629 -3.15000e+02
3668 -3.14000e+02
3711 -3.13000e+02
3868 -3.12000e+02
3916 -3.10000e+02
3997 -3.09000e+02
4043 -3.08000e+02
4074 -3.07000e+02
4096 -3.05000e+02
4142 -3.04000e+02
4186 -3.03000e+02
4304 -3.02000e+02
4358 -3.01000e+02
4425 -2.99000e+02
4449 -2.98000e+02
4519 -2.97000e+02
4520 -2.96000e+02
4629 -2.95000e+02
4663 -2.94000e+02
4694 -2.93000e+02
4775 -2.92000e+02
4800 -2.91000e+02
4874 -2.90000e+02
4945 -2.89000e+02
5368 -2.88000e+02
5433 -2.87000e+02
5499 -2.86000e+02
5566 -2.84000e+02
5672 -2.83000e+02
5783 -2.82000e+02
5888 -2.81000e+02
5985 -2.80000e+02
6069 -2.79000e+02
6231 -2.78000e+02
6261 -2.77000e+02
6423 -2.76000e+02
6486 -2.75000e+02
6519 -2.74000e+02
6716 -2.73000e+02
6795 -2.72000e+02
6868 -2.71000e+02
6910 -2.70000e+02
6970 -2.69000e+02
7051 -2.68000e+02
7189 -2.67000e+02
7194 -2.66000e+02
7345 -2.65000e+02
7488 -2.63000e+02
7620 -2.62000e+02
7671 -2.61000e+02
7707 -2.60000e+02
7709 -2.59000e+02
7760 -2.58000e+02
7814 -2.57000e+02
7887 -2.56000e+02
7909 -2.55000e+02
7935 -2.54000e+02
8066 -2.53000e+02
8095 -2.52000e+02
8141 -2.51000e+02
8288 -2.50000e+02
8390 -2.49000e+02
8485 -2.48000e+02
8552 -2.47000e+02
8594 -2.46000e+02
8728 -2.45000e+02
8856 -2.44000e+02
8905 -2.43000e+02
8953 -2.42000e+02
8993 -2.41000e+02
9077 -2.40000e+02
9127 -2.39000e+02
9237 -2.38000e+02
9284 -2.37000e+02
9363 -2.36000e+02
9414 -2.35000e+02
9461 -2.34000e+02
9548 -2.33000e+02
9575 -2.32000e+02
9765 -2.31000e+02
9819 -2.30000e+02
9967 -2.29000e+02
9981 -2.29000e+02
"function evaluation" "best-so-far f(x)"
1 -3.83000e+02
6 -3.82000e+02
39 -3.81000e+02
100 -3.80000e+02
184 -3.79000e+02
319 -3.78000e+02
329 -3.77000e+02
396 -3.76000e+02
489 -3.75000e+02
497 -3.74000e+02
540 -3.73000e+02
583 -3.72000e+02
669 -3.71000e+02
747 -3.69000e+02
751 -3.68000e+02
825 -3.67000e+02
832 -3.65000e+02
932 -3.64000e+02
1066 -3.63000e+02
1085 -3.62000e+02
1319 -3.61000e+02
1336 -3.60000e+02
1387 -3.59000e+02
1388 -3.58000e+02
1465 -3.57000e+02
1503 -3.56000e+02
1576 -3.55000e+02
1602 -3.54000e+02
1662 -3.53000e+02
1825 -3.52000e+02
1849 -3.51000e+02
1861 -3.50000e+02
1926 -3.49000e+02
1966 -3.48000e+02
1981 -3.47000e+02
2036 -3.46000e+02
2086 -3.45000e+02
2121 -3.44000e+02
2187 -3.43000e+02
2205 -3.42000e+02
2218 -3.41000e+02
2241 -3.40000e+02
2316 -3.39000e+02
2376 -3.38000e+02
2481 -3.37000e+02
2611 -3.36000e+02
2634 -3.35000e+02
2687 -3.34000e+02
2736 -3.33000e+02
2780 -3.32000e+02
2835 -3.31000e+02
2867 -3.30000e+02
2899 -3.29000e+02
2923 -3.28000e+02
2929 -3.27000e+02
2979 -3.26000e+02
3012 -3.25000e+02
3094 -3.24000e+02
3287 -3.23000e+02
3365 -3.22000e+02
3410 -3.21000e+02
3452 -3.20000e+02
3487 -3.19000e+02
3499 -3.18000e+02
3595 -3.17000e+02
3620 -3.16000e+02
3639 -3.15000e+02
3703 -3.14000e+02
3772 -3.13000e+02
3867 -3.12000e+02
3906 -3.11000e+02
4083 -3.10000e+02
4109 -3.09000e+02
4139 -3.08000e+02
4172 -3.07000e+02
4211 -3.06000e+02
4234 -3.05000e+02
4318 -3.04000e+02
4330 -3.03000e+02
4377 -3.02000e+02
4461 -3.01000e+02
4517 -3.00000e+02
4559 -2.99000e+02
4582 -2.98000e+02
4717 -2.97000e+02
4805 -2.96000e+02
4843 -2.95000e+02
4966 -2.94000e+02
4996 -2.93000e+02
5065 -2.92000e+02
5246 -2.91000e+02
5317 -2.90000e+02
5324 -2.89000e+02
5400 -2.88000e+02
5535 -2.87000e+02
5569 -2.86000e+02
5677 -2.85000e+02
5800 -2.84000e+02
5895 -2.83000e+02
5995 -2.82000e+02
6028 -2.81000e+02
6060 -2.80000e+02
6081 -2.79000e+02
6128 -2.78000e+02
6254 -2.77000e+02
6286 -2.76000e+02
6330 -2.75000e+02
6403 -2.74000e+02
6436 -2.73000e+02
6553 -2.72000e+02
6637 -2.71000e+02
6643 -2.70000e+02
6659 -2.69000e+02
6664 -2.68000e+02
6723 -2.67000e+02
6891 -2.66000e+02
6999 -2.65000e+02
7028 -2.64000e+02
7100 -2.63000e+02
7166 -2.62000e+02
7187 -2.61000e+02
7260 -2.60000e+02
7297 -2.59000e+02
7372 -2.58000e+02
7394 -2.57000e+02
7449 -2.56000e+02
7459 -2.55000e+02
7612 -2.54000e+02
7705 -2.53000e+02
7714 -2.52000e+02
7772 -2.51000e+02
7813 -2.50000e+02
7845 -2.49000e+02
7926 -2.48000e+02
7984 -2.47000e+02
8030 -2.46000e+02
8164 -2.45000e+02
8208 -2.44000e+02
8305 -2.43000e+02
8308 -2.42000e+02
8364 -2.40000e+02
8389 -2.39000e+02
8470 -2.38000e+02
8502 -2.37000e+02
8575 -2.36000e+02
8680 -2.35000e+02
8704 -2.34000e+02
8784 -2.32000e+02
8868 -2.31000e+02
8927 -2.30000e+02
8992 -2.29000e+02
9219 -2.28000e+02
9276 -2.27000e+02
9288 -2.26000e+02
9335 -2.25000e+02
9427 -2.24000e+02
9559 -2.23000e+02
9684 -2.22000e+02
9830 -2.21000e+02
9943 -2.20000e+02
9956 -2.19000e+02
9981 -2.19000e+02
"function evaluation" "best-so-far f(x)"
1 -3.83000e+02
45 -3.82000e+02
55 -3.81000e+02
84 -3.80000e+02
129 -3.79000e+02
182 -3.78000e+02
259 -3.77000e+02
324 -3.76000e+02
500 -3.75000e+02
603 -3.74000e+02
652 -3.73000e+02
657 -3.72000e+02
687 -3.71000e+02
719 -3.70000e+02
770 -3.69000e+02
830 -3.68000e+02
872 -3.67000e+02
903 -3.66000e+02
965 -3.65000e+02
1096 -3.64000e+02
1139 -3.63000e+02
1220 -3.62000e+02
1241 -3.61000e+02
1255 -3.60000e+02
1316 -3.59000e+02
1362 -3.58000e+02
1486 -3.57000e+02
1550 -3.56000e+02
1585 -3.55000e+02
1643 -3.54000e+02
1732 -3.53000e+02
1819 -3.52000e+02
1845 -3.51000e+02
1848 -3.50000e+02
1895 -3.49000e+02
1966 -3.48000e+02
2001 -3.47000e+02
2104 -3.46000e+02
2146 -3.45000e+02
2252 -3.44000e+02
2273 -3.43000e+02
2335 -3.42000e+02
2344 -3.41000e+02
2350 -3.40000e+02
2358 -3.39000e+02
2428 -3.38000e+02
2455 -3.37000e+02
2674 -3.36000e+02
2755 -3.35000e+02
2775 -3.34000e+02
2822 -3.33000e+02
2865 -3.32000e+02
2892 -3.31000e+02
2923 -3.30000e+02
2952 -3.29000e+02
3022 -3.28000e+02
3080 -3.27000e+02
3086 -3.26000e+02
3133 -3.25000e+02
3166 -3.24000e+02
3213 -3.23000e+02
3282 -3.22000e+02
3347 -3.21000e+02
3471 -3.20000e+02
3485 -3.19000e+02
3534 -3.18000e+02
3538 -3.17000e+02
3559 -3.16000e+02
3670 -3.15000e+02
3742 -3.13000e+02
3781 -3.12000e+02
3810 -3.11000e+02
3871 -3.10000e+02
3927 -3.09000e+02
3939 -3.08000e+02
3957 -3.07000e+02
4017 -3.06000e+02
4051 -3.05000e+02
4147 -3.04000e+02
4252 -3.03000e+02
4359 -3.02000e+02
4422 -3.01000e+02
4529 -3.00000e+02
4614 -2.99000e+02
4757 -2.98000e+02
4822 -2.97000e+02
4851 -2.96000e+02
5021 -2.95000e+02
5080 -2.94000e+02
5183 -2.93000e+02
5282 -2.92000e+02
5295 -2.91000e+02
5337 -2.90000e+02
5369 -2.89000e+02
5446 -2.88000e+02
5552 -2.87000e+02
5598 -2.86000e+02
5636 -2.85000e+02
5752 -2.84000e+02
5835 -2.83000e+02
5985 -2.82000e+02
6080 -2.81000e+02
6097 -2.80000e+02
6150 -2.79000e+02
6247 -2.78000e+02
6466 -2.77000e+02
6569 -2.76000e+02
6764 -2.75000e+02
6786 -2.74000e+02
6805 -2.73000e+02
6879 -2.72000e+02
6977 -2.71000e+02
7080 -2.70000e+02
7125 -2.69000e+02
7251 -2.68000e+02
7332 -2.67000e+02
7367 -2.66000e+02
7445 -2.65000e+02
7472 -2.64000e+02
7547 -2.63000e+02
7698 -2.62000e+02
7751 -2.61000e+02
7832 -2.60000e+02
8002 -2.59000e+02
8035 -2.58000e+02
8078 -2.57000e+02
8150 -2.56000e+02
8166 -2.55000e+02
8343 -2.54000e+02
8365 -2.53000e+02
8428 -2.52000e+02
8471 -2.51000e+02
8595 -2.50000e+02
8626 -2.49000e+02
8630 -2.48000e+02
8687 -2.47000e+02
8743 -2.46000e+02
8826 -2.45000e+02
8878 -2.44000e+02
8982 -2.43000e+02
9049 -2.42000e+02
9159 -2.41000e+02
9200 -2.40000e+02
9335 -2.39000e+02
9556 -2.38000e+02
9573 -2.37000e+02
9577 -2.36000e+02
9613 -2.35000e+02
9704 -2.34000e+02
9851 -2.33000e+02
9906 -2.32000e+02
9940 -2.31000e+02
9981 -2.31000e+02
"function evaluation" "best-so-far f(x)"
1 -3.83000e+02
2 -3.82000e+02
19 -3.81000e+02
61 -3.80000e+02
107 -3.79000e+02
192 -3.78000e+02
232 -3.76000e+02
253 -3.75000e+02
256 -3.74000e+02
361 -3.73000e+02
441 -3.72000e+02
472 -3.71000e+02
634 -3.70000e+02
679 -3.69000e+02
733 -3.68000e+02
821 -3.67000e+02
978 -3.66000e+02
1047 -3.65000e+02
1159 -3.64000e+02
1206 -3.63000e+02
1241 -3.61000e+02
1256 -3.60000e+02
1308 -3.59000e+02
1344 -3.58000e+02
1390 -3.57000e+02
1431 -3.56000e+02
1483 -3.55000e+02
1493 -3.54000e+02
1504 -3.53000e+02
1585 -3.52000e+02
1634 -3.51000e+02
1747 -3.50000e+02
1864 -3.49000e+02
1974 -3.48000e+02
2017 -3.47000e+02
2046 -3.46000e+02
2140 -3.45000e+02
2191 -3.44000e+02
2197 -3.43000e+02
2211 -3.42000e+02
2241 -3.41000e+02
2336 -3.40000e+02
2358 -3.39000e+02
2399 -3.38000e+02
2448 -3.37000e+02
2509 -3.35000e+02
2548 -3.34000e+02
2570 -3.33000e+02
2603 -3.32000e+02
2615 -3.31000e+02
2638 -3.30000e+02
2765 -3.29000e+02
2778 -3.28000e+02
2920 -3.25000e+02
2987 -3.24000e+02
3129 -3.23000e+02
3151 -3.22000e+02
3296 -3.21000e+02
3324 -3.20000e+02
3329 -3.19000e+02
3344 -3.18000e+02
3369 -3.16000e+02
3491 -3.15000e+02
3628 -3.14000e+02
3654 -3.13000e+02
3758 -3.12000e+02
3812 -3.11000e+02
3829 -3.10000e+02
3865 -3.09000e+02
4109 -3.08000e+02
4141 -3.07000e+02
4195 -3.06000e+02
4203 -3.05000e+02
4231 -3.04000e+02
4368 -3.03000e+02
4545 -3.02000e+02
4560 -3.01000e+02
4569 -3.00000e+02
4589 -2.99000e+02
4646 -2.98000e+02
4710 -2.97000e+02
4791 -2.96000e+02
4853 -2.95000e+02
5008 -2.94000e+02
5032 -2.92000e+02
5071 -2.91000e+02
5136 -2.90000e+02
5210 -2.89000e+02
5302 -2.88000e+02
5438 -2.87000e+02
5524 -2.86000e+02
5569 -2.85000e+02
5587 -2.84000e+02
5743 -2.83000e+02
5843 -2.81000e+02
5901 -2.80000e+02
5975 -2.79000e+02
6018 -2.78000e+02
6077 -2.77000e+02
6114 -2.76000e+02
6299 -2.75000e+02
6372 -2.74000e+02
6384 -2.73000e+02
6401 -2.72000e+02
6459 -2.71000e+02
6605 -2.70000e+02
6635 -2.69000e+02
6696 -2.68000e+02
6723 -2.67000e+02
6771 -2.66000e+02
6842 -2.65000e+02
6857 -2.64000e+02
6887 -2.63000e+02
6993 -2.62000e+02
7049 -2.61000e+02
7260 -2.60000e+02
7357 -2.59000e+02
7430 -2.58000e+02
7481 -2.57000e+02
7490 -2.56000e+02
7540 -2.55000e+02
7620 -2.54000e+02
7792 -2.53000e+02
7864 -2.52000e+02
7915 -2.51000e+02
7966 -2.50000e+02
7993 -2.49000e+02
8053 -2.48000e+02
8101 -2.47000e+02
8147 -2.46000e+02
8168 -2.45000e+02
8234 -2.44000e+02
8325 -2.43000e+02
8430 -2.42000e+02
8498 -2.41000e+02
8555 -2.40000e+02
8587 -2.39000e+02
8620 -2.38000e+02
8721 -2.37000e+02
8885 -2.36000e+02
9033 -2.35000e+02
9117 -2.34000e+02
9160 -2.33000e+02
9291 -2.32000e+02
9401 -2.31000e+02
9468 -2.30000e+02
9518 -2.29000e+02
9543 -2.28000e+02
9566 -2.27000e+02
9596 -2.26000e+02
9693 -2.25000e+02
9822 -2.23000e+02
9887 -2.22000e+02
9943 -2.21000e+02
9961 -2.20000e+02
9981 -2.20000e+02
"function evaluation" "best-so-far f(x)"
1 -3.83000e+02
3 -3.82000e+02
77 -3.81000e+02
89 -3.80000e+02
98 -3.78000e+02
154 -3.77000e+02
265 -3.76000e+02
313 -3.75000e+02
363 -3.74000e+02
387 -3.73000e+02
418 -3.72000e+02
484 -3.71000e+02
505 -3.70000e+02
533 -3.68000e+02
621 -3.67000e+02
675 -3.66000e+02
728 -3.64000e+02
755 -3.63000e+02
846 -3.62000e+02
950 -3.61000e+02
958 -3.60000e+02
1009 -3.59000e+02
1053 -3.58000e+02
1088 -3.57000e+02
1186 -3.56000e+02
1209 -3.55000e+02
1238 -3.54000e+02
1282 -3.53000e+02
1408 -3.52000e+02
1438 -3.51000e+02
1556 -3.49000e+02
1642 -3.48000e+02
1715 -3.47000e+02
1889 -3.46000e+02
1930 -3.45000e+02
2043 -3.44000e+02
2099 -3.43000e+02
2201 -3.42000e+02
2258 -3.41000e+02
2331 -3.40000e+02
2538 -3.39000e+02
2565 -3.38000e+02
2598 -3.37000e+02
2659 -3.36000e+02
2687 -3.35000e+02
2813 -3.34000e+02
2870 -3.33000e+02
2918 -3.32000e+02
2962 -3.31000e+02
3077 -3.30000e+02
3087 -3.29000e+02
3159 -3.28000e+02
3237 -3.27000e+02
3267 -3.25000e+02
3387 -3.24000e+02
3405 -3.22000e+02
3420 -3.21000e+02
3537 -3.20000e+02
3554 -3.19000e+02
3620 -3.18000e+02
3668 -3.17000e+02
3739 -3.16000e+02
3773 -3.15000e+02
3827 -3.14000e+02
3884 -3.13000e+02
3915 -3.12000e+02
3919 -3.11000e+02
4002 -3.10000e+02
4009 -3.09000e+02
4073 -3.08000e+02
4146 -3.07000e+02
4170 -3.06000e+02
4216 -3.05000e+02
4305 -3.04000e+02
4377 -3.02000e+02
4408 -3.01000e+02
4506 -3.00000e+02
4596 -2.99000e+02
4652 -2.98000e+02
4726 -2.97000e+02
4767 -2.96000e+02
4772 -2.95000e+02
4850 -2.94000e+02
4881 -2.93000e+02
4911 -2.92000e+02
4952 -2.91000e+02
5111 -2.90000e+02
5167 -2.89000e+02
5218 -2.88000e+02
5272 -2.87000e+02
5408 -2.86000e+02
5409 -2.85000e+02
5439 -2.83000e+02
5549 -2.82000e+02
5563 -2.81000e+02
5724 -2.80000e+02
5817 -2.79000e+02
5847 -2.78000e+02
5903 -2.77000e+02
5942 -2.76000e+02
6017 -2.75000e+02
6051 -2.74000e+02
6064 -2.73000e+02
6131 -2.72000e+02
6156 -2.71000e+02
6386 -2.69000e+02
6592 -2.68000e+02
6806 -2.67000e+02
6857 -2.66000e+02
6936 -2.65000e+02
6985 -2.64000e+02
7096 -2.63000e+02
7106 -2.62000e+02
7170 -2.61000e+02
7403 -2.60000e+02
7610 -2.59000e+02
7754 -2.58000e+02
7769 -2.57000e+02
7832 -2.56000e+02
7875 -2.55000e+02
7909 -2.54000e+02
8028 -2.53000e+02
8059 -2.52000e+02
8148 -2.51000e+02
8193 -2.50000e+02
8201 -2.49000e+02
8231 -2.48000e+02
8292 -2.47000e+02
8322 -2.46000e+02
8372 -2.45000e+02
8433 -2.44000e+02
8610 -2.43000e+02
8635 -2.42000e+02
8682 -2.41000e+02
8739 -2.40000e+02
8858 -2.39000e+02
8919 -2.38000e+02
9138 -2.37000e+02
9294 -2.36000e+02
9313 -2.35000e+02
9389 -2.34000e+02
9449 -2.33000e+02
9469 -2.32000e+02
9471 -2.31000e+02
9671 -2.30000e+02
9682 -2.29000e+02
9786 -2.28000e+02
9829 -2.27000e+02
9849 -2.26000e+02
9954 -2.25000e+02
9981 -2.25000e+02
"function evaluation" "best-so-far f(x)"
1 -3.83000e+02
34 -3.82000e+02
55 -3.81000e+02
217 -3.80000e+02
228 -3.79000e+02
289 -3.77000e+02
311 -3.76000e+02
446 -3.75000e+02
489 -3.74000e+02
534 -3.73000e+02
582 -3.72000e+02
647 -3.71000e+02
680 -3.70000e+02
686 -3.69000e+02
794 -3.68000e+02
801 -3.67000e+02
857 -3.66000e+02
893 -3.65000e+02
1054 -3.64000e+02
1069 -3.63000e+02
1109 -3.62000e+02
1141 -3.61000e+02
1218 -3.60000e+02
1254 -3.59000e+02
1354 -3.58000e+02
1408 -3.57000e+02
1464 -3.56000e+02
1532 -3.55000e+02
1570 -3.54000e+02
1620 -3.52000e+02
1649 -3.51000e+02
1700 -3.50000e+02
1722 -3.49000e+02
1790 -3.48000e+02
1991 -3.47000e+02
1993 -3.46000e+02
2006 -3.45000e+02
2028 -3.44000e+02
2040 -3.43000e+02
2058 -3.42000e+02
2094 -3.41000e+02
2116 -3.40000e+02
2140 -3.39000e+02
2158 -3.38000e+02
2218 -3.37000e+02
2272 -3.36000e+02
2302 -3.35000e+02
2339 -3.34000e+02
2377 -3.33000e+02
2381 -3.32000e+02
2456 -3.31000e+02
2628 -3.30000e+02
2678 -3.29000e+02
2715 -3.28000e+02
2776 -3.27000e+02
2797 -3.25000e+02
2934 -3.24000e+02
3017 -3.23000e+02
3072 -3.22000e+02
3123 -3.21000e+02
3134 -3.20000e+02
3200 -3.19000e+02
3224 -3.18000e+02
3236 -3.17000e+02
3282 -3.16000e+02
3294 -3.15000e+02
3404 -3.14000e+02
3428 -3.13000e+02
3466 -3.12000e+02
3538 -3.11000e+02
3548 -3.10000e+02
3584 -3.09000e+02
3626 -3.08000e+02
3789 -3.07000e+02
3863 -3.06000e+02
3887 -3.05000e+02
4017 -3.04000e+02
4079 -3.03000e+02
4153 -3.02000e+02
4289 -3.01000e+02
4324 -3.00000e+02
4521 -2.99000e+02
4528 -2.98000e+02
4684 -2.97000e+02
4723 -2.96000e+02
4748 -2.95000e+02
4792 -2.94000e+02
4810 -2.93000e+02
5000 -2.92000e+02
5012 -2.91000e+02
5055 -2.90000e+02
5120 -2.89000e+02
5153 -2.88000e+02
5263 -2.87000e+02
5281 -2.86000e+02
5367 -2.85000e+02
5456 -2.84000e+02
5470 -2.83000e+02
5492 -2.82000e+02
5544 -2.81000e+02
5583 -2.80000e+02
5592 -2.78000e+02
5631 -2.77000e+02
5659 -2.76000e+02
5671 -2.75000e+02
5738 -2.74000e+02
5782 -2.72000e+02
5911 -2.71000e+02
5971 -2.70000e+02
6033 -2.69000e+02
6101 -2.68000e+02
6133 -2.67000e+02
6161 -2.66000e+02
6254 -2.65000e+02
6297 -2.64000e+02
6361 -2.63000e+02
6407 -2.62000e+02
6453 -2.61000e+02
6623 -2.60000e+02
6714 -2.59000e+02
6791 -2.58000e+02
6828 -2.57000e+02
6842 -2.56000e+02
6863 -2.55000e+02
7028 -2.54000e+02
7058 -2.53000e+02
7122 -2.52000e+02
7141 -2.51000e+02
7146 -2.50000e+02
7212 -2.49000e+02
7323 -2.48000e+02
7385 -2.47000e+02
7429 -2.46000e+02
7532 -2.45000e+02
7686 -2.44000e+02
7776 -2.43000e+02
8011 -2.42000e+02
8034 -2.41000e+02
8175 -2.40000e+02
8245 -2.39000e+02
8302 -2.38000e+02
8321 -2.37000e+02
8407 -2.36000e+02
8495 -2.35000e+02
8500 -2.34000e+02
8534 -2.33000e+02
8693 -2.32000e+02
8733 -2.31000e+02
8748 -2.30000e+02
8791 -2.29000e+02
8885 -2.28000e+02
8890 -2.27000e+02
9086 -2.26000e+02
9152 -2.25000e+02
9162 -2.24000e+02
9186 -2.23000e+02
9214 -2.22000e+02
9262 -2.21000e+02
9373 -2.20000e+02
9558 -2.19000e+02
9619 -2.18000e+02
9672 -2.17000e+02
9701 -2.16000e+02
9821 -2.15000e+02
9912 -2.14000e+02
9929 -2.13000e+02
9981 -2.13000e+02
"function evaluation" "best-so-far f(x)"
1 -3.83000e+02
34 -3.82000e+02
88 -3.81000e+02
214 -3.80000e+02
339 -3.79000e+02
442 -3.78000e+02
475 -3.77000e+02
498 -3.76000e+02
545 -3.75000e+02
574 -3.74000e+02
579 -3.73000e+02
597 -3.72000e+02
735 -3.71000e+02
774 -3.70000e+02
834 -3.69000e+02
875 -3.68000e+02
1035 -3.67000e+02
1110 -3.66000e+02
1173 -3.64000e+02
1193 -3.63000e+02
1229 -3.62000e+02
1258 -3.61000e+02
1284 -3.60000e+02
1420 -3.59000e+02
1431 -3.57000e+02
1504 -3.56000e+02
1525 -3.55000e+02
1583 -3.54000e+02
1662 -3.53000e+02
1695 -3.52000e+02
1714 -3.51000e+02
1806 -3.50000e+02
1843 -3.49000e+02
1890 -3.48000e+02
2105 -3.47000e+02
2135 -3.46000e+02
2201 -3.45000e+02
2247 -3.44000e+02
2292 -3.43000e+02
2313 -3.42000e+02
2359 -3.41000e+02
2404 -3.40000e+02
2429 -3.39000e+02
2455 -3.38000e+02
2474 -3.37000e+02
2568 -3.36000e+02
2610 -3.35000e+02
2614 -3.33000e+02
2626 -3.32000e+02
2650 -3.31000e+02
2729 -3.30000e+02
2786 -3.29000e+02
2795 -3.28000e+02
2804 -3.27000e+02
2887 -3.26000e+02
2911 -3.25000e+02
2974 -3.24000e+02
3034 -3.23000e+02
3098 -3.22000e+02
3229 -3.21000e+02
3320 -3.20000e+02
3387 -3.19000e+02
3412 -3.18000e+02
3600 -3.17000e+02
3625 -3.16000e+02
3717 -3.15000e+02
3730 -3.14000e+02
3755 -3.13000e+02
3796 -3.12000e+02
3810 -3.11000e+02
3895 -3.10000e+02
3919 -3.09000e+02
3981 -3.08000e+02
3998 -3.07000e+02
4097 -3.06000e+02
4190 -3.05000e+02
4218 -3.04000e+02
4225 -3.03000e+02
4274 -3.02000e+02
4309 -3.01000e+02
4377 -3.00000e+02
4412 -2.99000e+02
4503 -2.98000e+02
4628 -2.97000e+02
4712 -2.96000e+02
4778 -2.95000e+02
4799 -2.94000e+02
4822 -2.93000e+02
4895 -2.92000e+02
4905 -2.91000e+02
4946 -2.90000e+02
4971 -2.89000e+02
5062 -2.88000e+02
5224 -2.87000e+02
5237 -2.86000e+02
5324 -2.85000e+02
5408 -2.84000e+02
5464 -2.83000e+02
5575 -2.82000e+02
5593 -2.81000e+02
5645 -2.80000e+02
5727 -2.79000e+02
5769 -2.78000e+02
5818 -2.77000e+02
5902 -2.76000e+02
5919 -2.75000e+02
5944 -2.74000e+02
5968 -2.73000e+02
6011 -2.71000e+02
6221 -2.70000e+02
6232 -2.69000e+02
6271 -2.68000e+02
6279 -2.67000e+02
6489 -2.65000e+02
6509 -2.64000e+02
6544 -2.63000e+02
6660 -2.62000e+02
6738 -2.61000e+02
6815 -2.60000e+02
6838 -2.59000e+02
6908 -2.58000e+02
7090 -2.57000e+02
7211 -2.56000e+02
7244 -2.55000e+02
7325 -2.54000e+02
7334 -2.53000e+02
7411 -2.52000e+02
7491 -2.51000e+02
7660 -2.50000e+02
7822 -2.49000e+02
7955 -2.47000e+02
7986 -2.46000e+02
8049 -2.45000e+02
8067 -2.44000e+02
8164 -2.43000e+02
8350 -2.42000e+02
8427 -2.41000e+02
8475 -2.40000e+02
8522 -2.39000e+02
8667 -2.38000e+02
8707 -2.37000e+02
8884 -2.36000e+02
8920 -2.35000e+02
8979 -2.34000e+02
9199 -2.33000e+02
9326 -2.32000e+02
9471 -2.31000e+02
9577 -2.30000e+02
9608 -2.29000e+02
9667 -2.28000e+02
9682 -2.27000e+02
9819 -2.26000e+02
9914 -2.25000e+02
9953 -2.24000e+02
9979 -2.23000e+02
9981 -2.23000e+02
"function evaluation" "best-so-far f(x)"
1 -3.83000e+02
2 -3.82000e+02
82 -3.81000e+02
134 -3.79000e+02
155 -3.78000e+02
175 -3.77000e+02
284 -3.75000e+02
300 -3.74000e+02
391 -3.73000e+02
467 -3.72000e+02
478 -3.70000e+02
532 -3.69000e+02
618 -3.68000e+02
685 -3.67000e+02
804 -3.65000e+02
864 -3.64000e+02
1066 -3.63000e+02
1076 -3.62000e+02
1091 -3.61000e+02
1162 -3.60000e+02
1180 -3.58000e+02
1196 -3.57000e+02
1321 -3.56000e+02
1341 -3.55000e+02
1369 -3.54000e+02
1387 -3.52000e+02
1461 -3.51000e+02
1497 -3.50000e+02
1520 -3.49000e+02
1614 -3.48000e+02
1651 -3.47000e+02
1793 -3.46000e+02
1844 -3.44000e+02
1946 -3.43000e+02
2006 -3.42000e+02
2113 -3.40000e+02
2132 -3.39000e+02
2168 -3.38000e+02
2172 -3.37000e+02
2219 -3.36000e+02
2231 -3.35000e+02
2254 -3.34000e+02
2297 -3.33000e+02
2341 -3.32000e+02
2400 -3.31000e+02
2401 -3.30000e+02
2438 -3.29000e+02
2456 -3.28000e+02
2490 -3.27000e+02
2548 -3.26000e+02
2646 -3.25000e+02
2652 -3.24000e+02
2716 -3.23000e+02
2799 -3.22000e+02
2921 -3.21000e+02
2971 -3.19000e+02
3075 -3.18000e+02
3159 -3.17000e+02
3239 -3.16000e+02
3253 -3.15000e+02
3334 -3.14000e+02
3356 -3.13000e+02
3376 -3.12000e+02
3403 -3.11000e+02
3442 -3.10000e+02
3528 -3.09000e+02
3580 -3.08000e+02
3682 -3.07000e+02
3747 -3.06000e+02
3805 -3.05000e+02
3842 -3.04000e+02
3848 -3.03000e+02
3937 -3.02000e+02
3944 -3.01000e+02
3985 -3.00000e+02
4105 -2.99000e+02
4116 -2.98000e+02
4136 -2.97000e+02
4166 -2.96000e+02
4198 -2.95000e+02
4310 -2.94000e+02
4344 -2.93000e+02
4428 -2.92000e+02
4476 -2.91000e+02
4559 -2.90000e+02
4562 -2.89000e+02
4652 -2.88000e+02
4791 -2.87000e+02
4831 -2.86000e+02
4889 -2.85000e+02
4969 -2.84000e+02
5035 -2.83000e+02
5072 -2.82000e+02
5141 -2.81000e+02
5152 -2.80000e+02
5220 -2.79000e+02
5297 -2.78000e+02
5385 -2.77000e+02
5722 -2.76000e+02
5806 -2.75000e+02
5887 -2.74000e+02
5954 -2.73000e+02
6012 -2.72000e+02
6079 -2.70000e+02
6224 -2.69000e+02
6336 -2.68000e+02
6399 -2.67000e+02
6489 -2.66000e+02
6595 -2.65000e+02
6666 -2.64000e+02
6858 -2.62000e+02
6926 -2.61000e+02
7002 -2.60000e+02
7081 -2.59000e+02
7154 -2.58000e+02
7173 -2.57000e+02
7274 -2.55000e+02
7429 -2.54000e+02
7470 -2.53000e+02
7477 -2.52000e+02
7571 -2.51000e+02
7614 -2.50000e+02
7628 -2.49000e+02
7671 -2.48000e+02
7712 -2.47000e+02
7773 -2.46000e+02
7936 -2.45000e+02
7995 -2.44000e+02
8025 -2.43000e+02
8110 -2.42000e+02
8219 -2.41000e+02
8327 -2.40000e+02
8399 -2.39000e+02
8454 -2.38000e+02
8526 -2.37000e+02
8616 -2.36000e+02
8630 -2.35000e+02
8651 -2.34000e+02
8695 -2.33000e+02
8706 -2.32000e+02
8774 -2.31000e+02
8900 -2.30000e+02
8935 -2.29000e+02
8961 -2.28000e+02
8985 -2.27000e+02
9006 -2.26000e+02
9089 -2.25000e+02
9211 -2.24000e+02
9334 -2.23000e+02
9383 -2.22000e+02
9398 -2.21000e+02
9553 -2.20000e+02
9728 -2.19000e+02
9762 -2.17000e+02
9786 -2.16000e+02
9912 -2.15000e+02
9981 -2.15000e+02
"function evaluation" "best-so-far f(x)"
1 -3.83000e+02
30 -3.82000e+02
91 -3.81000e+02
99 -3.80000e+02
149 -3.79000e+02
217 -3.78000e+02
280 -3.77000e+02
304 -3.76000e+02
383 -3.75000e+02
459 -3.74000e+02
502 -3.73000e+02
517 -3.72000e+02
571 -3.71000e+02
597 -3.70000e+02
620 -3.69000e+02
624 -3.68000e+02
729 -3.67000e+02
730 -3.66000e+02
796 -3.65000e+02
877 -3.64000e+02
995 -3.63000e+02
999 -3.61000e+02
1068 -3.60000e+02
1102 -3.59000e+02
1177 -3.57000e+02
1313 -3.56000e+02
1449 -3.55000e+02
1555 -3.54000e+02
1638 -3.53000e+02
1686 -3.52000e+02
1753 -3.51000e+02
1869 -3.50000e+02
1953 -3.49000e+02
1986 -3.48000e+02
2089 -3.47000e+02
2259 -3.46000e+02
2295 -3.45000e+02
2375 -3.44000e+02
2378 -3.43000e+02
2404 -3.42000e+02
2525 -3.41000e+02
2559 -3.40000e+02
2606 -3.39000e+02
2608 -3.38000e+02
2679 -3.37000e+02
2818 -3.36000e+02
2837 -3.35000e+02
2885 -3.34000e+02
3004 -3.33000e+02
3058 -3.32000e+02
3070 -3.31000e+02
3102 -3.30000e+02
3161 -3.29000e+02
3180 -3.28000e+02
3196 -3.27000e+02
3251 -3.26000e+02
3288 -3.25000e+02
3351 -3.24000e+02
3447 -3.23000e+02
3507 -3.22000e+02
3586 -3.21000e+02
3592 -3.19000e+02
3647 -3.18000e+02
3698 -3.17000e+02
3830 -3.16000e+02
3900 -3.15000e+02
3990 -3.14000e+02
4119 -3.13000e+02
4213 -3.12000e+02
4225 -3.11000e+02
4230 -3.10000e+02
4251 -3.09000e+02
4331 -3.08000e+02
4441 -3.07000e+02
4553 -3.06000e+02
4702 -3.05000e+02
4720 -3.04000e+02
4780 -3.03000e+02
4879 -3.02000e+02
4899 -3.01000e+02
4948 -3.00000e+02
4996 -2.99000e+02
5113 -2.98000e+02
5148 -2.97000e+02
5161 -2.96000e+02
5247 -2.95000e+02
5389 -2.94000e+02
5474 -2.93000e+02
5537 -2.92000e+02
5591 -2.91000e+02
5594 -2.90000e+02
5716 -2.89000e+02
5738 -2.88000e+02
5758 -2.87000e+02
5938 -2.86000e+02
6023 -2.85000e+02
6144 -2.84000e+02
6170 -2.83000e+02
6188 -2.82000e+02
6228 -2.81000e+02
6338 -2.80000e+02
6365 -2.79000e+02
6402 -2.78000e+02
6427 -2.77000e+02
6563 -2.76000e+02
6670 -2.75000e+02
6695 -2.74000e+02
6863 -2.73000e+02
6872 -2.72000e+02
6963 -2.71000e+02
7068 -2.70000e+02
7115 -2.69000e+02
7181 -2.68000e+02
7214 -2.67000e+02
7292 -2.66000e+02
7354 -2.65000e+02
7448 -2.64000e+02
7572 -2.63000e+02
7743 -2.62000e+02
7809 -2.61000e+02
7850 -2.60000e+02
7955 -2.59000e+02
8184 -2.58000e+02
8236 -2.57000e+02
8287 -2.56000e+02
8350 -2.55000e+02
8386 -2.54000e+02
8475 -2.53000e+02
8605 -2.52000e+02
8634 -2.51000e+02
8879 -2.50000e+02
8900 -2.49000e+02
8930 -2.48000e+02
8965 -2.47000e+02
9088 -2.46000e+02
9140 -2.45000e+02
9249 -2.44000e+02
9306 -2.43000e+02
9407 -2.41000e+02
9589 -2.40000e+02
9610 -2.39000e+02
9727 -2.38000e+02
9773 -2.37000e+02
9819 -2.36000e+02
9894 -2.35000e+02
9900 -2.34000e+02
9981 -2.34000e+02
"function evaluation" "best-so-far f(x)"
1 -3.83000e+02
57 -3.82000e+02
109 -3.81000e+02
148 -3.80000e+02
160 -3.79000e+02
188 -3.78000e+02
244 -3.77000e+02
270 -3.76000e+02
332 -3.75000e+02
420 -3.74000e+02
452 -3.73000e+02
534 -3.72000e+02
553 -3.71000e+02
562 -3.70000e+02
593 -3.69000e+02
656 -3.68000e+02
690 -3.67000e+02
732 -3.66000e+02
828 -3.65000e+02
906 -3.64000e+02
933 -3.63000e+02
1063 -3.62000e+02
1146 -3.61000e+02
1179 -3.60000e+02
1247 -3.59000e+02
1274 -3.58000e+02
1330 -3.57000e+02
1376 -3.56000e+02
1395 -3.55000e+02
1423 -3.54000e+02
1511 -3.53000e+02
1574 -3.51000e+02
1582 -3.50000e+02
1663 -3.46000e+02
1673 -3.45000e+02
1769 -3.44000e+02
1812 -3.43000e+02
1920 -3.42000e+02
1970 -3.41000e+02
2081 -3.40000e+02
2119 -3.39000e+02
2224 -3.37000e+02
2267 -3.36000e+02
2310 -3.35000e+02
2338 -3.34000e+02
2346 -3.33000e+02
2413 -3.32000e+02
2454 -3.31000e+02
2475 -3.30000e+02
2514 -3.29000e+02
2615 -3.28000e+02
2768 -3.27000e+02
2800 -3.26000e+02
2934 -3.25000e+02
2949 -3.24000e+02
3037 -3.23000e+02
3076 -3.21000e+02
3227 -3.20000e+02
3354 -3.18000e+02
3382 -3.17000e+02
3385 -3.16000e+02
3407 -3.15000e+02
3511 -3.14000e+02
3595 -3.12000e+02
3628 -3.11000e+02
3644 -3.10000e+02
3752 -3.09000e+02
3839 -3.08000e+02
4026 -3.07000e+02
4082 -3.06000e+02
4109 -3.05000e+02
4163 -3.04000e+02
4469 -3.03000e+02
4509 -3.02000e+02
4580 -3.01000e+02
4583 -3.00000e+02
4650 -2.99000e+02
4687 -2.98000e+02
4699 -2.97000e+02
4726 -2.96000e+02
4763 -2.95000e+02
4826 -2.94000e+02
4949 -2.93000e+02
5064 -2.92000e+02
5066 -2.91000e+02
5076 -2.90000e+02
5110 -2.89000e+02
5163 -2.88000e+02
5274 -2.87000e+02
5305 -2.86000e+02
5457 -2.84000e+02
5514 -2.83000e+02
5597 -2.82000e+02
5616 -2.81000e+02
5680 -2.80000e+02
5707 -2.79000e+02
5735 -2.78000e+02
5767 -2.77000e+02
5778 -2.76000e+02
5818 -2.75000e+02
5851 -2.74000e+02
5964 -2.73000e+02
6063 -2.72000e+02
6117 -2.71000e+02
6285 -2.70000e+02
6439 -2.69000e+02
6481 -2.68000e+02
6492 -2.67000e+02
6500 -2.66000e+02
6603 -2.65000e+02
6724 -2.64000e+02
6781 -2.63000e+02
6803 -2.62000e+02
6867 -2.61000e+02
6880 -2.60000e+02
6890 -2.59000e+02
7020 -2.58000e+02
7055 -2.57000e+02
7121 -2.56000e+02
7163 -2.55000e+02
7202 -2.54000e+02
7243 -2.53000e+02
7246 -2.52000e+02
7298 -2.51000e+02
7314 -2.50000e+02
7403 -2.49000e+02
7531 -2.48000e+02
7647 -2.47000e+02
7655 -2.46000e+02
7700 -2.45000e+02
7778 -2.44000e+02
7805 -2.43000e+02
7848 -2.42000e+02
7913 -2.41000e+02
8028 -2.39000e+02
8059 -2.38000e+02
8078 -2.37000e+02
8107 -2.36000e+02
8138 -2.33000e+02
8277 -2.32000e+02
8426 -2.31000e+02
8445 -2.30000e+02
8523 -2.29000e+02
8546 -2.28000e+02
8823 -2.27000e+02
8859 -2.26000e+02
8919 -2.25000e+02
9010 -2.24000e+02
9089 -2.23000e+02
9112 -2.22000e+02
9162 -2.21000e+02
9241 -2.20000e+02
9315 -2.19000e+02
9343 -2.18000e+02
9416 -2.17000e+02
9440 -2.16000e+02
9551 -2.15000e+02
9574 -2.14000e+02
9629 -2.13000e+02
9655 -2.12000e+02
9729 -2.11000e+02
9771 -2.10000e+02
9881 -2.08000e+02
9941 -2.07000e+02
9981 -2.07000e+02
"function evaluation" "best-so-far f(x)"
1 -3.83000e+02
16 -3.82000e+02
51 -3.81000e+02
155 -3.80000e+02
203 -3.79000e+02
293 -3.78000e+02
337 -3.77000e+02
360 -3.76000e+02
393 -3.75000e+02
457 -3.74000e+02
478 -3.73000e+02
489 -3.72000e+02
617 -3.71000e+02
679 -3.70000e+02
716 -3.69000e+02
723 -3.68000e+02
782 -3.67000e+02
837 -3.66000e+02
892 -3.65000e+02
964 -3.64000e+02
1100 -3.63000e+02
1138 -3.62000e+02
1242 -3.61000e+02
1364 -3.60000e+02
1541 -3.59000e+02
1567 -3.58000e+02
1810 -3.57000e+02
1857 -3.56000e+02
1859 -3.55000e+02
1955 -3.54000e+02
2005 -3.53000e+02
2033 -3.52000e+02
2113 -3.51000e+02
2163 -3.50000e+02
2289 -3.49000e+02
2315 -3.48000e+02
2389 -3.47000e+02
2450 -3.46000e+02
2484 -3.45000e+02
2530 -3.43000e+02
2641 -3.42000e+02
2735 -3.41000e+02
2816 -3.40000e+02
2855 -3.39000e+02
2918 -3.38000e+02
2946 -3.37000e+02
3083 -3.36000e+02
3128 -3.35000e+02
3129 -3.34000e+02
3240 -3.33000e+02
3360 -3.32000e+02
3362 -3.31000e+02
3472 -3.30000e+02
3497 -3.29000e+02
3565 -3.28000e+02
3575 -3.27000e+02
3657 -3.26000e+02
3709 -3.25000e+02
3757 -3.24000e+02
3833 -3.23000e+02
3870 -3.22000e+02
3957 -3.21000e+02
4057 -3.20000e+02
4133 -3.19000e+02
4183 -3.18000e+02
4242 -3.17000e+02
4379 -3.16000e+02
4490 -3.15000e+02
4516 -3.14000e+02
4689 -3.13000e+02
4749 -3.12000e+02
4879 -3.11000e+02
4954 -3.10000e+02
4960 -3.09000e+02
5001 -3.08000e+02
5062 -3.06000e+02
5143 -3.05000e+02
5185 -3.04000e+02
5197 -3.03000e+02
5237 -3.02000e+02
5341 -3.01000e+02
5392 -3.00000e+02
5427 -2.99000e+02
5447 -2.98000e+02
5590 -2.97000e+02
5596 -2.96000e+02
5612 -2.95000e+02
5626 -2.94000e+02
5631 -2.93000e+02
5701 -2.92000e+02
5716 -2.91000e+02
5771 -2.90000e+02
5788 -2.89000e+02
5841 -2.88000e+02
5847 -2.87000e+02
6006 -2.86000e+02
6103 -2.85000e+02
6183 -2.84000e+02
6223 -2.83000e+02
6264 -2.82000e+02
6307 -2.81000e+02
6368 -2.80000e+02
6407 -2.79000e+02
6413 -2.78000e+02
6445 -2.76000e+02
6528 -2.75000e+02
6663 -2.74000e+02
6793 -2.73000e+02
6868 -2.72000e+02
6931 -2.71000e+02
7023 -2.70000e+02
7037 -2.69000e+02
7124 -2.68000e+02
7204 -2.67000e+02
7223 -2.66000e+02
7279 -2.65000e+02
7344 -2.64000e+02
7380 -2.63000e+02
7452 -2.62000e+02
7674 -2.61000e+02
7748 -2.60000e+02
7769 -2.59000e+02
7782 -2.58000e+02
7809 -2.57000e+02
7854 -2.56000e+02
7895 -2.55000e+02
8009 -2.54000e+02
8053 -2.53000e+02
8222 -2.52000e+02
8283 -2.51000e+02
8406 -2.50000e+02
8440 -2.49000e+02
8593 -2.48000e+02
8718 -2.47000e+02
8731 -2.46000e+02
8783 -2.45000e+02
8858 -2.44000e+02
8914 -2.43000e+02
8950 -2.42000e+02
8972 -2.41000e+02
9028 -2.40000e+02
9066 -2.39000e+02
9132 -2.38000e+02
9189 -2.37000e+02
9246 -2.36000e+02
9316 -2.35000e+02
9319 -2.34000e+02
9492 -2.33000e+02
9514 -2.32000e+02
9666 -2.31000e+02
9724 -2.30000e+02
9749 -2.29000e+02
9856 -2.28000e+02
9958 -2.27000e+02
9981 -2.27000e+02
"function evaluation" "best-so-far f(x)"
1 -3.83000e+02
28 -3.82000e+02
46 -3.81000e+02
117 -3.80000e+02
209 -3.79000e+02
336 -3.78000e+02
396 -3.77000e+02
487 -3.76000e+02
511 -3.75000e+02
533 -3.74000e+02
554 -3.73000e+02
635 -3.72000e+02
703 -3.71000e+02
708 -3.70000e+02
763 -3.69000e+02
810 -3.68000e+02
1008 -3.67000e+02
1072 -3.66000e+02
1123 -3.65000e+02
1146 -3.64000e+02
1154 -3.63000e+02
1227 -3.62000e+02
1269 -3.61000e+02
1303 -3.60000e+02
1327 -3.59000e+02
1345 -3.58000e+02
1385 -3.57000e+02
1506 -3.56000e+02
1520 -3.55000e+02
1539 -3.54000e+02
1574 -3.53000e+02
1634 -3.52000e+02
1669 -3.51000e+02
1796 -3.50000e+02
1813 -3.49000e+02
1895 -3.48000e+02
1920 -3.47000e+02
2009 -3.46000e+02
2036 -3.45000e+02
2109 -3.44000e+02
2178 -3.43000e+02
2236 -3.42000e+02
2288 -3.40000e+02
2353 -3.39000e+02
2406 -3.38000e+02
2444 -3.36000e+02
2545 -3.35000e+02
2555 -3.34000e+02
2689 -3.33000e+02
2748 -3.32000e+02
2794 -3.31000e+02
2825 -3.30000e+02
2943 -3.29000e+02
2993 -3.28000e+02
3064 -3.27000e+02
3088 -3.26000e+02
3098 -3.25000e+02
3301 -3.23000e+02
3449 -3.21000e+02
3455 -3.20000e+02
3480 -3.19000e+02
3526 -3.18000e+02
3651 -3.17000e+02
3660 -3.16000e+02
3721 -3.15000e+02
3774 -3.14000e+02
3811 -3.13000e+02
3855 -3.12000e+02
3878 -3.10000e+02
3907 -3.09000e+02
3945 -3.08000e+02
4039 -3.07000e+02
4101 -3.06000e+02
4132 -3.05000e+02
4180 -3.04000e+02
4223 -3.03000e+02
4238 -3.02000e+02
4264 -3.01000e+02
4440 -3.00000e+02
4488 -2.99000e+02
4547 -2.98000e+02
4704 -2.97000e+02
4822 -2.96000e+02
4873 -2.95000e+02
4979 -2.94000e+02
5021 -2.93000e+02
5102 -2.92000e+02
5146 -2.91000e+02
5227 -2.90000e+02
5259 -2.88000e+02
5410 -2.87000e+02
5477 -2.86000e+02
5496 -2.85000e+02
5565 -2.84000e+02
5695 -2.83000e+02
5801 -2.82000e+02
5809 -2.81000e+02
5893 -2.80000e+02
6053 -2.79000e+02
6149 -2.78000e+02
6170 -2.77000e+02
6204 -2.76000e+02
6245 -2.75000e+02
6293 -2.74000e+02
6345 -2.73000e+02
6460 -2.72000e+02
6607 -2.71000e+02
6780 -2.70000e+02
6800 -2.69000e+02
6823 -2.68000e+02
6961 -2.67000e+02
7016 -2.66000e+02
7105 -2.65000e+02
7171 -2.64000e+02
7214 -2.63000e+02
7339 -2.62000e+02
7379 -2.61000e+02
7463 -2.60000e+02
7482 -2.59000e+02
7514 -2.58000e+02
7569 -2.57000e+02
7743 -2.56000e+02
7850 -2.55000e+02
7923 -2.54000e+02
7983 -2.53000e+02
7992 -2.52000e+02
8207 -2.51000e+02
8280 -2.50000e+02
8360 -2.49000e+02
8449 -2.48000e+02
8503 -2.47000e+02
8553 -2.46000e+02
8646 -2.45000e+02
8676 -2.44000e+02
8874 -2.42000e+02
8931 -2.41000e+02
9009 -2.40000e+02
9030 -2.39000e+02
9183 -2.38000e+02
9332 -2.37000e+02
9476 -2.35000e+02
9765 -2.34000e+02
9824 -2.33000e+02
9839 -2.32000e+02
9918 -2.31000e+02
9981 -2.31000e+02
"function evaluation" "best-so-far f(x)"
1 -3.83000e+02
52 -3.82000e+02
56 -3.81000e+02
115 -3.80000e+02
137 -3.79000e+02
167 -3.78000e+02
205 -3.77000e+02
275 -3.76000e+02
304 -3.75000e+02
368 -3.74000e+02
427 -3.73000e+02
461 -3.72000e+02
481 -3.71000e+02
535 -3.70000e+02
574 -3.69000e+02
651 -3.68000e+02
692 -3.67000e+02
713 -3.66000e+02
776 -3.65000e+02
830 -3.64000e+02
833 -3.63000e+02
872 -3.62000e+02
976 -3.61000e+02
985 -3.60000e+02
1015 -3.59000e+02
1090 -3.58000e+02
1138 -3.57000e+02
1185 -3.56000e+02
1191 -3.55000e+02
1244 -3.54000e+02
1298 -3.53000e+02
1347 -3.52000e+02
1422 -3.51000e+02
1430 -3.50000e+02
1463 -3.49000e+02
1517 -3.48000e+02
1518 -3.47000e+02
1554 -3.46000e+02
1631 -3.45000e+02
1652 -3.44000e+02
1769 -3.43000e+02
1852 -3.42000e+02
1896 -3.41000e+02
1940 -3.40000e+02
1982 -3.38000e+02
2085 -3.37000e+02
2149 -3.36000e+02
2159 -3.35000e+02
2275 -3.34000e+02
2453 -3.33000e+02
2493 -3.32000e+02
2505 -3.31000e+02
2508 -3.30000e+02
2731 -3.29000e+02
2795 -3.28000e+02
2828 -3.27000e+02
2884 -3.26000e+02
2903 -3.25000e+02
3038 -3.24000e+02
3109 -3.23000e+02
3133 -3.22000e+02
3158 -3.21000e+02
3229 -3.20000e+02
3342 -3.19000e+02
3450 -3.18000e+02
3523 -3.16000e+02
3566 -3.15000e+02
3611 -3.13000e+02
3659 -3.12000e+02
3671 -3.11000e+02
3762 -3.10000e+02
3899 -3.09000e+02
3983 -3.08000e+02
4096 -3.07000e+02
4163 -3.06000e+02
4187 -3.05000e+02
4338 -3.04000e+02
4399 -3.03000e+02
4409 -3.02000e+02
4426 -3.01000e+02
4439 -3.00000e+02
4447 -2.99000e+02
4523 -2.98000e+02
4533 -2.97000e+02
4644 -2.96000e+02
4747 -2.95000e+02
4898 -2.94000e+02
4985 -2.93000e+02
5135 -2.92000e+02
5233 -2.91000e+02
5263 -2.90000e+02
5318 -2.89000e+02
5324 -2.88000e+02
5394 -2.87000e+02
5425 -2.86000e+02
5524 -2.85000e+02
5551 -2.84000e+02
5612 -2.83000e+02
5634 -2.82000e+02
5710 -2.81000e+02
5718 -2.79000e+02
5738 -2.78000e+02
5770 -2.77000e+02
5787 -2.76000e+02
5789 -2.75000e+02
5840 -2.73000e+02
5861 -2.72000e+02
5938 -2.71000e+02
5975 -2.70000e+02
6085 -2.69000e+02
6103 -2.68000e+02
6261 -2.67000e+02
6353 -2.66000e+02
6474 -2.65000e+02
6625 -2.64000e+02
6643 -2.63000e+02
6663 -2.62000e+02
6786 -2.61000e+02
6837 -2.60000e+02
6849 -2.59000e+02
6877 -2.58000e+02
6973 -2.57000e+02
7005 -2.56000e+02
7097 -2.55000e+02
7132 -2.54000e+02
7179 -2.53000e+02
7303 -2.52000e+02
7498 -2.51000e+02
7580 -2.50000e+02
7605 -2.49000e+02
7694 -2.48000e+02
7736 -2.47000e+02
7756 -2.45000e+02
7845 -2.44000e+02
7926 -2.43000e+02
7937 -2.42000e+02
7994 -2.41000e+02
8056 -2.40000e+02
8057 -2.39000e+02
8066 -2.38000e+02
8160 -2.37000e+02
8200 -2.36000e+02
8219 -2.35000e+02
8306 -2.34000e+02
8361 -2.33000e+02
8453 -2.32000e+02
8514 -2.31000e+02
8552 -2.30000e+02
8745 -2.29000e+02
8833 -2.28000e+02
8889 -2.27000e+02
9052 -2.26000e+02
9134 -2.25000e+02
9152 -2.24000e+02
9183 -2.23000e+02
9223 -2.22000e+02
9272 -2.21000e+02
9435 -2.20000e+02
9506 -2.19000e+02
9564 -2.18000e+02
9622 -2.17000e+02
9641 -2.16000e+02
9779 -2.15000e+02
9882 -2.14000e+02
9967 -2.12000e+02
9981 -2.12000e+02
"function evaluation" "best-so-far f(x)"
1 -3.83000e+02
34 -3.82000e+02
42 -3.81000e+02
58 -3.80000e+02
107 -3.79000e+02
118 -3.77000e+02
142 -3.76000e+02
166 -3.75000e+02
218 -3.74000e+02
266 -3.73000e+02
281 -3.72000e+02
321 -3.71000e+02
366 -3.70000e+02
383 -3.69000e+02
461 -3.68000e+02
533 -3.67000e+02
686 -3.66000e+02
840 -3.64000e+02
894 -3.63000e+02
906 -3.62000e+02
932 -3.61000e+02
979 -3.60000e+02
1060 -3.59000e+02
1081 -3.58000e+02
1089 -3.57000e+02
1151 -3.56000e+02
1403 -3.55000e+02
1406 -3.54000e+02
1449 -3.53000e+02
1473 -3.52000e+02
1480 -3.51000e+02
1481 -3.50000e+02
1524 -3.49000e+02
1591 -3.48000e+02
1602 -3.47000e+02
1650 -3.46000e+02
1855 -3.45000e+02
1882 -3.44000e+02
1917 -3.43000e+02
1994 -3.42000e+02
2014 -3.41000e+02
2165 -3.40000e+02
2298 -3.39000e+02
2339 -3.38000e+02
2351 -3.37000e+02
2387 -3.36000e+02
2479 -3.35000e+02
2511 -3.34000e+02
2536 -3.33000e+02
2581 -3.31000e+02
2605 -3.29000e+02
2643 -3.28000e+02
2670 -3.27000e+02
2700 -3.26000e+02
2791 -3.25000e+02
2862 -3.24000e+02
2891 -3.23000e+02
2981 -3.22000e+02
3002 -3.21000e+02
3104 -3.20000e+02
3258 -3.18000e+02
3274 -3.17000e+02
3308 -3.16000e+02
3373 -3.15000e+02
3454 -3.14000e+02
3528 -3.13000e+02
3620 -3.12000e+02
3742 -3.11000e+02
3804 -3.10000e+02
3874 -3.09000e+02
3910 -3.08000e+02
3973 -3.07000e+02
4030 -3.06000e+02
4123 -3.05000e+02
4173 -3.04000e+02
4230 -3.03000e+02
4264 -3.02000e+02
4343 -3.01000e+02
4348 -3.00000e+02
4392 -2.99000e+02
4437 -2.98000e+02
4540 -2.97000e+02
4553 -2.96000e+02
4598 -2.95000e+02
4717 -2.94000e+02
4846 -2.93000e+02
4965 -2.92000e+02
5094 -2.91000e+02
5259 -2.90000e+02
5387 -2.89000e+02
5448 -2.88000e+02
5478 -2.87000e+02
5524 -2.86000e+02
5599 -2.85000e+02
5633 -2.84000e+02
5753 -2.83000e+02
5773 -2.82000e+02
5800 -2.81000e+02
5836 -2.80000e+02
5850 -2.79000e+02
5922 -2.77000e+02
5937 -2.76000e+02
5940 -2.75000e+02
5994 -2.74000e+02
6067 -2.73000e+02
6074 -2.72000e+02
6088 -2.71000e+02
6174 -2.70000e+02
6282 -2.69000e+02
6399 -2.68000e+02
6402 -2.67000e+02
6427 -2.66000e+02
6514 -2.65000e+02
6531 -2.64000e+02
6555 -2.63000e+02
6602 -2.62000e+02
6681 -2.61000e+02
6734 -2.60000e+02
6851 -2.59000e+02
6927 -2.58000e+02
6964 -2.57000e+02
6998 -2.56000e+02
7053 -2.55000e+02
7103 -2.54000e+02
7131 -2.53000e+02
7209 -2.52000e+02
7347 -2.50000e+02
7454 -2.49000e+02
7591 -2.48000e+02
7600 -2.47000e+02
7617 -2.46000e+02
7757 -2.45000e+02
7825 -2.43000e+02
7849 -2.42000e+02
7897 -2.40000e+02
8018 -2.39000e+02
8247 -2.38000e+02
8314 -2.37000e+02
8321 -2.36000e+02
8335 -2.35000e+02
8398 -2.34000e+02
8429 -2.33000e+02
8449 -2.32000e+02
8617 -2.31000e+02
8748 -2.30000e+02
8948 -2.29000e+02
9112 -2.28000e+02
9269 -2.27000e+02
9272 -2.26000e+02
9352 -2.25000e+02
9372 -2.24000e+02
9640 -2.23000e+02
9829 -2.22000e+02
9875 -2.21000e+02
9981 -2.21000e+02
"function evaluation" "best-so-far f(x)"
1 -3.83000e+02
14 -3.81000e+02
75 -3.80000e+02
138 -3.79000e+02
175 -3.78000e+02
221 -3.77000e+02
284 -3.76000e+02
468 -3.75000e+02
523 -3.74000e+02
554 -3.73000e+02
555 -3.71000e+02
647 -3.70000e+02
659 -3.68000e+02
791 -3.67000e+02
886 -3.66000e+02
922 -3.65000e+02
951 -3.64000e+02
970 -3.63000e+02
1108 -3.62000e+02
1206 -3.61000e+02
1227 -3.60000e+02
1291 -3.59000e+02
1318 -3.58000e+02
1336 -3.57000e+02
1399 -3.56000e+02
1425 -3.55000e+02
1463 -3.54000e+02
1483 -3.53000e+02
1527 -3.52000e+02
1558 -3.51000e+02
1597 -3.50000e+02
1695 -3.49000e+02
1715 -3.48000e+02
1736 -3.47000e+02
1797 -3.46000e+02
1826 -3.45000e+02
2075 -3.44000e+02
2136 -3.43000e+02
2220 -3.42000e+02
2252 -3.41000e+02
2311 -3.40000e+02
2345 -3.39000e+02
2385 -3.38000e+02
2498 -3.37000e+02
2604 -3.36000e+02
2662 -3.35000e+02
2722 -3.34000e+02
2850 -3.33000e+02
2904 -3.32000e+02
3009 -3.31000e+02
3061 -3.30000e+02
3136 -3.29000e+02
3205 -3.28000e+02
3227 -3.27000e+02
3322 -3.26000e+02
3393 -3.25000e+02
3465 -3.24000e+02
3468 -3.23000e+02
3673 -3.22000e+02
3717 -3.21000e+02
3733 -3.20000e+02
3895 -3.19000e+02
3934 -3.18000e+02
3950 -3.17000e+02
3990 -3.16000e+02
4006 -3.15000e+02
4010 -3.14000e+02
4047 -3.13000e+02
4198 -3.12000e+02
4288 -3.11000e+02
4351 -3.10000e+02
4502 -3.09000e+02
4573 -3.08000e+02
4754 -3.07000e+02
4793 -3.06000e+02
4925 -3.05000e+02
4940 -3.03000e+02
4949 -3.02000e+02
5023 -3.01000e+02
5082 -3.00000e+02
5123 -2.99000e+02
5132 -2.98000e+02
5158 -2.97000e+02
5296 -2.96000e+02
5333 -2.95000e+02
5434 -2.94000e+02
5510 -2.93000e+02
5626 -2.92000e+02
5757 -2.91000e+02
5831 -2.90000e+02
5944 -2.89000e+02
5998 -2.88000e+02
6021 -2.87000e+02
6054 -2.86000e+02
6132 -2.85000e+02
6340 -2.84000e+02
6465 -2.83000e+02
6499 -2.82000e+02
6553 -2.81000e+02
6583 -2.80000e+02
6632 -2.79000e+02
6712 -2.78000e+02
6791 -2.77000e+02
6838 -2.76000e+02
6856 -2.75000e+02
6953 -2.74000e+02
6964 -2.73000e+02
7017 -2.72000e+02
7254 -2.71000e+02
7296 -2.70000e+02
7436 -2.69000e+02
7470 -2.68000e+02
7491 -2.67000e+02
7609 -2.66000e+02
7624 -2.65000e+02
7653 -2.64000e+02
7809 -2.63000e+02
7847 -2.62000e+02
7968 -2.61000e+02
8027 -2.60000e+02
8068 -2.59000e+02
8125 -2.58000e+02
8134 -2.57000e+02
8299 -2.56000e+02
8390 -2.55000e+02
8482 -2.54000e+02
8856 -2.53000e+02
8902 -2.52000e+02
8963 -2.51000e+02
8988 -2.50000e+02
9048 -2.49000e+02
9055 -2.48000e+02
9366 -2.47000e+02
9377 -2.46000e+02
9428 -2.45000e+02
9479 -2.44000e+02
9508 -2.43000e+02
9516 -2.42000e+02
9559 -2.41000e+02
9576 -2.40000e+02
9642 -2.39000e+02
9814 -2.38000e+02
9900 -2.37000e+02
9981 -2.37000e+02
"function evaluation" "best-so-far f(x)"
1 -3.83000e+02
12 -3.82000e+02
161 -3.81000e+02
250 -3.80000e+02
291 -3.79000e+02
327 -3.78000e+02
358 -3.77000e+02
389 -3.76000e+02
452 -3.75000e+02
480 -3.74000e+02
544 -3.73000e+02
619 -3.72000e+02
652 -3.71000e+02
802 -3.70000e+02
830 -3.69000e+02
901 -3.68000e+02
940 -3.67000e+02
982 -3.66000e+02
1010 -3.65000e+02
1191 -3.64000e+02
1212 -3.63000e+02
1237 -3.62000e+02
1256 -3.61000e+02
1424 -3.60000e+02
1434 -3.59000e+02
1461 -3.58000e+02
1502 -3.57000e+02
1516 -3.56000e+02
1559 -3.55000e+02
1620 -3.54000e+02
1686 -3.53000e+02
1736 -3.52000e+02
1760 -3.51000e+02
1794 -3.50000e+02
1829 -3.49000e+02
1852 -3.48000e+02
1883 -3.47000e+02
1954 -3.46000e+02
1967 -3.45000e+02
2008 -3.44000e+02
2025 -3.43000e+02
2071 -3.42000e+02
2076 -3.41000e+02
2213 -3.40000e+02
2294 -3.39000e+02
2359 -3.38000e+02
2488 -3.37000e+02
2586 -3.36000e+02
2631 -3.35000e+02
2654 -3.34000e+02
2722 -3.32000e+02
2814 -3.31000e+02
2825 -3.30000e+02
2889 -3.29000e+02
2963 -3.28000e+02
3008 -3.27000e+02
3070 -3.26000e+02
3120 -3.25000e+02
3143 -3.24000e+02
3194 -3.22000e+02
3227 -3.21000e+02
3336 -3.20000e+02
3383 -3.18000e+02
3440 -3.17000e+02
3475 -3.16000e+02
3512 -3.15000e+02
3525 -3.14000e+02
3554 -3.13000e+02
3574 -3.11000e+02
3620 -3.10000e+02
3667 -3.09000e+02
3703 -3.08000e+02
3777 -3.07000e+02
3790 -3.05000e+02
3937 -3.04000e+02
3976 -3.03000e+02
4030 -3.02000e+02
4149 -3.01000e+02
4284 -3.00000e+02
4348 -2.99000e+02
4422 -2.98000e+02
4502 -2.97000e+02
4556 -2.96000e+02
4635 -2.95000e+02
4779 -2.94000e+02
4809 -2.93000e+02
4838 -2.92000e+02
4884 -2.91000e+02
4955 -2.90000e+02
5086 -2.88000e+02
5098 -2.87000e+02
5121 -2.86000e+02
5152 -2.85000e+02
5216 -2.84000e+02
5318 -2.83000e+02
5335 -2.82000e+02
5364 -2.81000e+02
5376 -2.80000e+02
5467 -2.79000e+02
5492 -2.78000e+02
5511 -2.77000e+02
5586 -2.76000e+02
5720 -2.75000e+02
5757 -2.74000e+02
5783 -2.73000e+02
5843 -2.72000e+02
5903 -2.71000e+02
5978 -2.70000e+02
6011 -2.69000e+02
6086 -2.67000e+02
6136 -2.66000e+02
6150 -2.65000e+02
6159 -2.64000e+02
6188 -2.63000e+02
6213 -2.62000e+02
6265 -2.61000e+02
6274 -2.60000e+02
6291 -2.59000e+02
6330 -2.58000e+02
6416 -2.57000e+02
6510 -2.56000e+02
6558 -2.55000e+02
6703 -2.54000e+02
6776 -2.53000e+02
6864 -2.52000e+02
6946 -2.51000e+02
7013 -2.50000e+02
7078 -2.49000e+02
7129 -2.48000e+02
7213 -2.47000e+02
7265 -2.46000e+02
7285 -2.45000e+02
7355 -2.44000e+02
7398 -2.43000e+02
7462 -2.42000e+02
7477 -2.41000e+02
7564 -2.40000e+02
7713 -2.39000e+02
7849 -2.38000e+02
7945 -2.37000e+02
8150 -2.35000e+02
8161 -2.34000e+02
8304 -2.33000e+02
8386 -2.32000e+02
8645 -2.31000e+02
8745 -2.30000e+02
8903 -2.29000e+02
9040 -2.28000e+02
9234 -2.27000e+02
9266 -2.26000e+02
9298 -2.25000e+02
9363 -2.24000e+02
9380 -2.23000e+02
9713 -2.22000e+02
9744 -2.21000e+02
9836 -2.20000e+02
9903 -2.19000e+02
9981 -2.19000e+02
"function evaluation" "best-so-far f(x)"
1 -3.83000e+02
44 -3.82000e+02
110 -3.81000e+02
138 -3.80000e+02
161 -3.79000e+02
162 -3.78000e+02
177 -3.76000e+02
222 -3.74000e+02
224 -3.73000e+02
234 -3.72000e+02
424 -3.71000e+02
434 -3.70000e+02
532 -3.69000e+02
540 -3.68000e+02
579 -3.67000e+02
637 -3.66000e+02
640 -3.65000e+02
680 -3.63000e+02
774 -3.62000e+02
804 -3.60000e+02
826 -3.59000e+02
968 -3.58000e+02
1016 -3.57000e+02
1094 -3.56000e+02
1097 -3.55000e+02
1144 -3.54000e+02
1213 -3.53000e+02
1220 -3.52000e+02
1272 -3.51000e+02
1324 -3.50000e+02
1427 -3.49000e+02
1548 -3.48000e+02
1576 -3.47000e+02
1613 -3.46000e+02
1712 -3.45000e+02
1729 -3.43000e+02
1737 -3.42000e+02
1813 -3.41000e+02
1868 -3.40000e+02
1937 -3.39000e+02
1990 -3.38000e+02
2029 -3.37000e+02
2097 -3.36000e+02
2117 -3.35000e+02
2148 -3.34000e+02
2242 -3.33000e+02
2282 -3.32000e+02
2324 -3.31000e+02
2335 -3.30000e+02
2395 -3.29000e+02
2407 -3.28000e+02
2522 -3.27000e+02
2637 -3.26000e+02
2664 -3.25000e+02
2726 -3.24000e+02
2777 -3.23000e+02
2798 -3.22000e+02
2964 -3.21000e+02
3017 -3.20000e+02
3164 -3.19000e+02
3225 -3.18000e+02
3233 -3.17000e+02
3254 -3.16000e+02
3345 -3.15000e+02
3401 -3.14000e+02
3505 -3.13000e+02
3560 -3.12000e+02
3587 -3.11000e+02
3634 -3.10000e+02
3776 -3.09000e+02
3819 -3.08000e+02
3836 -3.07000e+02
3922 -3.06000e+02
4044 -3.05000e+02
4110 -3.04000e+02
4304 -3.03000e+02
4314 -3.02000e+02
4374 -3.01000e+02
4411 -3.00000e+02
4583 -2.99000e+02
4763 -2.98000e+02
4785 -2.97000e+02
4808 -2.96000e+02
4831 -2.95000e+02
4933 -2.94000e+02
4980 -2.93000e+02
5041 -2.92000e+02
5043 -2.91000e+02
5074 -2.90000e+02
5282 -2.89000e+02
5382 -2.87000e+02
5494 -2.86000e+02
5498 -2.85000e+02
5502 -2.84000e+02
5521 -2.83000e+02
5663 -2.82000e+02
5689 -2.81000e+02
5716 -2.80000e+02
5854 -2.79000e+02
5951 -2.78000e+02
5952 -2.77000e+02
5977 -2.76000e+02
6057 -2.75000e+02
6121 -2.74000e+02
6202 -2.73000e+02
6230 -2.72000e+02
6327 -2.71000e+02
6462 -2.70000e+02
6470 -2.69000e+02
6588 -2.68000e+02
6631 -2.67000e+02
6678 -2.65000e+02
6706 -2.64000e+02
6720 -2.63000e+02
6838 -2.62000e+02
7057 -2.61000e+02
7066 -2.60000e+02
7174 -2.59000e+02
7203 -2.58000e+02
7245 -2.57000e+02
7286 -2.56000e+02
7315 -2.55000e+02
7364 -2.54000e+02
7506 -2.53000e+02
7540 -2.52000e+02
7628 -2.51000e+02
7639 -2.50000e+02
7691 -2.48000e+02
7716 -2.47000e+02
7842 -2.46000e+02
7884 -2.45000e+02
8144 -2.44000e+02
8173 -2.43000e+02
8257 -2.42000e+02
8304 -2.41000e+02
8321 -2.40000e+02
8509 -2.39000e+02
8570 -2.38000e+02
8788 -2.37000e+02
8829 -2.36000e+02
8854 -2.35000e+02
8874 -2.34000e+02
8913 -2.33000e+02
8969 -2.32000e+02
9011 -2.31000e+02
9132 -2.30000e+02
9236 -2.29000e+02
9437 -2.28000e+02
9581 -2.27000e+02
9748 -2.26000e+02
9819 -2.25000e+02
9852 -2.24000e+02
9878 -2.23000e+02
9888 -2.22000e+02
9929 -2.21000e+02
9981 -2.21000e+02
"function evaluation" "best-so-far f(x)"
1 -3.83000e+02
66 -3.82000e+02
93 -3.81000e+02
137 -3.80000e+02
175 -3.79000e+02
214 -3.78000e+02
250 -3.77000e+02
324 -3.75000e+02
409 -3.74000e+02
492 -3.73000e+02
536 -3.72000e+02
596 -3.71000e+02
609 -3.70000e+02
667 -3.69000e+02
683 -3.68000e+02
716 -3.67000e+02
802 -3.66000e+02
861 -3.65000e+02
903 -3.64000e+02
970 -3.63000e+02
1027 -3.62000e+02
1044 -3.61000e+02
1071 -3.60000e+02
1115 -3.59000e+02
1221 -3.58000e+02
1262 -3.57000e+02
1317 -3.56000e+02
1438 -3.55000e+02
1527 -3.54000e+02
1558 -3.53000e+02
1647 -3.52000e+02
1723 -3.51000e+02
1786 -3.50000e+02
1857 -3.49000e+02
1957 -3.48000e+02
1994 -3.47000e+02
2017 -3.46000e+02
2040 -3.45000e+02
2161 -3.44000e+02
2181 -3.43000e+02
2226 -3.42000e+02
2316 -3.41000e+02
2430 -3.40000e+02
2474 -3.39000e+02
2508 -3.38000e+02
2555 -3.37000e+02
2626 -3.36000e+02
2629 -3.35000e+02
2653 -3.34000e+02
2822 -3.33000e+02
2987 -3.32000e+02
3006 -3.31000e+02
3080 -3.30000e+02
3122 -3.29000e+02
3148 -3.28000e+02
3194 -3.27000e+02
3198 -3.26000e+02
3213 -3.25000e+02
3318 -3.24000e+02
3599 -3.23000e+02
3732 -3.22000e+02
3737 -3.21000e+02
3760 -3.20000e+02
3798 -3.19000e+02
3812 -3.18000e+02
3873 -3.17000e+02
3961 -3.16000e+02
3991 -3.15000e+02
4076 -3.14000e+02
4123 -3.13000e+02
4137 -3.12000e+02
4296 -3.11000e+02
4333 -3.10000e+02
4419 -3.09000e+02
4431 -3.08000e+02
4568 -3.07000e+02
4652 -3.06000e+02
4716 -3.05000e+02
4931 -3.04000e+02
5021 -3.02000e+02
5053 -3.01000e+02
5081 -3.00000e+02
5103 -2.99000e+02
5145 -2.98000e+02
5152 -2.97000e+02
5174 -2.96000e+02
5205 -2.95000e+02
5242 -2.94000e+02
5319 -2.93000e+02
5429 -2.92000e+02
5481 -2.91000e+02
5608 -2.90000e+02
5749 -2.89000e+02
5833 -2.88000e+02
5873 -2.87000e+02
5916 -2.86000e+02
5926 -2.85000e+02
5990 -2.84000e+02
6003 -2.83000e+02
6089 -2.82000e+02
6135 -2.81000e+02
6142 -2.80000e+02
6169 -2.79000e+02
6223 -2.78000e+02
6249 -2.77000e+02
6331 -2.76000e+02
6364 -2.75000e+02
6376 -2.74000e+02
6431 -2.73000e+02
6537 -2.72000e+02
6563 -2.71000e+02
6590 -2.70000e+02
6647 -2.69000e+02
6706 -2.68000e+02
6725 -2.67000e+02
6788 -2.66000e+02
6832 -2.65000e+02
6898 -2.64000e+02
6995 -2.63000e+02
7032 -2.62000e+02
7149 -2.61000e+02
7213 -2.60000e+02
7232 -2.59000e+02
7342 -2.58000e+02
7375 -2.57000e+02
7507 -2.56000e+02
7670 -2.55000e+02
7890 -2.54000e+02
8043 -2.53000e+02
8047 -2.52000e+02
8115 -2.51000e+02
8282 -2.50000e+02
8299 -2.49000e+02
8326 -2.48000e+02
8339 -2.47000e+02
8372 -2.46000e+02
8422 -2.45000e+02
8479 -2.44000e+02
8530 -2.43000e+02
8620 -2.42000e+02
8650 -2.41000e+02
8712 -2.40000e+02
8865 -2.39000e+02
9015 -2.38000e+02
9084 -2.37000e+02
9136 -2.36000e+02
9202 -2.35000e+02
9258 -2.34000e+02
9305 -2.33000e+02
9348 -2.32000e+02
9408 -2.31000e+02
9434 -2.30000e+02
9497 -2.29000e+02
9562 -2.28000e+02
9583 -2.27000e+02
9679 -2.26000e+02
9814 -2.25000e+02
9935 -2.24000e+02
9981 -2.24000e+02
"function evaluation" "best-so-far f(x)"
1 -3.83000e+02
7 -3.82000e+02
39 -3.81000e+02
129 -3.80000e+02
180 -3.79000e+02
252 -3.78000e+02
289 -3.77000e+02
400 -3.76000e+02
430 -3.75000e+02
516 -3.74000e+02
625 -3.73000e+02
686 -3.72000e+02
754 -3.71000e+02
823 -3.69000e+02
838 -3.68000e+02
908 -3.67000e+02
1044 -3.66000e+02
1110 -3.65000e+02
1137 -3.64000e+02
1231 -3.63000e+02
1349 -3.62000e+02
1400 -3.61000e+02
1426 -3.59000e+02
1549 -3.58000e+02
1565 -3.57000e+02
1609 -3.56000e+02
1655 -3.55000e+02
1688 -3.54000e+02
1828 -3.52000e+02
1830 -3.51000e+02
1969 -3.50000e+02
2063 -3.49000e+02
2157 -3.48000e+02
2162 -3.47000e+02
2220 -3.46000e+02
2283 -3.44000e+02
2291 -3.43000e+02
2339 -3.42000e+02
2350 -3.41000e+02
2409 -3.40000e+02
2435 -3.39000e+02
2476 -3.38000e+02
2548 -3.37000e+02
2628 -3.36000e+02
2697 -3.35000e+02
2699 -3.34000e+02
2709 -3.33000e+02
2808 -3.32000e+02
2848 -3.31000e+02
2942 -3.30000e+02
2985 -3.29000e+02
3006 -3.28000e+02
3012 -3.27000e+02
3120 -3.26000e+02
3147 -3.25000e+02
3273 -3.24000e+02
3372 -3.23000e+02
3395 -3.22000e+02
3425 -3.21000e+02
3438 -3.20000e+02
3463 -3.19000e+02
3469 -3.18000e+02
3476 -3.17000e+02
3517 -3.16000e+02
3671 -3.15000e+02
3679 -3.14000e+02
3770 -3.13000e+02
3878 -3.12000e+02
3890 -3.11000e+02
3929 -3.10000e+02
4018 -3.09000e+02
4103 -3.07000e+02
4178 -3.06000e+02
4212 -3.05000e+02
4274 -3.04000e+02
4489 -3.03000e+02
4494 -3.02000e+02
4520 -3.01000e+02
4559 -3.00000e+02
4691 -2.99000e+02
4724 -2.98000e+02
4803 -2.97000e+02
4805 -2.96000e+02
4942 -2.95000e+02
4984 -2.94000e+02
5049 -2.93000e+02
5068 -2.92000e+02
5073 -2.91000e+02
5088 -2.89000e+02
5101 -2.88000e+02
5123 -2.87000e+02
5210 -2.86000e+02
5236 -2.85000e+02
5280 -2.84000e+02
5361 -2.82000e+02
5559 -2.81000e+02
5654 -2.80000e+02
5717 -2.79000e+02
5789 -2.78000e+02
5885 -2.77000e+02
5938 -2.76000e+02
5973 -2.75000e+02
6106 -2.74000e+02
6181 -2.73000e+02
6183 -2.72000e+02
6194 -2.71000e+02
6235 -2.70000e+02
6303 -2.69000e+02
6354 -2.68000e+02
6422 -2.67000e+02
6530 -2.66000e+02
6621 -2.65000e+02
6669 -2.64000e+02
6741 -2.63000e+02
6751 -2.62000e+02
6819 -2.61000e+02
6919 -2.60000e+02
6970 -2.59000e+02
7029 -2.58000e+02
7045 -2.57000e+02
7139 -2.56000e+02
7184 -2.54000e+02
7284 -2.53000e+02
7367 -2.52000e+02
7416 -2.51000e+02
7493 -2.50000e+02
7615 -2.49000e+02
7691 -2.48000e+02
7704 -2.47000e+02
7808 -2.46000e+02
7918 -2.45000e+02
7982 -2.44000e+02
8062 -2.43000e+02
8139 -2.42000e+02
8210 -2.41000e+02
8311 -2.40000e+02
8446 -2.39000e+02
8488 -2.38000e+02
8580 -2.37000e+02
8599 -2.36000e+02
8603 -2.35000e+02
8711 -2.34000e+02
8791 -2.32000e+02
8898 -2.31000e+02
8999 -2.30000e+02
9003 -2.29000e+02
9117 -2.28000e+02
9158 -2.27000e+02
9249 -2.26000e+02
9335 -2.25000e+02
9559 -2.24000e+02
9669 -2.23000e+02
9732 -2.22000e+02
9797 -2.21000e+02
9937 -2.20000e+02
9981 -2.20000e+02
"function evaluation" "best-so-far f(x)"
1 -3.83000e+02
17 -3.82000e+02
59 -3.81000e+02
122 -3.80000e+02
183 -3.79000e+02
338 -3.78000e+02
371 -3.77000e+02
411 -3.76000e+02
445 -3.75000e+02
482 -3.74000e+02
503 -3.73000e+02
543 -3.72000e+02
580 -3.71000e+02
592 -3.70000e+02
639 -3.69000e+02
698 -3.68000e+02
704 -3.67000e+02
810 -3.66000e+02
843 -3.65000e+02
890 -3.64000e+02
913 -3.63000e+02
945 -3.62000e+02
1045 -3.61000e+02
1075 -3.60000e+02
1095 -3.59000e+02
1113 -3.58000e+02
1186 -3.57000e+02
1264 -3.56000e+02
1275 -3.55000e+02
1306 -3.54000e+02
1321 -3.53000e+02
1385 -3.52000e+02
1433 -3.51000e+02
1451 -3.50000e+02
1486 -3.49000e+02
1532 -3.48000e+02
1575 -3.47000e+02
1808 -3.46000e+02
1836 -3.45000e+02
1914 -3.44000e+02
1969 -3.42000e+02
1985 -3.41000e+02
2002 -3.40000e+02
2096 -3.39000e+02
2136 -3.38000e+02
2268 -3.37000e+02
2482 -3.35000e+02
2534 -3.34000e+02
2546 -3.33000e+02
2633 -3.32000e+02
2686 -3.31000e+02
2720 -3.30000e+02
2846 -3.29000e+02
3028 -3.28000e+02
3053 -3.27000e+02
3068 -3.26000e+02
3182 -3.25000e+02
3218 -3.24000e+02
3311 -3.23000e+02
3316 -3.22000e+02
3433 -3.21000e+02
3459 -3.20000e+02
3479 -3.19000e+02
3559 -3.18000e+02
3581 -3.17000e+02
3622 -3.16000e+02
3638 -3.15000e+02
3700 -3.14000e+02
3767 -3.13000e+02
3835 -3.11000e+02
3905 -3.10000e+02
4019 -3.09000e+02
4061 -3.08000e+02
4119 -3.07000e+02
4159 -3.05000e+02
4166 -3.04000e+02
4278 -3.03000e+02
4357 -3.02000e+02
4371 -3.01000e+02
4549 -3.00000e+02
4655 -2.99000e+02
4664 -2.98000e+02
4744 -2.97000e+02
4765 -2.96000e+02
4878 -2.95000e+02
4931 -2.94000e+02
5026 -2.93000e+02
5052 -2.92000e+02
5094 -2.91000e+02
5178 -2.90000e+02
5292 -2.89000e+02
5422 -2.88000e+02
5596 -2.87000e+02
5718 -2.86000e+02
5833 -2.85000e+02
5857 -2.84000e+02
5921 -2.83000e+02
6033 -2.82000e+02
6073 -2.81000e+02
6120 -2.80000e+02
6180 -2.79000e+02
6200 -2.78000e+02
6203 -2.77000e+02
6215 -2.76000e+02
6254 -2.75000e+02
6292 -2.74000e+02
6315 -2.73000e+02
6404 -2.72000e+02
6468 -2.71000e+02
6511 -2.70000e+02
6523 -2.69000e+02
6593 -2.68000e+02
6666 -2.67000e+02
6836 -2.65000e+02
6963 -2.64000e+02
7025 -2.62000e+02
7035 -2.61000e+02
7060 -2.60000e+02
7149 -2.59000e+02
7182 -2.58000e+02
7350 -2.57000e+02
7466 -2.56000e+02
7496 -2.55000e+02
7616 -2.54000e+02
7680 -2.53000e+02
7685 -2.52000e+02
7698 -2.51000e+02
7710 -2.50000e+02
7755 -2.49000e+02
7838 -2.48000e+02
7918 -2.47000e+02
7939 -2.46000e+02
8025 -2.45000e+02
8077 -2.44000e+02
8135 -2.43000e+02
8166 -2.42000e+02
8211 -2.41000e+02
8311 -2.40000e+02
8339 -2.39000e+02
8377 -2.38000e+02
8421 -2.37000e+02
8546 -2.36000e+02
8585 -2.35000e+02
8657 -2.34000e+02
8672 -2.33000e+02
8759 -2.32000e+02
8807 -2.31000e+02
8874 -2.30000e+02
8911 -2.29000e+02
8921 -2.28000e+02
8938 -2.27000e+02
9027 -2.26000e+02
9037 -2.25000e+02
9121 -2.24000e+02
9177 -2.23000e+02
9291 -2.22000e+02
9339 -2.21000e+02
9359 -2.20000e+02
9495 -2.19000e+02
9511 -2.18000e+02
9553 -2.17000e+02
9698 -2.16000e+02
9923 -2.15000e+02
9938 -2.14000e+02
9974 -2.13000e+02
9981 -2.13000e+02
"function evaluation" "best-so-far f(x)"
1 -3.83000e+02
3 -3.81000e+02
6 -3.80000e+02
52 -3.79000e+02
135 -3.78000e+02
219 -3.77000e+02
263 -3.76000e+02
286 -3.75000e+02
350 -3.74000e+02
358 -3.73000e+02
422 -3.72000e+02
452 -3.71000e+02
537 -3.70000e+02
538 -3.69000e+02
579 -3.68000e+02
646 -3.67000e+02
722 -3.66000e+02
743 -3.65000e+02
819 -3.64000e+02
908 -3.63000e+02
957 -3.62000e+02
999 -3.61000e+02
1031 -3.60000e+02
1055 -3.59000e+02
1081 -3.58000e+02
1099 -3.57000e+02
1141 -3.56000e+02
1181 -3.55000e+02
1291 -3.54000e+02
1311 -3.53000e+02
1400 -3.51000e+02
1447 -3.50000e+02
1460 -3.49000e+02
1485 -3.48000e+02
1566 -3.47000e+02
1690 -3.46000e+02
1704 -3.45000e+02
1800 -3.44000e+02
1896 -3.43000e+02
1959 -3.42000e+02
1983 -3.41000e+02
1998 -3.40000e+02
2016 -3.39000e+02
2048 -3.38000e+02
2096 -3.37000e+02
2229 -3.36000e+02
2284 -3.35000e+02
2308 -3.34000e+02
2342 -3.33000e+02
2433 -3.32000e+02
2455 -3.31000e+02
2535 -3.30000e+02
2644 -3.29000e+02
2670 -3.28000e+02
2824 -3.27000e+02
2828 -3.26000e+02
2912 -3.25000e+02
2992 -3.24000e+02
3003 -3.23000e+02
3081 -3.22000e+02
3216 -3.21000e+02
3305 -3.20000e+02
3412 -3.19000e+02
3455 -3.18000e+02
3487 -3.17000e+02
3517 -3.16000e+02
3525 -3.14000e+02
3596 -3.13000e+02
3655 -3.12000e+02
3765 -3.10000e+02
3766 -3.08000e+02
3854 -3.07000e+02
3917 -3.06000e+02
4038 -3.04000e+02
4074 -3.03000e+02
4108 -3.02000e+02
4167 -3.01000e+02
4257 -3.00000e+02
4293 -2.99000e+02
4335 -2.98000e+02
4418 -2.97000e+02
4453 -2.96000e+02
4573 -2.95000e+02
4589 -2.94000e+02
4604 -2.92000e+02
4658 -2.91000e+02
4854 -2.90000e+02
4899 -2.89000e+02
4960 -2.88000e+02
4973 -2.87000e+02
5121 -2.86000e+02
5192 -2.85000e+02
5336 -2.84000e+02
5579 -2.83000e+02
5656 -2.82000e+02
5665 -2.81000e+02
5719 -2.80000e+02
5776 -2.79000e+02
5846 -2.78000e+02
5894 -2.77000e+02
5926 -2.76000e+02
5950 -2.75000e+02
6034 -2.74000e+02
6049 -2.73000e+02
6089 -2.72000e+02
6162 -2.71000e+02
6212 -2.70000e+02
6297 -2.69000e+02
6352 -2.68000e+02
6413 -2.67000e+02
6424 -2.66000e+02
6483 -2.65000e+02
6627 -2.64000e+02
6675 -2.63000e+02
6859 -2.62000e+02
6873 -2.61000e+02
6922 -2.60000e+02
6960 -2.59000e+02
7239 -2.58000e+02
7326 -2.57000e+02
7358 -2.56000e+02
7368 -2.55000e+02
7387 -2.54000e+02
7428 -2.53000e+02
7494 -2.52000e+02
7536 -2.51000e+02
7660 -2.50000e+02
7708 -2.49000e+02
7820 -2.48000e+02
7840 -2.47000e+02
7864 -2.46000e+02
7939 -2.45000e+02
7993 -2.44000e+02
8156 -2.43000e+02
8174 -2.42000e+02
8351 -2.41000e+02
8360 -2.40000e+02
8409 -2.39000e+02
8447 -2.38000e+02
8499 -2.37000e+02
8535 -2.36000e+02
8677 -2.35000e+02
8724 -2.34000e+02
8862 -2.33000e+02
8922 -2.32000e+02
8925 -2.31000e+02
8979 -2.30000e+02
9036 -2.29000e+02
9074 -2.28000e+02
9266 -2.27000e+02
9360 -2.26000e+02
9400 -2.25000e+02
9452 -2.24000e+02
9470 -2.23000e+02
9705 -2.22000e+02
9839 -2.21000e+02
9855 -2.20000e+02
9867 -2.19000e+02
9918 -2.18000e+02
9981 -2.18000e+02
"function evaluation" "best-so-far f(x)"
1 -3.83000e+02
16 -3.82000e+02
20 -3.81000e+02
58 -3.80000e+02
116 -3.79000e+02
149 -3.78000e+02
177 -3.77000e+02
218 -3.76000e+02
305 -3.75000e+02
334 -3.74000e+02
431 -3.73000e+02
614 -3.72000e+02
645 -3.71000e+02
658 -3.70000e+02
672 -3.69000e+02
780 -3.68000e+02
829 -3.67000e+02
865 -3.66000e+02
904 -3.65000e+02
1056 -3.64000e+02
1132 -3.63000e+02
1175 -3.62000e+02
1201 -3.61000e+02
1388 -3.60000e+02
1447 -3.59000e+02
1589 -3.58000e+02
1742 -3.57000e+02
1794 -3.56000e+02
1846 -3.55000e+02
1901 -3.54000e+02
1939 -3.53000e+02
2007 -3.52000e+02
2197 -3.51000e+02
2233 -3.50000e+02
2269 -3.49000e+02
2469 -3.48000e+02
2487 -3.47000e+02
2562 -3.46000e+02
2595 -3.45000e+02
2603 -3.44000e+02
2641 -3.43000e+02
2760 -3.42000e+02
2865 -3.41000e+02
2887 -3.40000e+02
2903 -3.39000e+02
2960 -3.38000e+02
2985 -3.37000e+02
3050 -3.36000e+02
3104 -3.35000e+02
3192 -3.34000e+02
3240 -3.33000e+02
3260 -3.32000e+02
3272 -3.31000e+02
3408 -3.30000e+02
3472 -3.29000e+02
3495 -3.28000e+02
3505 -3.27000e+02
3551 -3.26000e+02
3658 -3.25000e+02
3665 -3.24000e+02
3692 -3.23000e+02
3720 -3.22000e+02
3821 -3.21000e+02
3952 -3.20000e+02
3993 -3.19000e+02
4034 -3.18000e+02
4043 -3.17000e+02
4057 -3.16000e+02
4098 -3.15000e+02
4201 -3.14000e+02
4312 -3.13000e+02
4372 -3.12000e+02
4466 -3.11000e+02
4585 -3.10000e+02
4651 -3.09000e+02
4760 -3.07000e+02
4792 -3.06000e+02
4870 -3.05000e+02
5032 -3.04000e+02
5036 -3.03000e+02
5178 -3.02000e+02
5204 -3.01000e+02
5241 -3.00000e+02
5250 -2.99000e+02
5268 -2.98000e+02
5328 -2.97000e+02
5368 -2.96000e+02
5413 -2.95000e+02
5446 -2.94000e+02
5480 -2.93000e+02
5603 -2.92000e+02
5651 -2.91000e+02
5707 -2.90000e+02
5736 -2.89000e+02
5746 -2.88000e+02
5890 -2.87000e+02
5905 -2.86000e+02
5956 -2.85000e+02
5990 -2.84000e+02
6056 -2.83000e+02
6083 -2.82000e+02
6116 -2.81000e+02
6118 -2.80000e+02
6160 -2.79000e+02
6288 -2.78000e+02
6331 -2.77000e+02
6402 -2.76000e+02
6579 -2.75000e+02
6616 -2.73000e+02
6666 -2.72000e+02
6754 -2.71000e+02
6966 -2.70000e+02
7005 -2.69000e+02
7052 -2.68000e+02
7142 -2.67000e+02
7153 -2.66000e+02
7220 -2.65000e+02
7386 -2.64000e+02
7488 -2.63000e+02
7633 -2.62000e+02
7948 -2.61000e+02
8036 -2.60000e+02
8122 -2.59000e+02
8166 -2.58000e+02
8190 -2.56000e+02
8239 -2.55000e+02
8280 -2.54000e+02
8362 -2.53000e+02
8406 -2.52000e+02
8461 -2.51000e+02
8494 -2.50000e+02
8532 -2.49000e+02
8540 -2.48000e+02
8560 -2.46000e+02
8619 -2.45000e+02
8664 -2.44000e+02
8746 -2.43000e+02
8788 -2.42000e+02
8812 -2.41000e+02
8923 -2.40000e+02
9008 -2.39000e+02
9046 -2.38000e+02
9173 -2.37000e+02
9207 -2.36000e+02
9288 -2.35000e+02
9290 -2.34000e+02
9424 -2.33000e+02
9467 -2.32000e+02
9586 -2.31000e+02
9609 -2.30000e+02
9725 -2.29000e+02
9811 -2.28000e+02
9821 -2.27000e+02
9895 -2.26000e+02
9981 -2.26000e+02
"function evaluation" "best-so-far f(x)"
1 -3.83000e+02
9 -3.82000e+02
30 -3.81000e+02
131 -3.80000e+02
139 -3.79000e+02
150 -3.78000e+02
185 -3.77000e+02
301 -3.76000e+02
311 -3.75000e+02
330 -3.74000e+02
386 -3.73000e+02
450 -3.72000e+02
489 -3.71000e+02
500 -3.70000e+02
572 -3.69000e+02
814 -3.68000e+02
958 -3.67000e+02
974 -3.66000e+02
1024 -3.65000e+02
1052 -3.64000e+02
1087 -3.63000e+02
1142 -3.62000e+02
1168 -3.61000e+02
1239 -3.60000e+02
1294 -3.59000e+02
1325 -3.58000e+02
1395 -3.57000e+02
1398 -3.56000e+02
1428 -3.55000e+02
1523 -3.54000e+02
1569 -3.53000e+02
1619 -3.52000e+02
1786 -3.51000e+02
1793 -3.50000e+02
1800 -3.49000e+02
1852 -3.48000e+02
1862 -3.47000e+02
1879 -3.46000e+02
2015 -3.45000e+02
2019 -3.44000e+02
2064 -3.43000e+02
2162 -3.42000e+02
2186 -3.41000e+02
2223 -3.40000e+02
2259 -3.39000e+02
2355 -3.38000e+02
2435 -3.37000e+02
2476 -3.36000e+02
2526 -3.35000e+02
2551 -3.34000e+02
2570 -3.33000e+02
2678 -3.31000e+02
2751 -3.30000e+02
2816 -3.29000e+02
2817 -3.28000e+02
2878 -3.27000e+02
2889 -3.26000e+02
2909 -3.25000e+02
2994 -3.24000e+02
3111 -3.22000e+02
3166 -3.21000e+02
3195 -3.20000e+02
3209 -3.19000e+02
3303 -3.18000e+02
3392 -3.17000e+02
3393 -3.16000e+02
3492 -3.15000e+02
3542 -3.14000e+02
3561 -3.13000e+02
3598 -3.12000e+02
3673 -3.11000e+02
3785 -3.10000e+02
3817 -3.09000e+02
3883 -3.08000e+02
4012 -3.07000e+02
4058 -3.06000e+02
4076 -3.05000e+02
4090 -3.04000e+02
4135 -3.03000e+02
4248 -3.02000e+02
4268 -3.01000e+02
4275 -3.00000e+02
4342 -2.99000e+02
4431 -2.98000e+02
4597 -2.97000e+02
4662 -2.96000e+02
4714 -2.95000e+02
4791 -2.94000e+02
4840 -2.93000e+02
4896 -2.92000e+02
4950 -2.91000e+02
4998 -2.90000e+02
5028 -2.89000e+02
5162 -2.88000e+02
5206 -2.87000e+02
5279 -2.86000e+02
5418 -2.85000e+02
5449 -2.84000e+02
5515 -2.82000e+02
5543 -2.81000e+02
5550 -2.80000e+02
5611 -2.79000e+02
5632 -2.78000e+02
5647 -2.77000e+02
5695 -2.76000e+02
5763 -2.75000e+02
5842 -2.74000e+02
5872 -2.73000e+02
5902 -2.72000e+02
5917 -2.71000e+02
5976 -2.70000e+02
6006 -2.69000e+02
6022 -2.68000e+02
6040 -2.67000e+02
6074 -2.66000e+02
6195 -2.65000e+02
6201 -2.64000e+02
6238 -2.63000e+02
6438 -2.62000e+02
6523 -2.61000e+02
6556 -2.60000e+02
6663 -2.59000e+02
6665 -2.58000e+02
6724 -2.57000e+02
6768 -2.56000e+02
6774 -2.55000e+02
6839 -2.54000e+02
6899 -2.53000e+02
6968 -2.52000e+02
7139 -2.51000e+02
7292 -2.50000e+02
7357 -2.49000e+02
7374 -2.48000e+02
7570 -2.47000e+02
7652 -2.46000e+02
7702 -2.45000e+02
7728 -2.44000e+02
7773 -2.43000e+02
7891 -2.42000e+02
8012 -2.41000e+02
8089 -2.40000e+02
8134 -2.39000e+02
8157 -2.38000e+02
8325 -2.37000e+02
8373 -2.36000e+02
8435 -2.35000e+02
8711 -2.34000e+02
8794 -2.33000e+02
8822 -2.32000e+02
9013 -2.31000e+02
9074 -2.30000e+02
9336 -2.29000e+02
9376 -2.28000e+02
9496 -2.27000e+02
9592 -2.26000e+02
9662 -2.25000e+02
9778 -2.24000e+02
9822 -2.23000e+02
9881 -2.22000e+02
9959 -2.21000e+02
9981 -2.21000e+02
"function evaluation" "best-so-far f(x)"
1 -3.83000e+02
12 -3.82000e+02
33 -3.81000e+02
127 -3.80000e+02
289 -3.79000e+02
358 -3.78000e+02
403 -3.76000e+02
480 -3.75000e+02
496 -3.74000e+02
637 -3.73000e+02
708 -3.72000e+02
759 -3.71000e+02
787 -3.70000e+02
835 -3.69000e+02
847 -3.68000e+02
957 -3.67000e+02
1031 -3.66000e+02
1080 -3.65000e+02
1223 -3.64000e+02
1333 -3.63000e+02
1356 -3.62000e+02
1379 -3.61000e+02
1391 -3.60000e+02
1478 -3.59000e+02
1571 -3.58000e+02
1592 -3.57000e+02
1617 -3.56000e+02
1661 -3.55000e+02
1722 -3.54000e+02
1772 -3.53000e+02
1819 -3.52000e+02
1837 -3.51000e+02
1867 -3.50000e+02
1884 -3.49000e+02
1919 -3.48000e+02
1931 -3.47000e+02
1940 -3.46000e+02
2009 -3.45000e+02
2055 -3.44000e+02
2194 -3.43000e+02
2272 -3.42000e+02
2355 -3.41000e+02
2490 -3.40000e+02
2563 -3.39000e+02
2675 -3.38000e+02
2691 -3.37000e+02
2723 -3.36000e+02
2729 -3.35000e+02
2832 -3.33000e+02
2847 -3.31000e+02
2950 -3.30000e+02
3078 -3.29000e+02
3112 -3.28000e+02
3281 -3.27000e+02
3334 -3.26000e+02
3357 -3.24000e+02
3370 -3.23000e+02
3388 -3.22000e+02
3436 -3.21000e+02
3535 -3.20000e+02
3567 -3.19000e+02
3569 -3.18000e+02
3601 -3.17000e+02
3624 -3.16000e+02
3625 -3.15000e+02
3726 -3.14000e+02
3829 -3.13000e+02
3994 -3.12000e+02
4019 -3.11000e+02
4143 -3.10000e+02
4174 -3.09000e+02
4262 -3.08000e+02
4317 -3.07000e+02
4404 -3.06000e+02
4599 -3.05000e+02
4618 -3.04000e+02
4890 -3.03000e+02
4985 -3.02000e+02
5059 -3.01000e+02
5118 -3.00000e+02
5207 -2.99000e+02
5286 -2.98000e+02
5404 -2.96000e+02
5476 -2.95000e+02
5528 -2.94000e+02
5597 -2.93000e+02
5673 -2.91000e+02
5759 -2.90000e+02
5813 -2.89000e+02
5938 -2.88000e+02
5980 -2.87000e+02
6036 -2.86000e+02
6046 -2.85000e+02
6117 -2.84000e+02
6200 -2.83000e+02
6244 -2.82000e+02
6330 -2.81000e+02
6491 -2.80000e+02
6546 -2.79000e+02
6588 -2.78000e+02
6611 -2.77000e+02
6688 -2.75000e+02
6982 -2.74000e+02
7060 -2.73000e+02
7190 -2.72000e+02
7280 -2.71000e+02
7321 -2.70000e+02
7341 -2.69000e+02
7468 -2.68000e+02
7575 -2.67000e+02
7651 -2.66000e+02
7702 -2.65000e+02
7774 -2.64000e+02
7798 -2.63000e+02
7856 -2.62000e+02
8013 -2.61000e+02
8028 -2.60000e+02
8094 -2.59000e+02
8122 -2.58000e+02
8218 -2.57000e+02
8277 -2.56000e+02
8364 -2.55000e+02
8402 -2.53000e+02
8459 -2.52000e+02
8496 -2.51000e+02
8564 -2.50000e+02
8609 -2.49000e+02
8614 -2.48000e+02
8640 -2.47000e+02
8661 -2.46000e+02
8679 -2.45000e+02
8789 -2.43000e+02
9017 -2.42000e+02
9053 -2.41000e+02
9088 -2.39000e+02
9094 -2.38000e+02
9121 -2.37000e+02
9175 -2.36000e+02
9327 -2.35000e+02
9418 -2.34000e+02
9459 -2.33000e+02
9619 -2.31000e+02
9720 -2.30000e+02
9797 -2.29000e+02
9902 -2.28000e+02
9981 -2.28000e+02
"function evaluation" "best-so-far f(x)"
1 -3.83000e+02
14 -3.82000e+02
92 -3.81000e+02
128 -3.80000e+02
148 -3.79000e+02
214 -3.78000e+02
249 -3.77000e+02
258 -3.76000e+02
405 -3.75000e+02
417 -3.74000e+02
447 -3.72000e+02
594 -3.71000e+02
622 -3.70000e+02
707 -3.69000e+02
749 -3.68000e+02
804 -3.67000e+02
874 -3.66000e+02
911 -3.65000e+02
943 -3.64000e+02
944 -3.63000e+02
975 -3.62000e+02
1008 -3.61000e+02
1072 -3.60000e+02
1087 -3.59000e+02
1134 -3.58000e+02
1164 -3.57000e+02
1261 -3.56000e+02
1297 -3.55000e+02
1302 -3.54000e+02
1322 -3.53000e+02
1341 -3.52000e+02
1414 -3.51000e+02
1464 -3.50000e+02
1503 -3.49000e+02
1538 -3.48000e+02
1562 -3.47000e+02
1587 -3.46000e+02
1696 -3.45000e+02
1786 -3.44000e+02
1812 -3.43000e+02
1875 -3.42000e+02
1880 -3.41000e+02
1940 -3.40000e+02
1977 -3.39000e+02
2079 -3.38000e+02
2179 -3.37000e+02
2289 -3.36000e+02
2309 -3.35000e+02
2357 -3.34000e+02
2403 -3.33000e+02
2563 -3.32000e+02
2720 -3.31000e+02
2773 -3.30000e+02
2829 -3.29000e+02
2855 -3.28000e+02
2863 -3.27000e+02
2868 -3.26000e+02
2903 -3.25000e+02
2985 -3.24000e+02
3150 -3.23000e+02
3164 -3.22000e+02
3382 -3.20000e+02
3482 -3.19000e+02
3540 -3.18000e+02
3560 -3.17000e+02
3755 -3.16000e+02
3848 -3.15000e+02
3931 -3.14000e+02
3994 -3.13000e+02
4000 -3.12000e+02
4190 -3.11000e+02
4273 -3.10000e+02
4332 -3.09000e+02
4405 -3.08000e+02
4464 -3.07000e+02
4615 -3.06000e+02
4728 -3.05000e+02
4798 -3.04000e+02
4853 -3.03000e+02
4981 -3.02000e+02
5048 -3.01000e+02
5091 -3.00000e+02
5157 -2.99000e+02
5183 -2.97000e+02
5202 -2.96000e+02
5257 -2.95000e+02
5372 -2.94000e+02
5533 -2.93000e+02
5609 -2.92000e+02
5664 -2.91000e+02
5702 -2.90000e+02
5765 -2.89000e+02
5837 -2.88000e+02
5846 -2.87000e+02
6122 -2.86000e+02
6171 -2.85000e+02
6206 -2.84000e+02
6246 -2.83000e+02
6312 -2.82000e+02
6338 -2.81000e+02
6372 -2.80000e+02
6389 -2.79000e+02
6447 -2.78000e+02
6602 -2.77000e+02
6661 -2.76000e+02
6754 -2.75000e+02
6781 -2.74000e+02
6843 -2.73000e+02
6944 -2.72000e+02
7027 -2.71000e+02
7037 -2.70000e+02
7061 -2.69000e+02
7166 -2.68000e+02
7264 -2.66000e+02
7280 -2.65000e+02
7409 -2.64000e+02
7544 -2.63000e+02
7656 -2.62000e+02
7685 -2.61000e+02
7726 -2.60000e+02
7775 -2.59000e+02
7824 -2.58000e+02
7891 -2.57000e+02
8143 -2.56000e+02
8184 -2.55000e+02
8266 -2.54000e+02
8355 -2.52000e+02
8491 -2.51000e+02
8531 -2.50000e+02
8635 -2.49000e+02
8684 -2.48000e+02
8709 -2.47000e+02
8834 -2.46000e+02
8948 -2.45000e+02
9004 -2.44000e+02
9043 -2.43000e+02
9075 -2.42000e+02
9115 -2.41000e+02
9379 -2.40000e+02
9399 -2.39000e+02
9534 -2.37000e+02
9612 -2.36000e+02
9685 -2.35000e+02
9746 -2.34000e+02
9926 -2.33000e+02
9943 -2.32000e+02
9964 -2.31000e+02
9981 -2.31000e+02
"function evaluation" "best-so-far f(x)"
1 -3.83000e+02
153 -3.81000e+02
216 -3.80000e+02
302 -3.79000e+02
365 -3.78000e+02
440 -3.77000e+02
572 -3.76000e+02
595 -3.75000e+02
617 -3.74000e+02
644 -3.73000e+02
668 -3.72000e+02
694 -3.71000e+02
790 -3.70000e+02
846 -3.69000e+02
1002 -3.68000e+02
1125 -3.67000e+02
1174 -3.66000e+02
1175 -3.65000e+02
1253 -3.64000e+02
1357 -3.63000e+02
1420 -3.62000e+02
1468 -3.61000e+02
1489 -3.60000e+02
1591 -3.59000e+02
1636 -3.58000e+02
1753 -3.57000e+02
1799 -3.56000e+02
1834 -3.55000e+02
1883 -3.54000e+02
1924 -3.52000e+02
1961 -3.51000e+02
1974 -3.50000e+02
1994 -3.49000e+02
2074 -3.48000e+02
2080 -3.47000e+02
2103 -3.46000e+02
2149 -3.45000e+02
2177 -3.44000e+02
2210 -3.43000e+02
2342 -3.42000e+02
2390 -3.41000e+02
2473 -3.40000e+02
2483 -3.39000e+02
2498 -3.38000e+02
2518 -3.37000e+02
2532 -3.36000e+02
2566 -3.34000e+02
2750 -3.33000e+02
2756 -3.32000e+02
2837 -3.31000e+02
2902 -3.30000e+02
2957 -3.29000e+02
3008 -3.28000e+02
3162 -3.27000e+02
3252 -3.26000e+02
3307 -3.25000e+02
3320 -3.24000e+02
3392 -3.23000e+02
3418 -3.22000e+02
3503 -3.21000e+02
3551 -3.20000e+02
3617 -3.19000e+02
3724 -3.18000e+02
3739 -3.17000e+02
3804 -3.16000e+02
3826 -3.15000e+02
3867 -3.14000e+02
3900 -3.13000e+02
3920 -3.12000e+02
4043 -3.11000e+02
4082 -3.10000e+02
4190 -3.09000e+02
4226 -3.08000e+02
4323 -3.07000e+02
4367 -3.06000e+02
4415 -3.05000e+02
4416 -3.04000e+02
4440 -3.03000e+02
4493 -3.02000e+02
4533 -3.01000e+02
4564 -3.00000e+02
4674 -2.99000e+02
4720 -2.98000e+02
4776 -2.97000e+02
4783 -2.96000e+02
4882 -2.95000e+02
4911 -2.94000e+02
4973 -2.93000e+02
5104 -2.92000e+02
5171 -2.90000e+02
5176 -2.88000e+02
5220 -2.87000e+02
5305 -2.86000e+02
5385 -2.85000e+02
5418 -2.84000e+02
5423 -2.83000e+02
5469 -2.82000e+02
5546 -2.81000e+02
5721 -2.80000e+02
5810 -2.79000e+02
5860 -2.78000e+02
5966 -2.77000e+02
5978 -2.76000e+02
6030 -2.75000e+02
6064 -2.74000e+02
6089 -2.73000e+02
6143 -2.72000e+02
6159 -2.71000e+02
6212 -2.70000e+02
6344 -2.69000e+02
6367 -2.68000e+02
6378 -2.67000e+02
6503 -2.66000e+02
6516 -2.65000e+02
6566 -2.63000e+02
6628 -2.62000e+02
6715 -2.61000e+02
6795 -2.60000e+02
6897 -2.59000e+02
7016 -2.58000e+02
7055 -2.57000e+02
7222 -2.56000e+02
7328 -2.55000e+02
7460 -2.54000e+02
7468 -2.53000e+02
7529 -2.52000e+02
7539 -2.51000e+02
7942 -2.50000e+02
8016 -2.49000e+02
8043 -2.48000e+02
8055 -2.47000e+02
8088 -2.46000e+02
8316 -2.45000e+02
8361 -2.44000e+02
8395 -2.43000e+02
8520 -2.42000e+02
8622 -2.41000e+02
8647 -2.40000e+02
8730 -2.39000e+02
8754 -2.38000e+02
8873 -2.37000e+02
9097 -2.36000e+02
9179 -2.35000e+02
9187 -2.34000e+02
9209 -2.33000e+02
9250 -2.32000e+02
9266 -2.31000e+02
9296 -2.30000e+02
9388 -2.29000e+02
9519 -2.28000e+02
9558 -2.27000e+02
9667 -2.26000e+02
9687 -2.25000e+02
9757 -2.24000e+02
9948 -2.23000e+02
9981 -2.23000e+02
"function evaluation" "best-so-far f(x)"
1 -3.83000e+02
53 -3.82000e+02
124 -3.81000e+02
162 -3.80000e+02
189 -3.79000e+02
205 -3.78000e+02
370 -3.77000e+02
405 -3.76000e+02
415 -3.75000e+02
478 -3.74000e+02
518 -3.73000e+02
543 -3.72000e+02
593 -3.71000e+02
670 -3.70000e+02
691 -3.69000e+02
731 -3.68000e+02
742 -3.67000e+02
744 -3.66000e+02
804 -3.65000e+02
861 -3.64000e+02
913 -3.63000e+02
970 -3.62000e+02
1008 -3.61000e+02
1045 -3.60000e+02
1114 -3.59000e+02
1158 -3.58000e+02
1308 -3.57000e+02
1379 -3.56000e+02
1442 -3.55000e+02
1463 -3.54000e+02
1540 -3.53000e+02
1652 -3.52000e+02
1696 -3.51000e+02
1697 -3.50000e+02
1704 -3.49000e+02
1724 -3.48000e+02
1761 -3.47000e+02
1815 -3.46000e+02
1896 -3.45000e+02
1960 -3.44000e+02
2012 -3.43000e+02
2051 -3.42000e+02
2104 -3.41000e+02
2154 -3.40000e+02
2282 -3.39000e+02
2327 -3.38000e+02
2405 -3.37000e+02
2471 -3.36000e+02
2641 -3.35000e+02
2696 -3.34000e+02
2728 -3.33000e+02
2788 -3.32000e+02
2822 -3.31000e+02
2932 -3.30000e+02
3027 -3.29000e+02
3170 -3.28000e+02
3191 -3.27000e+02
3214 -3.26000e+02
3223 -3.25000e+02
3284 -3.24000e+02
3313 -3.23000e+02
3402 -3.22000e+02
3633 -3.21000e+02
3685 -3.19000e+02
3792 -3.18000e+02
3856 -3.17000e+02
3891 -3.16000e+02
3922 -3.15000e+02
3932 -3.14000e+02
3994 -3.13000e+02
4068 -3.12000e+02
4095 -3.11000e+02
4145 -3.10000e+02
4180 -3.09000e+02
4211 -3.07000e+02
4275 -3.06000e+02
4319 -3.05000e+02
4509 -3.04000e+02
4516 -3.03000e+02
4566 -3.02000e+02
4633 -3.01000e+02
4690 -3.00000e+02
4720 -2.99000e+02
4767 -2.98000e+02
4808 -2.97000e+02
4887 -2.96000e+02
4932 -2.95000e+02
4995 -2.94000e+02
5033 -2.93000e+02
5061 -2.92000e+02
5156 -2.91000e+02
5239 -2.90000e+02
5301 -2.89000e+02
5411 -2.88000e+02
5456 -2.87000e+02
5493 -2.86000e+02
5572 -2.85000e+02
5584 -2.84000e+02
5735 -2.83000e+02
5927 -2.82000e+02
5970 -2.81000e+02
6024 -2.80000e+02
6087 -2.79000e+02
6180 -2.78000e+02
6285 -2.77000e+02
6314 -2.76000e+02
6360 -2.75000e+02
6406 -2.74000e+02
6473 -2.73000e+02
6516 -2.72000e+02
6542 -2.71000e+02
6581 -2.70000e+02
6756 -2.69000e+02
6787 -2.68000e+02
6803 -2.67000e+02
6892 -2.66000e+02
6976 -2.65000e+02
7045 -2.63000e+02
7121 -2.62000e+02
7157 -2.61000e+02
7194 -2.60000e+02
7214 -2.59000e+02
7298 -2.58000e+02
7334 -2.57000e+02
7446 -2.56000e+02
7562 -2.55000e+02
7683 -2.54000e+02
7724 -2.53000e+02
7911 -2.52000e+02
7978 -2.51000e+02
8282 -2.50000e+02
8434 -2.49000e+02
8487 -2.48000e+02
8538 -2.47000e+02
8586 -2.46000e+02
8770 -2.45000e+02
8838 -2.44000e+02
8915 -2.42000e+02
9043 -2.41000e+02
9137 -2.39000e+02
9283 -2.38000e+02
9404 -2.37000e+02
9444 -2.36000e+02
9512 -2.34000e+02
9621 -2.33000e+02
9713 -2.32000e+02
9797 -2.31000e+02
9826 -2.30000e+02
9914 -2.29000e+02
9981 -2.29000e+02
"function evaluation" "best-so-far f(x)"
1 -3.83000e+02
52 -3.82000e+02
88 -3.81000e+02
99 -3.80000e+02
111 -3.78000e+02
130 -3.77000e+02
135 -3.76000e+02
287 -3.75000e+02
301 -3.74000e+02
346 -3.73000e+02
433 -3.72000e+02
435 -3.71000e+02
504 -3.70000e+02
547 -3.69000e+02
607 -3.68000e+02
630 -3.67000e+02
711 -3.66000e+02
779 -3.65000e+02
818 -3.64000e+02
863 -3.63000e+02
940 -3.62000e+02
980 -3.61000e+02
989 -3.60000e+02
1065 -3.59000e+02
1088 -3.58000e+02
1127 -3.57000e+02
1202 -3.56000e+02
1284 -3.55000e+02
1332 -3.54000e+02
1352 -3.53000e+02
1419 -3.52000e+02
1478 -3.51000e+02
1543 -3.50000e+02
1577 -3.49000e+02
1585 -3.48000e+02
1618 -3.47000e+02
1634 -3.46000e+02
1646 -3.45000e+02
1693 -3.44000e+02
1886 -3.43000e+02
1971 -3.42000e+02
2017 -3.41000e+02
2125 -3.40000e+02
2178 -3.39000e+02
2201 -3.38000e+02
2285 -3.37000e+02
2287 -3.36000e+02
2336 -3.35000e+02
2397 -3.34000e+02
2447 -3.33000e+02
2489 -3.32000e+02
2528 -3.31000e+02
2531 -3.30000e+02
2559 -3.27000e+02
2599 -3.26000e+02
2692 -3.25000e+02
2831 -3.24000e+02
2891 -3.23000e+02
2953 -3.22000e+02
2963 -3.21000e+02
3011 -3.20000e+02
3030 -3.19000e+02
3059 -3.18000e+02
3146 -3.17000e+02
3192 -3.16000e+02
3276 -3.15000e+02
3295 -3.14000e+02
3380 -3.13000e+02
3454 -3.12000e+02
3461 -3.11000e+02
3514 -3.10000e+02
3529 -3.09000e+02
3549 -3.08000e+02
3586 -3.06000e+02
3636 -3.05000e+02
3663 -3.04000e+02
3705 -3.03000e+02
3743 -3.02000e+02
3766 -3.01000e+02
3815 -3.00000e+02
4037 -2.99000e+02
4074 -2.98000e+02
4110 -2.97000e+02
4206 -2.96000e+02
4235 -2.95000e+02
4286 -2.94000e+02
4544 -2.93000e+02
4603 -2.92000e+02
4687 -2.91000e+02
4721 -2.90000e+02
4733 -2.89000e+02
4738 -2.88000e+02
4763 -2.87000e+02
4793 -2.86000e+02
4812 -2.85000e+02
4884 -2.84000e+02
4975 -2.83000e+02
4980 -2.82000e+02
4996 -2.81000e+02
5052 -2.80000e+02
5131 -2.79000e+02
5251 -2.78000e+02
5312 -2.77000e+02
5392 -2.76000e+02
5549 -2.75000e+02
5610 -2.74000e+02
5660 -2.73000e+02
5696 -2.72000e+02
5712 -2.71000e+02
5748 -2.70000e+02
5817 -2.69000e+02
5821 -2.68000e+02
5929 -2.67000e+02
5943 -2.66000e+02
5958 -2.65000e+02
6053 -2.64000e+02
6175 -2.63000e+02
6260 -2.62000e+02
6320 -2.61000e+02
6399 -2.60000e+02
6471 -2.59000e+02
6487 -2.58000e+02
6612 -2.57000e+02
6835 -2.56000e+02
6893 -2.55000e+02
7050 -2.54000e+02
7059 -2.53000e+02
7098 -2.52000e+02
7225 -2.51000e+02
7314 -2.50000e+02
7394 -2.49000e+02
7534 -2.48000e+02
7560 -2.47000e+02
7588 -2.46000e+02
7630 -2.45000e+02
7646 -2.44000e+02
7768 -2.43000e+02
7797 -2.42000e+02
7844 -2.41000e+02
7876 -2.40000e+02
7951 -2.39000e+02
8048 -2.38000e+02
8229 -2.37000e+02
8256 -2.36000e+02
8371 -2.35000e+02
8468 -2.34000e+02
8551 -2.33000e+02
8733 -2.32000e+02
8764 -2.31000e+02
8802 -2.30000e+02
8860 -2.29000e+02
8888 -2.28000e+02
8943 -2.27000e+02
9155 -2.26000e+02
9202 -2.25000e+02
9224 -2.24000e+02
9314 -2.23000e+02
9393 -2.22000e+02
9431 -2.21000e+02
9480 -2.20000e+02
9552 -2.19000e+02
9721 -2.18000e+02
9784 -2.17000e+02
9964 -2.16000e+02
9981 -2.16000e+02
"function evaluation" "best-so-far f(x)"
1 -3.83000e+02
37 -3.82000e+02
77 -3.81000e+02
123 -3.80000e+02
156 -3.79000e+02
189 -3.78000e+02
242 -3.77000e+02
248 -3.76000e+02
289 -3.75000e+02
429 -3.74000e+02
442 -3.73000e+02
463 -3.71000e+02
514 -3.70000e+02
530 -3.69000e+02
581 -3.68000e+02
632 -3.67000e+02
709 -3.66000e+02
736 -3.65000e+02
771 -3.64000e+02
772 -3.63000e+02
906 -3.62000e+02
937 -3.61000e+02
949 -3.60000e+02
955 -3.59000e+02
980 -3.58000e+02
1079 -3.57000e+02
1144 -3.56000e+02
1214 -3.55000e+02
1269 -3.54000e+02
1350 -3.53000e+02
1358 -3.52000e+02
1430 -3.51000e+02
1454 -3.50000e+02
1499 -3.49000e+02
1568 -3.48000e+02
1591 -3.47000e+02
1609 -3.46000e+02
1648 -3.45000e+02
1777 -3.44000e+02
1786 -3.43000e+02
1897 -3.41000e+02
1955 -3.40000e+02
2000 -3.39000e+02
2090 -3.37000e+02
2201 -3.36000e+02
2227 -3.35000e+02
2268 -3.34000e+02
2333 -3.33000e+02
2455 -3.31000e+02
2486 -3.30000e+02
2513 -3.29000e+02
2592 -3.28000e+02
2611 -3.27000e+02
2679 -3.26000e+02
2736 -3.25000e+02
2772 -3.24000e+02
2814 -3.23000e+02
2927 -3.22000e+02
3243 -3.21000e+02
3313 -3.19000e+02
3363 -3.18000e+02
3555 -3.17000e+02
3585 -3.16000e+02
3655 -3.15000e+02
3675 -3.14000e+02
3701 -3.13000e+02
3713 -3.12000e+02
3736 -3.11000e+02
3816 -3.10000e+02
3850 -3.09000e+02
3862 -3.08000e+02
3891 -3.07000e+02
3948 -3.06000e+02
4032 -3.05000e+02
4069 -3.04000e+02
4198 -3.03000e+02
4268 -3.02000e+02
4346 -3.01000e+02
4382 -3.00000e+02
4406 -2.99000e+02
4437 -2.98000e+02
4508 -2.97000e+02
4510 -2.96000e+02
4521 -2.95000e+02
4577 -2.94000e+02
4607 -2.93000e+02
4661 -2.92000e+02
4703 -2.91000e+02
4711 -2.90000e+02
4783 -2.89000e+02
4833 -2.88000e+02
4860 -2.87000e+02
5023 -2.86000e+02
5056 -2.85000e+02
5093 -2.83000e+02
5219 -2.82000e+02
5296 -2.81000e+02
5306 -2.80000e+02
5324 -2.79000e+02
5373 -2.78000e+02
5463 -2.77000e+02
5473 -2.76000e+02
5539 -2.75000e+02
5643 -2.73000e+02
5658 -2.72000e+02
5742 -2.71000e+02
5781 -2.70000e+02
5883 -2.69000e+02
5984 -2.68000e+02
6061 -2.67000e+02
6128 -2.66000e+02
6326 -2.65000e+02
6355 -2.64000e+02
6409 -2.63000e+02
6463 -2.62000e+02
6558 -2.61000e+02
6575 -2.60000e+02
6582 -2.59000e+02
6656 -2.58000e+02
6823 -2.57000e+02
6860 -2.56000e+02
6898 -2.55000e+02
7007 -2.54000e+02
7106 -2.53000e+02
7165 -2.52000e+02
7266 -2.51000e+02
7344 -2.49000e+02
7387 -2.48000e+02
7463 -2.47000e+02
7641 -2.46000e+02
7658 -2.45000e+02
7679 -2.44000e+02
7708 -2.43000e+02
7962 -2.42000e+02
8004 -2.41000e+02
8098 -2.40000e+02
8138 -2.39000e+02
8601 -2.38000e+02
8809 -2.37000e+02
8834 -2.36000e+02
8932 -2.35000e+02
9077 -2.34000e+02
9080 -2.33000e+02
9185 -2.32000e+02
9273 -2.31000e+02
9274 -2.30000e+02
9295 -2.29000e+02
9426 -2.28000e+02
9873 -2.27000e+02
9981 -2.27000e+02
"function evaluation" "best-so-far f(x)"
1 -3.83000e+02
6 -3.82000e+02
51 -3.81000e+02
70 -3.79000e+02
88 -3.78000e+02
119 -3.77000e+02
150 -3.76000e+02
236 -3.75000e+02
314 -3.74000e+02
325 -3.73000e+02
398 -3.72000e+02
450 -3.71000e+02
527 -3.70000e+02
566 -3.69000e+02
588 -3.67000e+02
630 -3.66000e+02
725 -3.65000e+02
755 -3.64000e+02
785 -3.63000e+02
821 -3.62000e+02
839 -3.61000e+02
909 -3.60000e+02
930 -3.59000e+02
951 -3.58000e+02
956 -3.57000e+02
997 -3.56000e+02
1022 -3.55000e+02
1054 -3.54000e+02
1111 -3.53000e+02
1173 -3.52000e+02
1194 -3.50000e+02
1314 -3.49000e+02
1349 -3.48000e+02
1428 -3.46000e+02
1527 -3.45000e+02
1557 -3.44000e+02
1610 -3.43000e+02
1641 -3.42000e+02
1691 -3.41000e+02
1733 -3.40000e+02
1793 -3.39000e+02
1891 -3.38000e+02
1933 -3.37000e+02
1991 -3.36000e+02
2030 -3.35000e+02
2065 -3.34000e+02
2125 -3.33000e+02
2154 -3.32000e+02
2184 -3.31000e+02
2313 -3.30000e+02
2366 -3.29000e+02
2419 -3.28000e+02
2446 -3.27000e+02
2506 -3.26000e+02
2609 -3.25000e+02
2770 -3.24000e+02
2901 -3.23000e+02
2958 -3.22000e+02
3035 -3.21000e+02
3069 -3.20000e+02
3070 -3.19000e+02
3199 -3.18000e+02
3284 -3.17000e+02
3347 -3.16000e+02
3386 -3.15000e+02
3443 -3.14000e+02
3507 -3.13000e+02
3532 -3.12000e+02
3564 -3.11000e+02
3697 -3.10000e+02
3730 -3.09000e+02
3783 -3.08000e+02
3867 -3.07000e+02
3932 -3.06000e+02
4011 -3.05000e+02
4106 -3.04000e+02
4109 -3.03000e+02
4159 -3.02000e+02
4223 -3.01000e+02
4307 -3.00000e+02
4382 -2.99000e+02
4567 -2.97000e+02
4591 -2.96000e+02
4634 -2.95000e+02
4685 -2.94000e+02
4791 -2.93000e+02
4853 -2.92000e+02
4970 -2.91000e+02
5022 -2.90000e+02
5128 -2.89000e+02
5191 -2.88000e+02
5215 -2.87000e+02
5304 -2.86000e+02
5558 -2.85000e+02
5580 -2.84000e+02
5632 -2.83000e+02
5681 -2.82000e+02
5698 -2.81000e+02
5785 -2.80000e+02
5885 -2.79000e+02
5930 -2.78000e+02
5982 -2.77000e+02
6072 -2.76000e+02
6188 -2.75000e+02
6220 -2.74000e+02
6275 -2.73000e+02
6286 -2.72000e+02
6431 -2.71000e+02
6614 -2.70000e+02
6810 -2.69000e+02
6888 -2.68000e+02
6908 -2.67000e+02
7021 -2.66000e+02
7056 -2.65000e+02
7135 -2.64000e+02
7216 -2.63000e+02
7221 -2.62000e+02
7292 -2.61000e+02
7406 -2.60000e+02
7411 -2.59000e+02
7428 -2.58000e+02
7501 -2.57000e+02
7577 -2.56000e+02
7626 -2.55000e+02
7669 -2.54000e+02
7703 -2.52000e+02
7784 -2.51000e+02
7878 -2.50000e+02
7885 -2.49000e+02
7995 -2.48000e+02
8062 -2.47000e+02
8118 -2.46000e+02
8311 -2.45000e+02
8379 -2.44000e+02
8439 -2.43000e+02
8500 -2.42000e+02
8532 -2.40000e+02
8727 -2.39000e+02
8759 -2.38000e+02
8775 -2.37000e+02
8802 -2.36000e+02
8847 -2.35000e+02
8898 -2.34000e+02
8984 -2.33000e+02
9080 -2.32000e+02
9151 -2.31000e+02
9159 -2.30000e+02
9213 -2.29000e+02
9222 -2.26000e+02
9274 -2.24000e+02
9297 -2.23000e+02
9315 -2.22000e+02
9427 -2.21000e+02
9547 -2.20000e+02
9579 -2.19000e+02
9657 -2.18000e+02
9673 -2.17000e+02
9678 -2.16000e+02
9706 -2.15000e+02
9843 -2.14000e+02
9886 -2.13000e+02
9977 -2.12000e+02
9981 -2.12000e+02
