"function evaluation" "best-so-far f(x)"
1 -3.83000e+02
3 -3.82000e+02
103 -3.81000e+02
118 -3.80000e+02
150 -3.79000e+02
170 -3.78000e+02
225 -3.77000e+02
291 -3.75000e+02
309 -3.74000e+02
314 -3.73000e+02
358 -3.72000e+02
439 -3.71000e+02
463 -3.70000e+02
520 -3.69000e+02
565 -3.68000e+02
598 -3.67000e+02
656 -3.66000e+02
680 -3.64000e+02
681 -3.63000e+02
703 -3.62000e+02
726 -3.60000e+02
744 -3.59000e+02
749 -3.58000e+02
789 -3.57000e+02
836 -3.56000e+02
906 -3.55000e+02
950 -3.54000e+02
968 -3.53000e+02
988 -3.52000e+02
1018 -3.51000e+02
1035 -3.50000e+02
1092 -3.49000e+02
1115 -3.48000e+02
1146 -3.47000e+02
1171 -3.46000e+02
1232 -3.45000e+02
1296 -3.44000e+02
1335 -3.43000e+02
1364 -3.42000e+02
1400 -3.41000e+02
1500 -3.40000e+02
1553 -3.39000e+02
1586 -3.38000e+02
1588 -3.37000e+02
1612 -3.36000e+02
1616 -3.35000e+02
1633 -3.34000e+02
1661 -3.33000e+02
1682 -3.32000e+02
1772 -3.31000e+02
1796 -3.30000e+02
1816 -3.29000e+02
1871 -3.28000e+02
1883 -3.27000e+02
1913 -3.26000e+02
2019 -3.25000e+02
2054 -3.24000e+02
2095 -3.23000e+02
2114 -3.21000e+02
2156 -3.20000e+02
2225 -3.19000e+02
2267 -3.18000e+02
2340 -3.17000e+02
2384 -3.16000e+02
2403 -3.15000e+02
2439 -3.14000e+02
2489 -3.13000e+02
2560 -3.12000e+02
2570 -3.11000e+02
2682 -3.10000e+02
2764 -3.09000e+02
2808 -3.08000e+02
2888 -3.07000e+02
2950 -3.06000e+02
2963 -3.05000e+02
3034 -3.04000e+02
3042 -3.03000e+02
3057 -3.02000e+02
3122 -3.01000e+02
3196 -3.00000e+02
3263 -2.99000e+02
3266 -2.97000e+02
3294 -2.96000e+02
3322 -2.95000e+02
3350 -2.94000e+02
3412 -2.93000e+02
3438 -2.92000e+02
3471 -2.91000e+02
3516 -2.90000e+02
3523 -2.89000e+02
3584 -2.88000e+02
3605 -2.87000e+02
3702 -2.86000e+02
3746 -2.85000e+02
3783 -2.84000e+02
3869 -2.83000e+02
3902 -2.82000e+02
3949 -2.81000e+02
3964 -2.80000e+02
3981 -2.79000e+02
4069 -2.78000e+02
4223 -2.77000e+02
4297 -2.76000e+02
4352 -2.75000e+02
4407 -2.74000e+02
4472 -2.73000e+02
4553 -2.72000e+02
4703 -2.71000e+02
4755 -2.70000e+02
4823 -2.69000e+02
4844 -2.68000e+02
4865 -2.67000e+02
4889 -2.66000e+02
4969 -2.65000e+02
5003 -2.64000e+02
5089 -2.63000e+02
5286 -2.62000e+02
5328 -2.61000e+02
5387 -2.60000e+02
5432 -2.59000e+02
5441 -2.58000e+02
5576 -2.57000e+02
5680 -2.56000e+02
5723 -2.55000e+02
5820 -2.54000e+02
5885 -2.53000e+02
5910 -2.52000e+02
5936 -2.51000e+02
5977 -2.50000e+02
5986 -2.49000e+02
6173 -2.48000e+02
6307 -2.47000e+02
6386 -2.46000e+02
6464 -2.45000e+02
6487 -2.44000e+02
6516 -2.43000e+02
6592 -2.42000e+02
6623 -2.41000e+02
6638 -2.40000e+02
6678 -2.39000e+02
6807 -2.38000e+02
6924 -2.37000e+02
6961 -2.36000e+02
6991 -2.35000e+02
7102 -2.34000e+02
7170 -2.33000e+02
7211 -2.32000e+02
7299 -2.31000e+02
7300 -2.30000e+02
7316 -2.29000e+02
7365 -2.28000e+02
7402 -2.27000e+02
7532 -2.26000e+02
7645 -2.25000e+02
7719 -2.24000e+02
7812 -2.23000e+02
7941 -2.22000e+02
8016 -2.21000e+02
8131 -2.20000e+02
8176 -2.19000e+02
8199 -2.18000e+02
8220 -2.17000e+02
8350 -2.16000e+02
8392 -2.15000e+02
8559 -2.13000e+02
8567 -2.12000e+02
8576 -2.11000e+02
8653 -2.10000e+02
8772 -2.09000e+02
8810 -2.08000e+02
8812 -2.07000e+02
8904 -2.05000e+02
8930 -2.04000e+02
9124 -2.03000e+02
9253 -2.02000e+02
9298 -2.01000e+02
9359 -2.00000e+02
9383 -1.99000e+02
9450 -1.98000e+02
9667 -1.97000e+02
9704 -1.96000e+02
9823 -1.95000e+02
9861 -1.94000e+02
9973 -1.93000e+02
9981 -1.93000e+02
"function evaluation" "best-so-far f(x)"
1 -3.83000e+02
6 -3.82000e+02
24 -3.81000e+02
66 -3.80000e+02
84 -3.79000e+02
117 -3.78000e+02
209 -3.77000e+02
259 -3.76000e+02
294 -3.75000e+02
305 -3.74000e+02
349 -3.73000e+02
476 -3.72000e+02
563 -3.71000e+02
583 -3.70000e+02
584 -3.69000e+02
610 -3.68000e+02
637 -3.67000e+02
659 -3.66000e+02
729 -3.65000e+02
790 -3.64000e+02
829 -3.63000e+02
880 -3.62000e+02
904 -3.60000e+02
1016 -3.59000e+02
1049 -3.58000e+02
1131 -3.57000e+02
1196 -3.56000e+02
1252 -3.55000e+02
1332 -3.54000e+02
1424 -3.53000e+02
1478 -3.52000e+02
1492 -3.51000e+02
1552 -3.50000e+02
1572 -3.49000e+02
1624 -3.48000e+02
1636 -3.47000e+02
1682 -3.46000e+02
1697 -3.45000e+02
1780 -3.44000e+02
1825 -3.43000e+02
1866 -3.42000e+02
1939 -3.40000e+02
1981 -3.39000e+02
2029 -3.37000e+02
2093 -3.36000e+02
2131 -3.35000e+02
2197 -3.34000e+02
2214 -3.33000e+02
2226 -3.32000e+02
2283 -3.31000e+02
2366 -3.30000e+02
2403 -3.29000e+02
2438 -3.28000e+02
2489 -3.27000e+02
2617 -3.26000e+02
2671 -3.25000e+02
2735 -3.24000e+02
2781 -3.23000e+02
2812 -3.22000e+02
2850 -3.21000e+02
2897 -3.20000e+02
2911 -3.19000e+02
2972 -3.17000e+02
3072 -3.16000e+02
3096 -3.15000e+02
3230 -3.14000e+02
3248 -3.13000e+02
3305 -3.12000e+02
3395 -3.11000e+02
3420 -3.10000e+02
3436 -3.09000e+02
3511 -3.08000e+02
3563 -3.07000e+02
3660 -3.06000e+02
3725 -3.05000e+02
3771 -3.04000e+02
3785 -3.03000e+02
3884 -3.02000e+02
3981 -3.01000e+02
4025 -3.00000e+02
4042 -2.99000e+02
4131 -2.98000e+02
4166 -2.97000e+02
4236 -2.96000e+02
4275 -2.95000e+02
4281 -2.94000e+02
4399 -2.93000e+02
4491 -2.92000e+02
4513 -2.91000e+02
4564 -2.90000e+02
4594 -2.89000e+02
4642 -2.88000e+02
4682 -2.87000e+02
4791 -2.86000e+02
4877 -2.85000e+02
5016 -2.84000e+02
5032 -2.82000e+02
5061 -2.81000e+02
5121 -2.80000e+02
5154 -2.79000e+02
5231 -2.78000e+02
5300 -2.77000e+02
5373 -2.76000e+02
5378 -2.74000e+02
5387 -2.73000e+02
5429 -2.72000e+02
5466 -2.71000e+02
5547 -2.70000e+02
5562 -2.69000e+02
5622 -2.68000e+02
5740 -2.67000e+02
5769 -2.66000e+02
5811 -2.65000e+02
5863 -2.64000e+02
5944 -2.63000e+02
5991 -2.62000e+02
6055 -2.61000e+02
6105 -2.60000e+02
6115 -2.59000e+02
6120 -2.58000e+02
6167 -2.57000e+02
6214 -2.56000e+02
6252 -2.55000e+02
6288 -2.54000e+02
6358 -2.53000e+02
6388 -2.52000e+02
6435 -2.51000e+02
6471 -2.50000e+02
6499 -2.49000e+02
6659 -2.48000e+02
6693 -2.47000e+02
6750 -2.46000e+02
6848 -2.45000e+02
6921 -2.44000e+02
7009 -2.43000e+02
7053 -2.42000e+02
7147 -2.41000e+02
7272 -2.40000e+02
7340 -2.39000e+02
7391 -2.38000e+02
7451 -2.37000e+02
7498 -2.36000e+02
7567 -2.35000e+02
7585 -2.34000e+02
7608 -2.33000e+02
7716 -2.32000e+02
7777 -2.31000e+02
7795 -2.30000e+02
7920 -2.29000e+02
8006 -2.28000e+02
8130 -2.26000e+02
8266 -2.25000e+02
8321 -2.24000e+02
8332 -2.23000e+02
8369 -2.22000e+02
8448 -2.21000e+02
8478 -2.20000e+02
8651 -2.19000e+02
8714 -2.18000e+02
8778 -2.17000e+02
8928 -2.16000e+02
9004 -2.15000e+02
9228 -2.14000e+02
9365 -2.13000e+02
9409 -2.12000e+02
9465 -2.11000e+02
9630 -2.10000e+02
9694 -2.09000e+02
9849 -2.08000e+02
9936 -2.07000e+02
9959 -2.06000e+02
9981 -2.06000e+02
"function evaluation" "best-so-far f(x)"
1 -3.83000e+02
23 -3.82000e+02
39 -3.81000e+02
124 -3.80000e+02
149 -3.79000e+02
178 -3.78000e+02
323 -3.76000e+02
387 -3.74000e+02
462 -3.73000e+02
546 -3.72000e+02
596 -3.70000e+02
702 -3.69000e+02
716 -3.68000e+02
796 -3.67000e+02
855 -3.66000e+02
918 -3.65000e+02
943 -3.64000e+02
1013 -3.63000e+02
1080 -3.61000e+02
1104 -3.60000e+02
1123 -3.59000e+02
1140 -3.58000e+02
1169 -3.57000e+02
1216 -3.56000e+02
1251 -3.55000e+02
1305 -3.54000e+02
1336 -3.53000e+02
1348 -3.52000e+02
1388 -3.51000e+02
1432 -3.50000e+02
1468 -3.49000e+02
1520 -3.48000e+02
1603 -3.47000e+02
1652 -3.46000e+02
1678 -3.45000e+02
1746 -3.44000e+02
1753 -3.43000e+02
1829 -3.42000e+02
1891 -3.41000e+02
1956 -3.40000e+02
1983 -3.39000e+02
2076 -3.38000e+02
2150 -3.37000e+02
2165 -3.36000e+02
2330 -3.35000e+02
2354 -3.34000e+02
2383 -3.33000e+02
2429 -3.32000e+02
2570 -3.31000e+02
2629 -3.30000e+02
2635 -3.29000e+02
2636 -3.28000e+02
2703 -3.27000e+02
2732 -3.25000e+02
2749 -3.24000e+02
2764 -3.23000e+02
2879 -3.22000e+02
2889 -3.20000e+02
2890 -3.19000e+02
2969 -3.18000e+02
3033 -3.17000e+02
3065 -3.16000e+02
3098 -3.15000e+02
3163 -3.14000e+02
3189 -3.13000e+02
3242 -3.12000e+02
3292 -3.11000e+02
3328 -3.10000e+02
3385 -3.09000e+02
3411 -3.08000e+02
3455 -3.07000e+02
3498 -3.06000e+02
3534 -3.05000e+02
3589 -3.04000e+02
3620 -3.03000e+02
3688 -3.02000e+02
3759 -3.01000e+02
3777 -3.00000e+02
4009 -2.99000e+02
4110 -2.97000e+02
4178 -2.96000e+02
4237 -2.95000e+02
4430 -2.94000e+02
4474 -2.93000e+02
4498 -2.92000e+02
4532 -2.91000e+02
4548 -2.89000e+02
4577 -2.87000e+02
4604 -2.86000e+02
4658 -2.85000e+02
4702 -2.84000e+02
4823 -2.83000e+02
4866 -2.82000e+02
4892 -2.81000e+02
4924 -2.80000e+02
4969 -2.79000e+02
5027 -2.78000e+02
5056 -2.77000e+02
5145 -2.76000e+02
5303 -2.75000e+02
5331 -2.74000e+02
5410 -2.73000e+02
5478 -2.72000e+02
5487 -2.71000e+02
5556 -2.70000e+02
5613 -2.69000e+02
5631 -2.68000e+02
5755 -2.67000e+02
5785 -2.66000e+02
5815 -2.65000e+02
5872 -2.63000e+02
5933 -2.62000e+02
5952 -2.61000e+02
6053 -2.60000e+02
6087 -2.59000e+02
6125 -2.58000e+02
6173 -2.57000e+02
6228 -2.56000e+02
6299 -2.55000e+02
6463 -2.54000e+02
6535 -2.53000e+02
6592 -2.52000e+02
6645 -2.51000e+02
6658 -2.50000e+02
6688 -2.49000e+02
6719 -2.48000e+02
6816 -2.47000e+02
6843 -2.46000e+02
6913 -2.45000e+02
6925 -2.44000e+02
6993 -2.43000e+02
7025 -2.42000e+02
7042 -2.41000e+02
7129 -2.40000e+02
7188 -2.39000e+02
7302 -2.38000e+02
7390 -2.37000e+02
7426 -2.36000e+02
7709 -2.35000e+02
7795 -2.34000e+02
7972 -2.33000e+02
8027 -2.32000e+02
8101 -2.31000e+02
8156 -2.30000e+02
8214 -2.29000e+02
8275 -2.27000e+02
8293 -2.26000e+02
8356 -2.25000e+02
8469 -2.24000e+02
8488 -2.23000e+02
8516 -2.22000e+02
8583 -2.21000e+02
8668 -2.20000e+02
8724 -2.19000e+02
8791 -2.18000e+02
8818 -2.17000e+02
8946 -2.16000e+02
8957 -2.15000e+02
9023 -2.14000e+02
9062 -2.13000e+02
9195 -2.12000e+02
9240 -2.11000e+02
9349 -2.10000e+02
9427 -2.09000e+02
9440 -2.08000e+02
9513 -2.07000e+02
9525 -2.06000e+02
9546 -2.05000e+02
9618 -2.04000e+02
9629 -2.03000e+02
9633 -2.02000e+02
9843 -2.01000e+02
9900 -2.00000e+02
9943 -1.99000e+02
9981 -1.99000e+02
"function evaluation" "best-so-far f(x)"
1 -3.83000e+02
27 -3.82000e+02
48 -3.81000e+02
90 -3.80000e+02
102 -3.79000e+02
163 -3.78000e+02
216 -3.77000e+02
239 -3.76000e+02
269 -3.75000e+02
378 -3.74000e+02
418 -3.73000e+02
510 -3.72000e+02
567 -3.70000e+02
651 -3.69000e+02
706 -3.68000e+02
725 -3.67000e+02
760 -3.65000e+02
779 -3.64000e+02
803 -3.63000e+02
827 -3.62000e+02
972 -3.61000e+02
1023 -3.60000e+02
1079 -3.59000e+02
1126 -3.58000e+02
1169 -3.57000e+02
1184 -3.56000e+02
1189 -3.55000e+02
1230 -3.54000e+02
1279 -3.53000e+02
1304 -3.51000e+02
1390 -3.50000e+02
1401 -3.49000e+02
1510 -3.48000e+02
1558 -3.47000e+02
1576 -3.46000e+02
1589 -3.44000e+02
1616 -3.43000e+02
1630 -3.42000e+02
1672 -3.41000e+02
1704 -3.40000e+02
1757 -3.39000e+02
1787 -3.38000e+02
1791 -3.37000e+02
1803 -3.36000e+02
1875 -3.35000e+02
1903 -3.34000e+02
1972 -3.33000e+02
1990 -3.32000e+02
2009 -3.31000e+02
2061 -3.30000e+02
2122 -3.29000e+02
2146 -3.28000e+02
2206 -3.27000e+02
2247 -3.26000e+02
2314 -3.25000e+02
2329 -3.24000e+02
2424 -3.23000e+02
2459 -3.22000e+02
2536 -3.21000e+02
2565 -3.20000e+02
2591 -3.19000e+02
2661 -3.18000e+02
2742 -3.17000e+02
2834 -3.16000e+02
2928 -3.15000e+02
2950 -3.14000e+02
2981 -3.13000e+02
3052 -3.11000e+02
3070 -3.10000e+02
3132 -3.09000e+02
3206 -3.08000e+02
3274 -3.06000e+02
3303 -3.04000e+02
3384 -3.03000e+02
3400 -3.02000e+02
3436 -3.01000e+02
3468 -3.00000e+02
3511 -2.99000e+02
3529 -2.98000e+02
3576 -2.96000e+02
3635 -2.95000e+02
3650 -2.94000e+02
3657 -2.92000e+02
3694 -2.91000e+02
3721 -2.90000e+02
3761 -2.89000e+02
3789 -2.88000e+02
3822 -2.87000e+02
3895 -2.86000e+02
3958 -2.85000e+02
4046 -2.84000e+02
4166 -2.83000e+02
4170 -2.82000e+02
4243 -2.81000e+02
4274 -2.80000e+02
4320 -2.79000e+02
4368 -2.78000e+02
4510 -2.77000e+02
4627 -2.76000e+02
4641 -2.75000e+02
4700 -2.74000e+02
4719 -2.73000e+02
4833 -2.72000e+02
5007 -2.71000e+02
5039 -2.70000e+02
5121 -2.69000e+02
5122 -2.68000e+02
5172 -2.67000e+02
5203 -2.66000e+02
5244 -2.65000e+02
5387 -2.64000e+02
5484 -2.63000e+02
5539 -2.62000e+02
5579 -2.61000e+02
5625 -2.60000e+02
5719 -2.59000e+02
5833 -2.58000e+02
5852 -2.57000e+02
5860 -2.56000e+02
5877 -2.55000e+02
5977 -2.54000e+02
5985 -2.53000e+02
6092 -2.52000e+02
6170 -2.51000e+02
6239 -2.50000e+02
6324 -2.49000e+02
6355 -2.48000e+02
6405 -2.47000e+02
6583 -2.46000e+02
6652 -2.44000e+02
6728 -2.43000e+02
6794 -2.42000e+02
6866 -2.41000e+02
6966 -2.40000e+02
7036 -2.39000e+02
7053 -2.38000e+02
7100 -2.37000e+02
7123 -2.36000e+02
7260 -2.35000e+02
7353 -2.34000e+02
7445 -2.33000e+02
7455 -2.32000e+02
7510 -2.31000e+02
7528 -2.30000e+02
7579 -2.29000e+02
7641 -2.28000e+02
7739 -2.27000e+02
7754 -2.26000e+02
7794 -2.25000e+02
7971 -2.24000e+02
8067 -2.23000e+02
8175 -2.22000e+02
8218 -2.21000e+02
8271 -2.20000e+02
8404 -2.18000e+02
8428 -2.17000e+02
8490 -2.16000e+02
8531 -2.15000e+02
8536 -2.14000e+02
8629 -2.13000e+02
8701 -2.12000e+02
8867 -2.11000e+02
8953 -2.10000e+02
8963 -2.09000e+02
9013 -2.08000e+02
9124 -2.07000e+02
9230 -2.06000e+02
9294 -2.05000e+02
9365 -2.04000e+02
9422 -2.03000e+02
9516 -2.02000e+02
9601 -2.01000e+02
9685 -2.00000e+02
9707 -1.99000e+02
9778 -1.98000e+02
9879 -1.97000e+02
9941 -1.96000e+02
9981 -1.96000e+02
"function evaluation" "best-so-far f(x)"
1 -3.83000e+02
61 -3.82000e+02
73 -3.81000e+02
142 -3.80000e+02
152 -3.79000e+02
158 -3.78000e+02
207 -3.77000e+02
224 -3.76000e+02
250 -3.75000e+02
270 -3.74000e+02
317 -3.73000e+02
382 -3.72000e+02
413 -3.71000e+02
488 -3.70000e+02
521 -3.69000e+02
617 -3.68000e+02
653 -3.67000e+02
706 -3.66000e+02
778 -3.65000e+02
815 -3.64000e+02
846 -3.63000e+02
859 -3.62000e+02
916 -3.61000e+02
944 -3.60000e+02
965 -3.59000e+02
1020 -3.58000e+02
1071 -3.57000e+02
1101 -3.56000e+02
1181 -3.54000e+02
1214 -3.53000e+02
1313 -3.52000e+02
1317 -3.51000e+02
1401 -3.50000e+02
1439 -3.49000e+02
1486 -3.48000e+02
1556 -3.47000e+02
1692 -3.46000e+02
1734 -3.45000e+02
1798 -3.44000e+02
1821 -3.43000e+02
1868 -3.42000e+02
1874 -3.41000e+02
1969 -3.40000e+02
2028 -3.39000e+02
2085 -3.38000e+02
2134 -3.37000e+02
2210 -3.36000e+02
2301 -3.35000e+02
2373 -3.34000e+02
2389 -3.33000e+02
2405 -3.32000e+02
2412 -3.31000e+02
2413 -3.30000e+02
2467 -3.29000e+02
2557 -3.28000e+02
2565 -3.27000e+02
2617 -3.26000e+02
2656 -3.25000e+02
2708 -3.24000e+02
2769 -3.23000e+02
2776 -3.22000e+02
2817 -3.21000e+02
2863 -3.20000e+02
2942 -3.19000e+02
3003 -3.18000e+02
3047 -3.17000e+02
3117 -3.16000e+02
3184 -3.15000e+02
3262 -3.14000e+02
3326 -3.13000e+02
3402 -3.12000e+02
3449 -3.11000e+02
3513 -3.10000e+02
3565 -3.09000e+02
3616 -3.08000e+02
3668 -3.07000e+02
3783 -3.06000e+02
3879 -3.05000e+02
3915 -3.04000e+02
3955 -3.03000e+02
4048 -3.02000e+02
4061 -3.01000e+02
4119 -3.00000e+02
4152 -2.99000e+02
4223 -2.98000e+02
4251 -2.97000e+02
4289 -2.96000e+02
4343 -2.95000e+02
4397 -2.94000e+02
4486 -2.93000e+02
4489 -2.92000e+02
4644 -2.91000e+02
4677 -2.90000e+02
4718 -2.89000e+02
4800 -2.88000e+02
4969 -2.87000e+02
4980 -2.86000e+02
4985 -2.85000e+02
5006 -2.84000e+02
5021 -2.83000e+02
5049 -2.82000e+02
5149 -2.81000e+02
5201 -2.80000e+02
5382 -2.79000e+02
5402 -2.78000e+02
5466 -2.77000e+02
5547 -2.76000e+02
5584 -2.75000e+02
5660 -2.74000e+02
5721 -2.73000e+02
5744 -2.72000e+02
5783 -2.71000e+02
5805 -2.70000e+02
5855 -2.69000e+02
5862 -2.68000e+02
5923 -2.67000e+02
6039 -2.66000e+02
6040 -2.65000e+02
6108 -2.64000e+02
6132 -2.63000e+02
6232 -2.62000e+02
6254 -2.61000e+02
6300 -2.60000e+02
6333 -2.59000e+02
6371 -2.58000e+02
6400 -2.57000e+02
6479 -2.56000e+02
6499 -2.55000e+02
6546 -2.54000e+02
6584 -2.53000e+02
6703 -2.52000e+02
6715 -2.51000e+02
6817 -2.50000e+02
6875 -2.49000e+02
6914 -2.48000e+02
7025 -2.47000e+02
7097 -2.46000e+02
7150 -2.45000e+02
7184 -2.44000e+02
7310 -2.43000e+02
7376 -2.42000e+02
7482 -2.41000e+02
7518 -2.40000e+02
7571 -2.39000e+02
7629 -2.38000e+02
7666 -2.37000e+02
7700 -2.36000e+02
7882 -2.35000e+02
7985 -2.34000e+02
8005 -2.33000e+02
8235 -2.32000e+02
8250 -2.31000e+02
8445 -2.30000e+02
8463 -2.29000e+02
8520 -2.28000e+02
8562 -2.27000e+02
8716 -2.26000e+02
8735 -2.25000e+02
8852 -2.24000e+02
8895 -2.23000e+02
8969 -2.22000e+02
8974 -2.21000e+02
9077 -2.20000e+02
9211 -2.19000e+02
9259 -2.18000e+02
9336 -2.17000e+02
9398 -2.16000e+02
9459 -2.15000e+02
9504 -2.14000e+02
9562 -2.13000e+02
9611 -2.12000e+02
9648 -2.11000e+02
9715 -2.10000e+02
9758 -2.09000e+02
9815 -2.08000e+02
9860 -2.07000e+02
9929 -2.06000e+02
9959 -2.05000e+02
9970 -2.04000e+02
9981 -2.04000e+02
"function evaluation" "best-so-far f(x)"
1 -3.83000e+02
17 -3.82000e+02
35 -3.81000e+02
69 -3.80000e+02
90 -3.79000e+02
173 -3.77000e+02
221 -3.76000e+02
289 -3.75000e+02
324 -3.74000e+02
399 -3.73000e+02
435 -3.72000e+02
491 -3.71000e+02
525 -3.70000e+02
547 -3.69000e+02
567 -3.68000e+02
601 -3.67000e+02
603 -3.66000e+02
650 -3.65000e+02
682 -3.64000e+02
718 -3.63000e+02
722 -3.62000e+02
756 -3.61000e+02
846 -3.60000e+02
910 -3.59000e+02
960 -3.58000e+02
978 -3.57000e+02
998 -3.56000e+02
1018 -3.55000e+02
1055 -3.54000e+02
1106 -3.53000e+02
1169 -3.52000e+02
1243 -3.51000e+02
1375 -3.50000e+02
1446 -3.49000e+02
1468 -3.48000e+02
1476 -3.47000e+02
1528 -3.46000e+02
1625 -3.45000e+02
1639 -3.44000e+02
1725 -3.43000e+02
1767 -3.42000e+02
1796 -3.41000e+02
1826 -3.40000e+02
1904 -3.39000e+02
2015 -3.38000e+02
2063 -3.37000e+02
2255 -3.36000e+02
2340 -3.35000e+02
2407 -3.34000e+02
2432 -3.33000e+02
2532 -3.32000e+02
2540 -3.31000e+02
2578 -3.30000e+02
2591 -3.29000e+02
2637 -3.28000e+02
2664 -3.27000e+02
2709 -3.26000e+02
2734 -3.25000e+02
2752 -3.24000e+02
2780 -3.23000e+02
2827 -3.21000e+02
2867 -3.20000e+02
2898 -3.19000e+02
2908 -3.18000e+02
2946 -3.17000e+02
2996 -3.16000e+02
3029 -3.15000e+02
3091 -3.14000e+02
3118 -3.13000e+02
3176 -3.12000e+02
3184 -3.11000e+02
3224 -3.10000e+02
3309 -3.09000e+02
3355 -3.08000e+02
3438 -3.07000e+02
3479 -3.06000e+02
3512 -3.05000e+02
3561 -3.04000e+02
3599 -3.03000e+02
3632 -3.02000e+02
3726 -3.01000e+02
3767 -3.00000e+02
3865 -2.99000e+02
3899 -2.98000e+02
3927 -2.97000e+02
3988 -2.96000e+02
4004 -2.95000e+02
4054 -2.94000e+02
4091 -2.93000e+02
4273 -2.92000e+02
4280 -2.91000e+02
4330 -2.90000e+02
4411 -2.89000e+02
4418 -2.88000e+02
4437 -2.87000e+02
4466 -2.86000e+02
4507 -2.85000e+02
4563 -2.84000e+02
4602 -2.83000e+02
4667 -2.82000e+02
4784 -2.81000e+02
4835 -2.80000e+02
4917 -2.79000e+02
4929 -2.78000e+02
4945 -2.77000e+02
4977 -2.76000e+02
4988 -2.75000e+02
5064 -2.74000e+02
5154 -2.73000e+02
5226 -2.72000e+02
5228 -2.71000e+02
5291 -2.70000e+02
5357 -2.69000e+02
5373 -2.68000e+02
5541 -2.67000e+02
5590 -2.66000e+02
5665 -2.65000e+02
5730 -2.64000e+02
5787 -2.63000e+02
5848 -2.62000e+02
5860 -2.61000e+02
5872 -2.60000e+02
5906 -2.59000e+02
5983 -2.58000e+02
5984 -2.57000e+02
6038 -2.56000e+02
6084 -2.55000e+02
6087 -2.54000e+02
6130 -2.53000e+02
6257 -2.52000e+02
6324 -2.51000e+02
6420 -2.50000e+02
6570 -2.49000e+02
6652 -2.48000e+02
6822 -2.47000e+02
6830 -2.46000e+02
6947 -2.45000e+02
6988 -2.44000e+02
7044 -2.43000e+02
7142 -2.42000e+02
7258 -2.41000e+02
7335 -2.40000e+02
7343 -2.39000e+02
7401 -2.38000e+02
7464 -2.37000e+02
7542 -2.35000e+02
7590 -2.34000e+02
7622 -2.33000e+02
7733 -2.32000e+02
7755 -2.31000e+02
7838 -2.30000e+02
7894 -2.29000e+02
7913 -2.28000e+02
8027 -2.27000e+02
8060 -2.26000e+02
8197 -2.25000e+02
8272 -2.24000e+02
8309 -2.23000e+02
8415 -2.22000e+02
8448 -2.21000e+02
8551 -2.20000e+02
8615 -2.19000e+02
8658 -2.18000e+02
8682 -2.17000e+02
8726 -2.16000e+02
8746 -2.15000e+02
8795 -2.14000e+02
8836 -2.13000e+02
8892 -2.12000e+02
8981 -2.11000e+02
9010 -2.10000e+02
9275 -2.09000e+02
9282 -2.08000e+02
9402 -2.07000e+02
9446 -2.06000e+02
9526 -2.05000e+02
9570 -2.04000e+02
9621 -2.03000e+02
9658 -2.02000e+02
9714 -2.01000e+02
9776 -2.00000e+02
9931 -1.99000e+02
9981 -1.99000e+02
"function evaluation" "best-so-far f(x)"
1 -3.83000e+02
27 -3.82000e+02
67 -3.81000e+02
101 -3.80000e+02
138 -3.79000e+02
140 -3.78000e+02
299 -3.77000e+02
371 -3.75000e+02
421 -3.74000e+02
472 -3.73000e+02
520 -3.72000e+02
559 -3.71000e+02
654 -3.70000e+02
693 -3.68000e+02
756 -3.67000e+02
758 -3.66000e+02
805 -3.65000e+02
823 -3.64000e+02
846 -3.63000e+02
885 -3.62000e+02
892 -3.61000e+02
927 -3.60000e+02
933 -3.59000e+02
988 -3.58000e+02
998 -3.57000e+02
1042 -3.56000e+02
1059 -3.55000e+02
1068 -3.54000e+02
1101 -3.53000e+02
1104 -3.52000e+02
1129 -3.51000e+02
1140 -3.50000e+02
1186 -3.49000e+02
1212 -3.48000e+02
1251 -3.47000e+02
1274 -3.46000e+02
1305 -3.45000e+02
1362 -3.44000e+02
1387 -3.43000e+02
1450 -3.42000e+02
1454 -3.41000e+02
1534 -3.40000e+02
1549 -3.39000e+02
1574 -3.38000e+02
1613 -3.37000e+02
1641 -3.36000e+02
1668 -3.35000e+02
1685 -3.34000e+02
1712 -3.33000e+02
1755 -3.32000e+02
1834 -3.31000e+02
1868 -3.30000e+02
1914 -3.29000e+02
1934 -3.28000e+02
2012 -3.27000e+02
2038 -3.26000e+02
2056 -3.25000e+02
2073 -3.24000e+02
2156 -3.23000e+02
2188 -3.22000e+02
2277 -3.21000e+02
2338 -3.20000e+02
2351 -3.19000e+02
2395 -3.18000e+02
2451 -3.17000e+02
2491 -3.16000e+02
2526 -3.15000e+02
2602 -3.14000e+02
2717 -3.13000e+02
2787 -3.12000e+02
2867 -3.11000e+02
2961 -3.10000e+02
3025 -3.09000e+02
3059 -3.08000e+02
3141 -3.07000e+02
3208 -3.06000e+02
3331 -3.05000e+02
3350 -3.04000e+02
3363 -3.03000e+02
3418 -3.02000e+02
3490 -3.01000e+02
3536 -3.00000e+02
3671 -2.99000e+02
3715 -2.98000e+02
3751 -2.97000e+02
3759 -2.96000e+02
3800 -2.95000e+02
3864 -2.94000e+02
3941 -2.93000e+02
3963 -2.92000e+02
4015 -2.91000e+02
4111 -2.90000e+02
4125 -2.89000e+02
4178 -2.88000e+02
4214 -2.87000e+02
4377 -2.86000e+02
4436 -2.85000e+02
4531 -2.84000e+02
4693 -2.83000e+02
4711 -2.82000e+02
4897 -2.81000e+02
4927 -2.80000e+02
4935 -2.79000e+02
4985 -2.78000e+02
5009 -2.77000e+02
5019 -2.76000e+02
5057 -2.75000e+02
5092 -2.74000e+02
5131 -2.73000e+02
5166 -2.72000e+02
5226 -2.71000e+02
5334 -2.70000e+02
5376 -2.69000e+02
5422 -2.68000e+02
5487 -2.67000e+02
5499 -2.66000e+02
5596 -2.65000e+02
5636 -2.64000e+02
5715 -2.62000e+02
5738 -2.61000e+02
5841 -2.60000e+02
5877 -2.59000e+02
5901 -2.58000e+02
5928 -2.57000e+02
6067 -2.56000e+02
6127 -2.55000e+02
6198 -2.54000e+02
6314 -2.53000e+02
6356 -2.51000e+02
6418 -2.50000e+02
6508 -2.49000e+02
6540 -2.48000e+02
6597 -2.47000e+02
6682 -2.46000e+02
6805 -2.45000e+02
6876 -2.44000e+02
6943 -2.43000e+02
7021 -2.42000e+02
7033 -2.41000e+02
7082 -2.40000e+02
7175 -2.39000e+02
7260 -2.37000e+02
7317 -2.36000e+02
7351 -2.35000e+02
7447 -2.34000e+02
7496 -2.33000e+02
7503 -2.32000e+02
7603 -2.31000e+02
7667 -2.30000e+02
7740 -2.29000e+02
7830 -2.28000e+02
7954 -2.27000e+02
7988 -2.26000e+02
8057 -2.25000e+02
8079 -2.24000e+02
8129 -2.23000e+02
8171 -2.22000e+02
8237 -2.21000e+02
8341 -2.20000e+02
8444 -2.19000e+02
8451 -2.18000e+02
8525 -2.17000e+02
8549 -2.16000e+02
8602 -2.15000e+02
8622 -2.14000e+02
8650 -2.13000e+02
8699 -2.12000e+02
8819 -2.11000e+02
8909 -2.10000e+02
8943 -2.09000e+02
9066 -2.08000e+02
9134 -2.07000e+02
9226 -2.06000e+02
9308 -2.05000e+02
9338 -2.04000e+02
9372 -2.03000e+02
9454 -2.02000e+02
9458 -2.01000e+02
9478 -2.00000e+02
9540 -1.99000e+02
9626 -1.98000e+02
9628 -1.97000e+02
9716 -1.96000e+02
9790 -1.95000e+02
9856 -1.94000e+02
9940 -1.93000e+02
9978 -1.92000e+02
9981 -1.92000e+02
"function evaluation" "best-so-far f(x)"
1 -3.83000e+02
66 -3.82000e+02
118 -3.81000e+02
138 -3.80000e+02
224 -3.79000e+02
303 -3.78000e+02
341 -3.77000e+02
347 -3.76000e+02
400 -3.75000e+02
414 -3.74000e+02
432 -3.73000e+02
451 -3.72000e+02
504 -3.71000e+02
587 -3.70000e+02
636 -3.69000e+02
676 -3.68000e+02
726 -3.67000e+02
743 -3.66000e+02
763 -3.65000e+02
811 -3.64000e+02
854 -3.63000e+02
894 -3.62000e+02
916 -3.61000e+02
937 -3.60000e+02
971 -3.59000e+02
1028 -3.58000e+02
1105 -3.57000e+02
1146 -3.56000e+02
1182 -3.55000e+02
1191 -3.54000e+02
1220 -3.52000e+02
1297 -3.51000e+02
1429 -3.50000e+02
1454 -3.49000e+02
1475 -3.48000e+02
1611 -3.47000e+02
1642 -3.46000e+02
1741 -3.45000e+02
1823 -3.44000e+02
1883 -3.43000e+02
1915 -3.42000e+02
1937 -3.41000e+02
1967 -3.40000e+02
2014 -3.39000e+02
2031 -3.38000e+02
2049 -3.37000e+02
2162 -3.36000e+02
2213 -3.35000e+02
2237 -3.34000e+02
2239 -3.33000e+02
2305 -3.32000e+02
2367 -3.31000e+02
2468 -3.30000e+02
2537 -3.29000e+02
2568 -3.28000e+02
2592 -3.27000e+02
2602 -3.26000e+02
2650 -3.25000e+02
2664 -3.24000e+02
2690 -3.23000e+02
2710 -3.22000e+02
2711 -3.21000e+02
2778 -3.20000e+02
2826 -3.19000e+02
2880 -3.18000e+02
2922 -3.17000e+02
2930 -3.16000e+02
2954 -3.15000e+02
3046 -3.14000e+02
3135 -3.13000e+02
3172 -3.12000e+02
3177 -3.11000e+02
3237 -3.10000e+02
3270 -3.09000e+02
3274 -3.08000e+02
3350 -3.07000e+02
3387 -3.06000e+02
3454 -3.05000e+02
3483 -3.04000e+02
3522 -3.03000e+02
3596 -3.02000e+02
3675 -3.01000e+02
3695 -3.00000e+02
3719 -2.99000e+02
3747 -2.98000e+02
3911 -2.97000e+02
3947 -2.96000e+02
4147 -2.95000e+02
4209 -2.94000e+02
4320 -2.93000e+02
4380 -2.92000e+02
4461 -2.91000e+02
4524 -2.90000e+02
4601 -2.89000e+02
4619 -2.88000e+02
4628 -2.87000e+02
4701 -2.86000e+02
4750 -2.84000e+02
4794 -2.82000e+02
4870 -2.81000e+02
4927 -2.80000e+02
4979 -2.79000e+02
5034 -2.78000e+02
5061 -2.77000e+02
5107 -2.76000e+02
5112 -2.75000e+02
5212 -2.74000e+02
5235 -2.73000e+02
5247 -2.72000e+02
5396 -2.71000e+02
5460 -2.70000e+02
5528 -2.69000e+02
5558 -2.68000e+02
5595 -2.67000e+02
5635 -2.66000e+02
5676 -2.65000e+02
5709 -2.64000e+02
5763 -2.63000e+02
5830 -2.62000e+02
5869 -2.61000e+02
5921 -2.60000e+02
5953 -2.59000e+02
5989 -2.58000e+02
6003 -2.57000e+02
6022 -2.56000e+02
6101 -2.55000e+02
6165 -2.54000e+02
6302 -2.53000e+02
6351 -2.52000e+02
6383 -2.51000e+02
6505 -2.50000e+02
6571 -2.49000e+02
6630 -2.48000e+02
6748 -2.47000e+02
6797 -2.46000e+02
7016 -2.45000e+02
7034 -2.44000e+02
7044 -2.43000e+02
7175 -2.42000e+02
7276 -2.41000e+02
7345 -2.40000e+02
7398 -2.39000e+02
7433 -2.38000e+02
7484 -2.37000e+02
7650 -2.36000e+02
7671 -2.35000e+02
7757 -2.34000e+02
7774 -2.33000e+02
7860 -2.32000e+02
7972 -2.31000e+02
8074 -2.30000e+02
8156 -2.29000e+02
8286 -2.28000e+02
8302 -2.27000e+02
8325 -2.26000e+02
8453 -2.25000e+02
8533 -2.24000e+02
8606 -2.23000e+02
8619 -2.22000e+02
8638 -2.21000e+02
8654 -2.20000e+02
8716 -2.19000e+02
8782 -2.18000e+02
8817 -2.17000e+02
8899 -2.16000e+02
8977 -2.15000e+02
9040 -2.14000e+02
9091 -2.13000e+02
9140 -2.12000e+02
9187 -2.11000e+02
9209 -2.10000e+02
9297 -2.09000e+02
9373 -2.08000e+02
9416 -2.07000e+02
9472 -2.06000e+02
9518 -2.05000e+02
9645 -2.04000e+02
9667 -2.03000e+02
9694 -2.02000e+02
9738 -2.01000e+02
9784 -2.00000e+02
9813 -1.99000e+02
9902 -1.98000e+02
9946 -1.97000e+02
9962 -1.96000e+02
9981 -1.96000e+02
"function evaluation" "best-so-far f(x)"
1 -3.83000e+02
47 -3.82000e+02
79 -3.81000e+02
100 -3.80000e+02
123 -3.79000e+02
164 -3.78000e+02
175 -3.77000e+02
194 -3.76000e+02
315 -3.75000e+02
359 -3.74000e+02
440 -3.73000e+02
442 -3.72000e+02
563 -3.71000e+02
624 -3.70000e+02
681 -3.69000e+02
714 -3.68000e+02
785 -3.67000e+02
812 -3.66000e+02
869 -3.65000e+02
881 -3.64000e+02
932 -3.63000e+02
959 -3.62000e+02
984 -3.61000e+02
1032 -3.60000e+02
1120 -3.59000e+02
1162 -3.58000e+02
1192 -3.57000e+02
1209 -3.56000e+02
1225 -3.55000e+02
1242 -3.54000e+02
1291 -3.53000e+02
1329 -3.51000e+02
1444 -3.50000e+02
1489 -3.49000e+02
1567 -3.48000e+02
1647 -3.46000e+02
1704 -3.44000e+02
1794 -3.43000e+02
1810 -3.42000e+02
1991 -3.41000e+02
2034 -3.40000e+02
2118 -3.38000e+02
2184 -3.37000e+02
2302 -3.36000e+02
2351 -3.35000e+02
2415 -3.34000e+02
2427 -3.33000e+02
2461 -3.32000e+02
2480 -3.31000e+02
2516 -3.29000e+02
2593 -3.28000e+02
2664 -3.27000e+02
2718 -3.26000e+02
2749 -3.25000e+02
2764 -3.24000e+02
2847 -3.23000e+02
2932 -3.22000e+02
2993 -3.21000e+02
3022 -3.20000e+02
3133 -3.19000e+02
3328 -3.18000e+02
3372 -3.17000e+02
3450 -3.16000e+02
3492 -3.15000e+02
3546 -3.14000e+02
3623 -3.13000e+02
3786 -3.11000e+02
3824 -3.10000e+02
3912 -3.09000e+02
3932 -3.08000e+02
4169 -3.07000e+02
4206 -3.06000e+02
4217 -3.05000e+02
4270 -3.04000e+02
4352 -3.03000e+02
4385 -3.02000e+02
4463 -3.01000e+02
4503 -2.99000e+02
4556 -2.98000e+02
4577 -2.97000e+02
4600 -2.96000e+02
4624 -2.95000e+02
4658 -2.94000e+02
4697 -2.93000e+02
4732 -2.92000e+02
4761 -2.91000e+02
4786 -2.90000e+02
4840 -2.89000e+02
4863 -2.88000e+02
4875 -2.85000e+02
4904 -2.84000e+02
4933 -2.83000e+02
4992 -2.82000e+02
5005 -2.81000e+02
5059 -2.80000e+02
5078 -2.79000e+02
5125 -2.78000e+02
5247 -2.77000e+02
5281 -2.76000e+02
5289 -2.75000e+02
5314 -2.74000e+02
5380 -2.73000e+02
5427 -2.72000e+02
5528 -2.71000e+02
5565 -2.70000e+02
5570 -2.69000e+02
5623 -2.68000e+02
5678 -2.66000e+02
5757 -2.65000e+02
5926 -2.64000e+02
6037 -2.63000e+02
6086 -2.62000e+02
6106 -2.61000e+02
6195 -2.60000e+02
6245 -2.59000e+02
6350 -2.58000e+02
6389 -2.57000e+02
6393 -2.56000e+02
6407 -2.55000e+02
6498 -2.54000e+02
6621 -2.53000e+02
6682 -2.52000e+02
6786 -2.51000e+02
6836 -2.50000e+02
6914 -2.49000e+02
6932 -2.48000e+02
6955 -2.47000e+02
7056 -2.46000e+02
7127 -2.45000e+02
7197 -2.44000e+02
7252 -2.43000e+02
7293 -2.42000e+02
7543 -2.41000e+02
7595 -2.40000e+02
7602 -2.39000e+02
7640 -2.38000e+02
7729 -2.37000e+02
7887 -2.36000e+02
7946 -2.35000e+02
8055 -2.34000e+02
8089 -2.33000e+02
8153 -2.32000e+02
8208 -2.31000e+02
8220 -2.30000e+02
8290 -2.29000e+02
8295 -2.28000e+02
8321 -2.27000e+02
8371 -2.26000e+02
8498 -2.25000e+02
8549 -2.24000e+02
8614 -2.23000e+02
8652 -2.22000e+02
8710 -2.21000e+02
8801 -2.20000e+02
8805 -2.19000e+02
8815 -2.18000e+02
8862 -2.16000e+02
8955 -2.15000e+02
9030 -2.14000e+02
9047 -2.13000e+02
9133 -2.12000e+02
9272 -2.11000e+02
9414 -2.10000e+02
9488 -2.09000e+02
9524 -2.08000e+02
9624 -2.07000e+02
9713 -2.06000e+02
9776 -2.05000e+02
9867 -2.04000e+02
9890 -2.03000e+02
9912 -2.02000e+02
9975 -2.01000e+02
9981 -2.01000e+02
"function evaluation" "best-so-far f(x)"
1 -3.83000e+02
2 -3.82000e+02
19 -3.81000e+02
75 -3.80000e+02
118 -3.79000e+02
138 -3.78000e+02
184 -3.77000e+02
255 -3.76000e+02
323 -3.75000e+02
355 -3.74000e+02
385 -3.73000e+02
440 -3.72000e+02
499 -3.71000e+02
546 -3.70000e+02
574 -3.69000e+02
585 -3.68000e+02
625 -3.67000e+02
715 -3.66000e+02
740 -3.65000e+02
783 -3.64000e+02
788 -3.63000e+02
842 -3.62000e+02
896 -3.60000e+02
952 -3.59000e+02
1084 -3.58000e+02
1129 -3.57000e+02
1163 -3.56000e+02
1190 -3.55000e+02
1261 -3.54000e+02
1319 -3.53000e+02
1343 -3.52000e+02
1384 -3.51000e+02
1483 -3.50000e+02
1527 -3.49000e+02
1606 -3.48000e+02
1662 -3.47000e+02
1801 -3.46000e+02
1849 -3.45000e+02
1934 -3.44000e+02
2008 -3.43000e+02
2042 -3.42000e+02
2051 -3.41000e+02
2134 -3.40000e+02
2159 -3.39000e+02
2177 -3.38000e+02
2266 -3.37000e+02
2321 -3.36000e+02
2333 -3.35000e+02
2380 -3.34000e+02
2470 -3.33000e+02
2474 -3.32000e+02
2505 -3.31000e+02
2539 -3.30000e+02
2586 -3.29000e+02
2617 -3.28000e+02
2677 -3.27000e+02
2682 -3.26000e+02
2724 -3.25000e+02
2776 -3.24000e+02
2842 -3.23000e+02
2857 -3.22000e+02
2890 -3.21000e+02
3047 -3.20000e+02
3063 -3.18000e+02
3094 -3.17000e+02
3128 -3.16000e+02
3129 -3.15000e+02
3231 -3.14000e+02
3246 -3.13000e+02
3289 -3.12000e+02
3364 -3.11000e+02
3477 -3.10000e+02
3481 -3.09000e+02
3498 -3.08000e+02
3515 -3.07000e+02
3524 -3.06000e+02
3560 -3.05000e+02
3633 -3.04000e+02
3649 -3.03000e+02
3787 -3.02000e+02
3828 -3.01000e+02
3902 -3.00000e+02
3912 -2.99000e+02
3913 -2.98000e+02
3929 -2.97000e+02
3998 -2.96000e+02
4038 -2.95000e+02
4086 -2.94000e+02
4113 -2.93000e+02
4222 -2.92000e+02
4317 -2.91000e+02
4376 -2.90000e+02
4429 -2.89000e+02
4578 -2.88000e+02
4627 -2.87000e+02
4666 -2.86000e+02
4734 -2.85000e+02
4763 -2.84000e+02
4858 -2.83000e+02
4893 -2.82000e+02
4905 -2.81000e+02
4938 -2.80000e+02
5013 -2.79000e+02
5043 -2.77000e+02
5139 -2.76000e+02
5176 -2.75000e+02
5260 -2.74000e+02
5328 -2.73000e+02
5389 -2.72000e+02
5424 -2.70000e+02
5467 -2.69000e+02
5487 -2.68000e+02
5536 -2.67000e+02
5606 -2.66000e+02
5623 -2.65000e+02
5658 -2.64000e+02
5682 -2.63000e+02
5766 -2.62000e+02
5875 -2.61000e+02
5966 -2.60000e+02
6000 -2.59000e+02
6080 -2.58000e+02
6277 -2.57000e+02
6323 -2.56000e+02
6399 -2.55000e+02
6519 -2.54000e+02
6534 -2.53000e+02
6738 -2.52000e+02
6816 -2.51000e+02
6842 -2.50000e+02
6869 -2.48000e+02
6961 -2.47000e+02
6985 -2.46000e+02
7090 -2.45000e+02
7142 -2.44000e+02
7247 -2.43000e+02
7283 -2.42000e+02
7357 -2.41000e+02
7385 -2.40000e+02
7515 -2.39000e+02
7565 -2.38000e+02
7592 -2.37000e+02
7630 -2.36000e+02
7636 -2.35000e+02
7645 -2.34000e+02
7684 -2.33000e+02
7717 -2.32000e+02
7879 -2.31000e+02
7949 -2.30000e+02
7988 -2.29000e+02
8060 -2.27000e+02
8078 -2.26000e+02
8101 -2.25000e+02
8195 -2.24000e+02
8217 -2.23000e+02
8289 -2.22000e+02
8319 -2.21000e+02
8381 -2.20000e+02
8407 -2.19000e+02
8470 -2.18000e+02
8522 -2.17000e+02
8687 -2.16000e+02
8724 -2.15000e+02
8728 -2.14000e+02
8804 -2.13000e+02
8884 -2.12000e+02
8916 -2.11000e+02
9031 -2.10000e+02
9056 -2.09000e+02
9203 -2.08000e+02
9237 -2.07000e+02
9290 -2.06000e+02
9387 -2.05000e+02
9433 -2.04000e+02
9467 -2.03000e+02
9475 -2.02000e+02
9603 -2.01000e+02
9626 -2.00000e+02
9704 -1.99000e+02
9763 -1.98000e+02
9793 -1.97000e+02
9818 -1.96000e+02
9977 -1.95000e+02
9981 -1.95000e+02
"function evaluation" "best-so-far f(x)"
1 -3.83000e+02
7 -3.82000e+02
99 -3.81000e+02
136 -3.80000e+02
199 -3.79000e+02
205 -3.78000e+02
255 -3.77000e+02
303 -3.75000e+02
359 -3.74000e+02
377 -3.72000e+02
492 -3.71000e+02
609 -3.70000e+02
654 -3.69000e+02
691 -3.68000e+02
700 -3.67000e+02
743 -3.66000e+02
771 -3.65000e+02
785 -3.64000e+02
838 -3.63000e+02
968 -3.62000e+02
1098 -3.61000e+02
1118 -3.60000e+02
1203 -3.59000e+02
1273 -3.58000e+02
1313 -3.57000e+02
1380 -3.56000e+02
1422 -3.55000e+02
1443 -3.54000e+02
1448 -3.53000e+02
1618 -3.52000e+02
1659 -3.51000e+02
1720 -3.50000e+02
1750 -3.49000e+02
1782 -3.48000e+02
1828 -3.47000e+02
1874 -3.46000e+02
1915 -3.45000e+02
1959 -3.44000e+02
2067 -3.43000e+02
2148 -3.42000e+02
2177 -3.41000e+02
2187 -3.40000e+02
2222 -3.39000e+02
2265 -3.38000e+02
2312 -3.37000e+02
2346 -3.36000e+02
2373 -3.35000e+02
2395 -3.34000e+02
2482 -3.33000e+02
2574 -3.32000e+02
2756 -3.31000e+02
2784 -3.30000e+02
2843 -3.29000e+02
2872 -3.28000e+02
2887 -3.27000e+02
3009 -3.26000e+02
3065 -3.25000e+02
3112 -3.24000e+02
3221 -3.23000e+02
3254 -3.22000e+02
3255 -3.21000e+02
3412 -3.20000e+02
3451 -3.19000e+02
3484 -3.18000e+02
3500 -3.17000e+02
3547 -3.16000e+02
3562 -3.15000e+02
3571 -3.14000e+02
3656 -3.13000e+02
3699 -3.12000e+02
3774 -3.11000e+02
3844 -3.10000e+02
3855 -3.09000e+02
3943 -3.08000e+02
4000 -3.07000e+02
4034 -3.06000e+02
4062 -3.05000e+02
4140 -3.04000e+02
4184 -3.03000e+02
4208 -3.02000e+02
4341 -3.01000e+02
4379 -3.00000e+02
4407 -2.99000e+02
4465 -2.98000e+02
4532 -2.97000e+02
4596 -2.96000e+02
4623 -2.95000e+02
4670 -2.94000e+02
4784 -2.93000e+02
4789 -2.92000e+02
4857 -2.91000e+02
4934 -2.90000e+02
4973 -2.89000e+02
5016 -2.88000e+02
5050 -2.86000e+02
5069 -2.85000e+02
5078 -2.84000e+02
5136 -2.83000e+02
5158 -2.82000e+02
5238 -2.81000e+02
5322 -2.80000e+02
5340 -2.79000e+02
5364 -2.78000e+02
5410 -2.77000e+02
5534 -2.76000e+02
5555 -2.75000e+02
5609 -2.74000e+02
5630 -2.73000e+02
5759 -2.72000e+02
5803 -2.71000e+02
5819 -2.70000e+02
5918 -2.69000e+02
5991 -2.68000e+02
6080 -2.67000e+02
6179 -2.66000e+02
6223 -2.65000e+02
6246 -2.64000e+02
6293 -2.63000e+02
6306 -2.62000e+02
6404 -2.61000e+02
6439 -2.60000e+02
6517 -2.59000e+02
6642 -2.58000e+02
6749 -2.57000e+02
6826 -2.56000e+02
6911 -2.55000e+02
6963 -2.54000e+02
7026 -2.53000e+02
7061 -2.52000e+02
7112 -2.51000e+02
7165 -2.50000e+02
7244 -2.49000e+02
7332 -2.48000e+02
7381 -2.47000e+02
7498 -2.46000e+02
7540 -2.45000e+02
7591 -2.44000e+02
7652 -2.43000e+02
7782 -2.42000e+02
7861 -2.41000e+02
7918 -2.40000e+02
7952 -2.39000e+02
8062 -2.38000e+02
8103 -2.37000e+02
8141 -2.36000e+02
8210 -2.35000e+02
8215 -2.34000e+02
8297 -2.33000e+02
8387 -2.32000e+02
8440 -2.30000e+02
8509 -2.29000e+02
8554 -2.28000e+02
8681 -2.27000e+02
8759 -2.26000e+02
8784 -2.25000e+02
8810 -2.24000e+02
8827 -2.23000e+02
8843 -2.22000e+02
8859 -2.21000e+02
8942 -2.20000e+02
9091 -2.19000e+02
9167 -2.18000e+02
9214 -2.17000e+02
9243 -2.16000e+02
9315 -2.15000e+02
9389 -2.14000e+02
9437 -2.13000e+02
9470 -2.12000e+02
9594 -2.11000e+02
9676 -2.10000e+02
9742 -2.09000e+02
9871 -2.08000e+02
9981 -2.08000e+02
"function evaluation" "best-so-far f(x)"
1 -3.83000e+02
84 -3.82000e+02
98 -3.81000e+02
132 -3.80000e+02
202 -3.79000e+02
240 -3.78000e+02
267 -3.77000e+02
270 -3.76000e+02
329 -3.75000e+02
364 -3.74000e+02
441 -3.73000e+02
467 -3.72000e+02
558 -3.71000e+02
616 -3.70000e+02
793 -3.69000e+02
828 -3.68000e+02
895 -3.67000e+02
938 -3.66000e+02
983 -3.65000e+02
1023 -3.64000e+02
1061 -3.63000e+02
1170 -3.62000e+02
1176 -3.61000e+02
1233 -3.60000e+02
1340 -3.59000e+02
1391 -3.58000e+02
1468 -3.57000e+02
1496 -3.56000e+02
1532 -3.55000e+02
1570 -3.54000e+02
1593 -3.53000e+02
1651 -3.52000e+02
1712 -3.51000e+02
1755 -3.50000e+02
1796 -3.49000e+02
1808 -3.48000e+02
1839 -3.47000e+02
1927 -3.46000e+02
1955 -3.45000e+02
1957 -3.44000e+02
2060 -3.43000e+02
2069 -3.42000e+02
2085 -3.41000e+02
2088 -3.40000e+02
2144 -3.38000e+02
2264 -3.37000e+02
2298 -3.36000e+02
2363 -3.35000e+02
2406 -3.34000e+02
2483 -3.33000e+02
2550 -3.32000e+02
2601 -3.30000e+02
2611 -3.29000e+02
2654 -3.28000e+02
2781 -3.27000e+02
2828 -3.26000e+02
2870 -3.25000e+02
2880 -3.24000e+02
2935 -3.23000e+02
2986 -3.22000e+02
3040 -3.21000e+02
3116 -3.20000e+02
3167 -3.19000e+02
3210 -3.18000e+02
3281 -3.17000e+02
3295 -3.16000e+02
3365 -3.15000e+02
3451 -3.14000e+02
3490 -3.13000e+02
3634 -3.12000e+02
3659 -3.11000e+02
3667 -3.10000e+02
3803 -3.09000e+02
3826 -3.08000e+02
3948 -3.07000e+02
3975 -3.06000e+02
3980 -3.05000e+02
3988 -3.04000e+02
4054 -3.02000e+02
4077 -3.01000e+02
4092 -3.00000e+02
4154 -2.99000e+02
4257 -2.98000e+02
4269 -2.97000e+02
4324 -2.96000e+02
4347 -2.94000e+02
4384 -2.93000e+02
4489 -2.92000e+02
4535 -2.91000e+02
4579 -2.90000e+02
4616 -2.89000e+02
4676 -2.88000e+02
4836 -2.87000e+02
4839 -2.86000e+02
4958 -2.85000e+02
5005 -2.84000e+02
5045 -2.83000e+02
5060 -2.82000e+02
5135 -2.81000e+02
5288 -2.80000e+02
5417 -2.79000e+02
5498 -2.78000e+02
5519 -2.77000e+02
5548 -2.76000e+02
5659 -2.75000e+02
5736 -2.74000e+02
5827 -2.73000e+02
5848 -2.72000e+02
5955 -2.71000e+02
6035 -2.70000e+02
6169 -2.69000e+02
6216 -2.68000e+02
6258 -2.67000e+02
6317 -2.66000e+02
6338 -2.64000e+02
6401 -2.62000e+02
6448 -2.60000e+02
6478 -2.59000e+02
6516 -2.58000e+02
6574 -2.57000e+02
6645 -2.56000e+02
6663 -2.55000e+02
6835 -2.54000e+02
6878 -2.53000e+02
6905 -2.52000e+02
6999 -2.51000e+02
7127 -2.50000e+02
7233 -2.49000e+02
7280 -2.48000e+02
7430 -2.47000e+02
7506 -2.46000e+02
7566 -2.45000e+02
7659 -2.44000e+02
7712 -2.43000e+02
7770 -2.42000e+02
7934 -2.41000e+02
8065 -2.40000e+02
8149 -2.39000e+02
8206 -2.38000e+02
8267 -2.37000e+02
8340 -2.36000e+02
8347 -2.35000e+02
8378 -2.34000e+02
8427 -2.33000e+02
8489 -2.32000e+02
8500 -2.31000e+02
8522 -2.30000e+02
8610 -2.29000e+02
8637 -2.28000e+02
8663 -2.27000e+02
8686 -2.26000e+02
8731 -2.25000e+02
8841 -2.24000e+02
9122 -2.23000e+02
9179 -2.22000e+02
9230 -2.21000e+02
9273 -2.20000e+02
9330 -2.19000e+02
9346 -2.18000e+02
9505 -2.17000e+02
9624 -2.16000e+02
9640 -2.14000e+02
9755 -2.13000e+02
9872 -2.12000e+02
9909 -2.11000e+02
9933 -2.10000e+02
9981 -2.10000e+02
"function evaluation" "best-so-far f(x)"
1 -3.83000e+02
6 -3.82000e+02
50 -3.81000e+02
61 -3.80000e+02
92 -3.79000e+02
122 -3.77000e+02
135 -3.76000e+02
218 -3.75000e+02
228 -3.73000e+02
264 -3.72000e+02
331 -3.71000e+02
334 -3.70000e+02
351 -3.69000e+02
396 -3.68000e+02
432 -3.67000e+02
469 -3.66000e+02
530 -3.65000e+02
559 -3.64000e+02
578 -3.63000e+02
628 -3.62000e+02
670 -3.61000e+02
680 -3.60000e+02
690 -3.59000e+02
735 -3.58000e+02
778 -3.57000e+02
822 -3.56000e+02
924 -3.55000e+02
940 -3.54000e+02
980 -3.53000e+02
1005 -3.52000e+02
1017 -3.51000e+02
1087 -3.50000e+02
1115 -3.49000e+02
1149 -3.48000e+02
1177 -3.47000e+02
1372 -3.46000e+02
1436 -3.45000e+02
1473 -3.44000e+02
1521 -3.43000e+02
1601 -3.42000e+02
1622 -3.41000e+02
1644 -3.40000e+02
1689 -3.39000e+02
1719 -3.38000e+02
1762 -3.36000e+02
1814 -3.35000e+02
1847 -3.34000e+02
1887 -3.33000e+02
1964 -3.32000e+02
2020 -3.31000e+02
2083 -3.30000e+02
2137 -3.29000e+02
2160 -3.28000e+02
2172 -3.27000e+02
2211 -3.26000e+02
2251 -3.25000e+02
2304 -3.24000e+02
2334 -3.23000e+02
2369 -3.22000e+02
2378 -3.21000e+02
2454 -3.20000e+02
2465 -3.19000e+02
2497 -3.18000e+02
2528 -3.16000e+02
2555 -3.14000e+02
2571 -3.13000e+02
2607 -3.12000e+02
2648 -3.11000e+02
2672 -3.10000e+02
2678 -3.09000e+02
2719 -3.08000e+02
2748 -3.07000e+02
2767 -3.06000e+02
2823 -3.05000e+02
2891 -3.04000e+02
2993 -3.03000e+02
2995 -3.02000e+02
3170 -3.01000e+02
3226 -3.00000e+02
3275 -2.99000e+02
3372 -2.98000e+02
3373 -2.97000e+02
3438 -2.96000e+02
3485 -2.95000e+02
3562 -2.94000e+02
3642 -2.93000e+02
3661 -2.92000e+02
3752 -2.91000e+02
3768 -2.90000e+02
3839 -2.89000e+02
3926 -2.88000e+02
3989 -2.87000e+02
4033 -2.86000e+02
4044 -2.85000e+02
4117 -2.84000e+02
4173 -2.82000e+02
4201 -2.81000e+02
4258 -2.80000e+02
4334 -2.79000e+02
4386 -2.78000e+02
4573 -2.77000e+02
4625 -2.75000e+02
4790 -2.74000e+02
4824 -2.73000e+02
4850 -2.72000e+02
4906 -2.71000e+02
4956 -2.70000e+02
5125 -2.69000e+02
5187 -2.68000e+02
5258 -2.67000e+02
5303 -2.66000e+02
5306 -2.65000e+02
5390 -2.64000e+02
5593 -2.63000e+02
5630 -2.62000e+02
5662 -2.61000e+02
5712 -2.60000e+02
5756 -2.59000e+02
5760 -2.58000e+02
5772 -2.57000e+02
5817 -2.56000e+02
5846 -2.55000e+02
5869 -2.54000e+02
5966 -2.53000e+02
6071 -2.52000e+02
6171 -2.51000e+02
6203 -2.50000e+02
6249 -2.49000e+02
6368 -2.48000e+02
6383 -2.47000e+02
6480 -2.46000e+02
6580 -2.45000e+02
6631 -2.44000e+02
6739 -2.43000e+02
6883 -2.42000e+02
6952 -2.41000e+02
7014 -2.40000e+02
7054 -2.39000e+02
7095 -2.38000e+02
7150 -2.37000e+02
7184 -2.36000e+02
7219 -2.35000e+02
7300 -2.34000e+02
7414 -2.33000e+02
7479 -2.32000e+02
7480 -2.31000e+02
7497 -2.30000e+02
7528 -2.29000e+02
7550 -2.27000e+02
7609 -2.26000e+02
7641 -2.25000e+02
7715 -2.24000e+02
7793 -2.23000e+02
7842 -2.22000e+02
7882 -2.21000e+02
7970 -2.20000e+02
7980 -2.19000e+02
8114 -2.18000e+02
8172 -2.17000e+02
8254 -2.16000e+02
8284 -2.15000e+02
8345 -2.14000e+02
8375 -2.12000e+02
8428 -2.11000e+02
8565 -2.10000e+02
8627 -2.09000e+02
8691 -2.08000e+02
8784 -2.07000e+02
8831 -2.06000e+02
8837 -2.05000e+02
8921 -2.04000e+02
9029 -2.03000e+02
9093 -2.02000e+02
9121 -2.01000e+02
9228 -2.00000e+02
9373 -1.99000e+02
9449 -1.98000e+02
9498 -1.97000e+02
9504 -1.96000e+02
9512 -1.95000e+02
9556 -1.94000e+02
9568 -1.93000e+02
9643 -1.92000e+02
9657 -1.91000e+02
9721 -1.90000e+02
9919 -1.89000e+02
9972 -1.88000e+02
9981 -1.88000e+02
"function evaluation" "best-so-far f(x)"
1 -3.83000e+02
8 -3.82000e+02
69 -3.81000e+02
117 -3.80000e+02
211 -3.79000e+02
297 -3.78000e+02
346 -3.77000e+02
404 -3.76000e+02
442 -3.75000e+02
492 -3.74000e+02
581 -3.73000e+02
584 -3.72000e+02
606 -3.71000e+02
607 -3.69000e+02
637 -3.68000e+02
690 -3.67000e+02
691 -3.66000e+02
738 -3.65000e+02
822 -3.63000e+02
841 -3.62000e+02
870 -3.61000e+02
878 -3.60000e+02
925 -3.59000e+02
1054 -3.58000e+02
1094 -3.56000e+02
1112 -3.55000e+02
1122 -3.54000e+02
1147 -3.53000e+02
1217 -3.51000e+02
1252 -3.50000e+02
1285 -3.49000e+02
1311 -3.48000e+02
1318 -3.47000e+02
1355 -3.46000e+02
1374 -3.45000e+02
1429 -3.44000e+02
1430 -3.43000e+02
1511 -3.42000e+02
1568 -3.41000e+02
1605 -3.40000e+02
1630 -3.39000e+02
1735 -3.38000e+02
1742 -3.37000e+02
1777 -3.36000e+02
1809 -3.35000e+02
1838 -3.34000e+02
1852 -3.33000e+02
1887 -3.32000e+02
1922 -3.31000e+02
1949 -3.29000e+02
2001 -3.28000e+02
2041 -3.27000e+02
2050 -3.26000e+02
2125 -3.25000e+02
2234 -3.24000e+02
2339 -3.23000e+02
2371 -3.22000e+02
2419 -3.21000e+02
2444 -3.20000e+02
2509 -3.19000e+02
2510 -3.18000e+02
2511 -3.17000e+02
2555 -3.16000e+02
2578 -3.15000e+02
2595 -3.14000e+02
2662 -3.12000e+02
2760 -3.11000e+02
2804 -3.10000e+02
2851 -3.09000e+02
2931 -3.08000e+02
3001 -3.07000e+02
3072 -3.06000e+02
3090 -3.05000e+02
3123 -3.04000e+02
3174 -3.03000e+02
3176 -3.02000e+02
3194 -3.01000e+02
3315 -3.00000e+02
3355 -2.99000e+02
3408 -2.98000e+02
3488 -2.97000e+02
3586 -2.96000e+02
3612 -2.95000e+02
3659 -2.94000e+02
3714 -2.93000e+02
3723 -2.92000e+02
3753 -2.91000e+02
3828 -2.90000e+02
3866 -2.89000e+02
3876 -2.88000e+02
3902 -2.86000e+02
3937 -2.85000e+02
3964 -2.84000e+02
3991 -2.83000e+02
4073 -2.82000e+02
4150 -2.81000e+02
4156 -2.80000e+02
4233 -2.79000e+02
4297 -2.78000e+02
4368 -2.77000e+02
4434 -2.76000e+02
4538 -2.75000e+02
4585 -2.74000e+02
4679 -2.73000e+02
4723 -2.72000e+02
4725 -2.71000e+02
4739 -2.70000e+02
4826 -2.69000e+02
4890 -2.68000e+02
4928 -2.67000e+02
5012 -2.66000e+02
5037 -2.65000e+02
5095 -2.64000e+02
5114 -2.63000e+02
5220 -2.62000e+02
5240 -2.61000e+02
5312 -2.60000e+02
5344 -2.59000e+02
5403 -2.58000e+02
5496 -2.56000e+02
5563 -2.55000e+02
5571 -2.54000e+02
5595 -2.53000e+02
5652 -2.52000e+02
5742 -2.51000e+02
5854 -2.50000e+02
5986 -2.49000e+02
6051 -2.48000e+02
6107 -2.47000e+02
6180 -2.46000e+02
6203 -2.45000e+02
6251 -2.44000e+02
6301 -2.43000e+02
6345 -2.42000e+02
6364 -2.41000e+02
6387 -2.40000e+02
6508 -2.39000e+02
6598 -2.38000e+02
6657 -2.37000e+02
6666 -2.36000e+02
6753 -2.35000e+02
6796 -2.34000e+02
6801 -2.33000e+02
6837 -2.32000e+02
6895 -2.31000e+02
6918 -2.30000e+02
6998 -2.29000e+02
7039 -2.28000e+02
7065 -2.27000e+02
7146 -2.26000e+02
7202 -2.25000e+02
7433 -2.24000e+02
7462 -2.23000e+02
7527 -2.22000e+02
7543 -2.21000e+02
7674 -2.20000e+02
7772 -2.19000e+02
7807 -2.18000e+02
7851 -2.17000e+02
7984 -2.16000e+02
8016 -2.15000e+02
8047 -2.14000e+02
8156 -2.13000e+02
8185 -2.12000e+02
8239 -2.11000e+02
8300 -2.10000e+02
8363 -2.09000e+02
8388 -2.08000e+02
8493 -2.07000e+02
8550 -2.06000e+02
8671 -2.05000e+02
8742 -2.04000e+02
8778 -2.03000e+02
8809 -2.02000e+02
8838 -2.01000e+02
8865 -2.00000e+02
8918 -1.99000e+02
9009 -1.98000e+02
9173 -1.97000e+02
9207 -1.96000e+02
9320 -1.95000e+02
9389 -1.94000e+02
9416 -1.93000e+02
9458 -1.92000e+02
9505 -1.91000e+02
9581 -1.90000e+02
9655 -1.89000e+02
9665 -1.88000e+02
9719 -1.87000e+02
9832 -1.86000e+02
9944 -1.85000e+02
9981 -1.85000e+02
"function evaluation" "best-so-far f(x)"
1 -3.83000e+02
4 -3.82000e+02
17 -3.81000e+02
61 -3.80000e+02
93 -3.79000e+02
141 -3.78000e+02
168 -3.77000e+02
210 -3.76000e+02
277 -3.75000e+02
368 -3.74000e+02
462 -3.73000e+02
482 -3.72000e+02
492 -3.71000e+02
595 -3.70000e+02
672 -3.69000e+02
733 -3.68000e+02
742 -3.67000e+02
772 -3.66000e+02
792 -3.65000e+02
817 -3.64000e+02
859 -3.63000e+02
881 -3.62000e+02
886 -3.61000e+02
970 -3.60000e+02
989 -3.59000e+02
1051 -3.58000e+02
1066 -3.56000e+02
1157 -3.55000e+02
1177 -3.54000e+02
1189 -3.53000e+02
1296 -3.52000e+02
1416 -3.51000e+02
1474 -3.50000e+02
1565 -3.49000e+02
1658 -3.48000e+02
1692 -3.47000e+02
1743 -3.46000e+02
1801 -3.45000e+02
1869 -3.44000e+02
1895 -3.43000e+02
1955 -3.42000e+02
2038 -3.41000e+02
2076 -3.40000e+02
2153 -3.39000e+02
2201 -3.38000e+02
2271 -3.37000e+02
2316 -3.36000e+02
2379 -3.35000e+02
2426 -3.34000e+02
2479 -3.33000e+02
2510 -3.32000e+02
2549 -3.31000e+02
2550 -3.30000e+02
2581 -3.29000e+02
2708 -3.28000e+02
2807 -3.27000e+02
2846 -3.26000e+02
2868 -3.25000e+02
2949 -3.24000e+02
3049 -3.23000e+02
3103 -3.22000e+02
3120 -3.21000e+02
3146 -3.20000e+02
3209 -3.19000e+02
3280 -3.17000e+02
3335 -3.16000e+02
3360 -3.15000e+02
3386 -3.14000e+02
3415 -3.13000e+02
3449 -3.12000e+02
3494 -3.11000e+02
3542 -3.10000e+02
3568 -3.09000e+02
3583 -3.08000e+02
3655 -3.07000e+02
3662 -3.06000e+02
3679 -3.05000e+02
3682 -3.04000e+02
3744 -3.03000e+02
3807 -3.02000e+02
3884 -3.01000e+02
3921 -3.00000e+02
4084 -2.99000e+02
4101 -2.98000e+02
4107 -2.96000e+02
4185 -2.95000e+02
4211 -2.94000e+02
4267 -2.93000e+02
4402 -2.92000e+02
4427 -2.91000e+02
4458 -2.90000e+02
4522 -2.89000e+02
4592 -2.88000e+02
4639 -2.87000e+02
4678 -2.86000e+02
4732 -2.85000e+02
4781 -2.84000e+02
4833 -2.83000e+02
4951 -2.82000e+02
5020 -2.81000e+02
5110 -2.80000e+02
5160 -2.79000e+02
5211 -2.78000e+02
5213 -2.77000e+02
5279 -2.76000e+02
5347 -2.75000e+02
5417 -2.74000e+02
5429 -2.73000e+02
5544 -2.72000e+02
5569 -2.71000e+02
5614 -2.70000e+02
5638 -2.69000e+02
5691 -2.68000e+02
5736 -2.67000e+02
5759 -2.66000e+02
5775 -2.65000e+02
5808 -2.64000e+02
5837 -2.63000e+02
5876 -2.62000e+02
5947 -2.61000e+02
6055 -2.60000e+02
6152 -2.59000e+02
6176 -2.58000e+02
6209 -2.57000e+02
6267 -2.55000e+02
6311 -2.54000e+02
6464 -2.53000e+02
6604 -2.52000e+02
6614 -2.51000e+02
6651 -2.50000e+02
6729 -2.49000e+02
6784 -2.47000e+02
6805 -2.46000e+02
6849 -2.45000e+02
6928 -2.44000e+02
6961 -2.42000e+02
7015 -2.41000e+02
7044 -2.40000e+02
7104 -2.39000e+02
7152 -2.38000e+02
7222 -2.37000e+02
7280 -2.36000e+02
7315 -2.35000e+02
7368 -2.34000e+02
7504 -2.33000e+02
7547 -2.32000e+02
7558 -2.31000e+02
7567 -2.30000e+02
7630 -2.29000e+02
7836 -2.28000e+02
7930 -2.27000e+02
7997 -2.26000e+02
8045 -2.25000e+02
8104 -2.24000e+02
8222 -2.23000e+02
8242 -2.22000e+02
8315 -2.21000e+02
8376 -2.20000e+02
8494 -2.19000e+02
8564 -2.18000e+02
8683 -2.17000e+02
8693 -2.16000e+02
8818 -2.15000e+02
9070 -2.14000e+02
9233 -2.13000e+02
9423 -2.12000e+02
9433 -2.11000e+02
9572 -2.10000e+02
9654 -2.09000e+02
9685 -2.08000e+02
9717 -2.07000e+02
9729 -2.06000e+02
9760 -2.04000e+02
9911 -2.03000e+02
9955 -2.02000e+02
9981 -2.02000e+02
"function evaluation" "best-so-far f(x)"
1 -3.83000e+02
37 -3.82000e+02
48 -3.81000e+02
102 -3.80000e+02
151 -3.79000e+02
279 -3.78000e+02
319 -3.77000e+02
404 -3.76000e+02
472 -3.75000e+02
487 -3.74000e+02
497 -3.73000e+02
529 -3.72000e+02
552 -3.71000e+02
629 -3.70000e+02
730 -3.69000e+02
742 -3.68000e+02
747 -3.67000e+02
804 -3.66000e+02
846 -3.65000e+02
864 -3.64000e+02
957 -3.63000e+02
981 -3.62000e+02
1079 -3.60000e+02
1124 -3.59000e+02
1173 -3.58000e+02
1177 -3.57000e+02
1223 -3.56000e+02
1292 -3.55000e+02
1314 -3.54000e+02
1332 -3.53000e+02
1385 -3.52000e+02
1392 -3.51000e+02
1416 -3.50000e+02
1483 -3.49000e+02
1520 -3.48000e+02
1567 -3.47000e+02
1586 -3.46000e+02
1659 -3.45000e+02
1671 -3.43000e+02
1743 -3.42000e+02
1769 -3.41000e+02
1836 -3.40000e+02
1873 -3.39000e+02
1891 -3.38000e+02
1936 -3.37000e+02
1955 -3.36000e+02
1976 -3.35000e+02
2061 -3.34000e+02
2145 -3.33000e+02
2181 -3.32000e+02
2194 -3.31000e+02
2222 -3.30000e+02
2238 -3.29000e+02
2271 -3.28000e+02
2341 -3.27000e+02
2375 -3.26000e+02
2497 -3.25000e+02
2513 -3.24000e+02
2594 -3.23000e+02
2644 -3.22000e+02
2649 -3.21000e+02
2678 -3.20000e+02
2727 -3.19000e+02
2805 -3.18000e+02
2816 -3.17000e+02
2910 -3.16000e+02
3065 -3.15000e+02
3121 -3.14000e+02
3205 -3.13000e+02
3239 -3.12000e+02
3302 -3.10000e+02
3360 -3.09000e+02
3436 -3.08000e+02
3467 -3.07000e+02
3596 -3.05000e+02
3623 -3.04000e+02
3654 -3.03000e+02
3717 -3.02000e+02
3751 -3.01000e+02
3752 -3.00000e+02
3963 -2.99000e+02
4016 -2.98000e+02
4040 -2.97000e+02
4080 -2.96000e+02
4142 -2.95000e+02
4211 -2.94000e+02
4234 -2.93000e+02
4293 -2.92000e+02
4398 -2.91000e+02
4450 -2.90000e+02
4521 -2.89000e+02
4649 -2.88000e+02
4747 -2.86000e+02
4763 -2.85000e+02
4847 -2.84000e+02
4859 -2.83000e+02
4913 -2.82000e+02
4943 -2.81000e+02
4965 -2.80000e+02
4988 -2.79000e+02
5027 -2.78000e+02
5052 -2.77000e+02
5089 -2.76000e+02
5156 -2.75000e+02
5249 -2.74000e+02
5300 -2.73000e+02
5328 -2.72000e+02
5354 -2.71000e+02
5403 -2.70000e+02
5422 -2.68000e+02
5443 -2.67000e+02
5475 -2.66000e+02
5523 -2.64000e+02
5592 -2.63000e+02
5689 -2.62000e+02
5848 -2.61000e+02
5923 -2.60000e+02
5993 -2.59000e+02
6043 -2.58000e+02
6115 -2.57000e+02
6128 -2.56000e+02
6186 -2.55000e+02
6224 -2.54000e+02
6245 -2.53000e+02
6297 -2.52000e+02
6351 -2.51000e+02
6371 -2.50000e+02
6529 -2.49000e+02
6589 -2.48000e+02
6614 -2.47000e+02
6676 -2.46000e+02
6685 -2.45000e+02
6810 -2.44000e+02
6841 -2.43000e+02
6870 -2.42000e+02
6956 -2.41000e+02
7027 -2.40000e+02
7102 -2.39000e+02
7122 -2.38000e+02
7228 -2.37000e+02
7321 -2.36000e+02
7383 -2.34000e+02
7545 -2.33000e+02
7582 -2.32000e+02
7606 -2.31000e+02
7701 -2.30000e+02
7742 -2.29000e+02
7808 -2.28000e+02
7870 -2.27000e+02
7922 -2.26000e+02
7940 -2.25000e+02
7972 -2.24000e+02
8027 -2.23000e+02
8069 -2.22000e+02
8132 -2.21000e+02
8190 -2.20000e+02
8258 -2.19000e+02
8325 -2.18000e+02
8446 -2.17000e+02
8512 -2.16000e+02
8562 -2.15000e+02
8594 -2.13000e+02
8657 -2.12000e+02
8724 -2.11000e+02
8771 -2.10000e+02
8849 -2.09000e+02
8941 -2.08000e+02
8983 -2.07000e+02
9127 -2.06000e+02
9172 -2.05000e+02
9251 -2.04000e+02
9265 -2.03000e+02
9355 -2.02000e+02
9414 -2.01000e+02
9485 -2.00000e+02
9558 -1.99000e+02
9628 -1.98000e+02
9700 -1.97000e+02
9749 -1.96000e+02
9780 -1.95000e+02
9864 -1.94000e+02
9981 -1.94000e+02
"function evaluation" "best-so-far f(x)"
1 -3.83000e+02
15 -3.81000e+02
59 -3.80000e+02
121 -3.79000e+02
174 -3.78000e+02
250 -3.77000e+02
323 -3.76000e+02
387 -3.75000e+02
411 -3.73000e+02
473 -3.72000e+02
494 -3.71000e+02
566 -3.69000e+02
590 -3.68000e+02
613 -3.67000e+02
717 -3.66000e+02
768 -3.65000e+02
833 -3.64000e+02
925 -3.63000e+02
1003 -3.62000e+02
1020 -3.61000e+02
1052 -3.60000e+02
1073 -3.59000e+02
1123 -3.58000e+02
1194 -3.57000e+02
1298 -3.56000e+02
1367 -3.55000e+02
1389 -3.54000e+02
1425 -3.53000e+02
1467 -3.52000e+02
1516 -3.51000e+02
1570 -3.50000e+02
1605 -3.49000e+02
1649 -3.48000e+02
1697 -3.47000e+02
1721 -3.46000e+02
1786 -3.45000e+02
1833 -3.44000e+02
1848 -3.43000e+02
1932 -3.42000e+02
1987 -3.41000e+02
2015 -3.40000e+02
2043 -3.39000e+02
2077 -3.38000e+02
2114 -3.37000e+02
2122 -3.36000e+02
2130 -3.35000e+02
2165 -3.34000e+02
2233 -3.33000e+02
2285 -3.32000e+02
2317 -3.31000e+02
2356 -3.30000e+02
2399 -3.29000e+02
2495 -3.28000e+02
2578 -3.27000e+02
2594 -3.26000e+02
2613 -3.25000e+02
2641 -3.24000e+02
2688 -3.23000e+02
2735 -3.22000e+02
2814 -3.21000e+02
2841 -3.20000e+02
2921 -3.19000e+02
2983 -3.18000e+02
3010 -3.17000e+02
3106 -3.16000e+02
3171 -3.15000e+02
3203 -3.14000e+02
3253 -3.13000e+02
3359 -3.12000e+02
3378 -3.11000e+02
3453 -3.10000e+02
3486 -3.09000e+02
3541 -3.08000e+02
3542 -3.07000e+02
3599 -3.06000e+02
3602 -3.05000e+02
3636 -3.04000e+02
3721 -3.02000e+02
3763 -3.01000e+02
3822 -3.00000e+02
3867 -2.99000e+02
3870 -2.98000e+02
3948 -2.97000e+02
3994 -2.96000e+02
4092 -2.95000e+02
4104 -2.94000e+02
4178 -2.93000e+02
4208 -2.92000e+02
4251 -2.91000e+02
4288 -2.90000e+02
4300 -2.89000e+02
4325 -2.88000e+02
4383 -2.87000e+02
4432 -2.86000e+02
4455 -2.85000e+02
4500 -2.84000e+02
4552 -2.83000e+02
4628 -2.82000e+02
4691 -2.81000e+02
4780 -2.80000e+02
4810 -2.79000e+02
4828 -2.78000e+02
4867 -2.77000e+02
4953 -2.76000e+02
4996 -2.75000e+02
5072 -2.74000e+02
5136 -2.73000e+02
5216 -2.72000e+02
5293 -2.71000e+02
5348 -2.70000e+02
5350 -2.69000e+02
5440 -2.68000e+02
5551 -2.67000e+02
5626 -2.66000e+02
5633 -2.65000e+02
5729 -2.64000e+02
5767 -2.63000e+02
5815 -2.62000e+02
5818 -2.61000e+02
5854 -2.60000e+02
5889 -2.59000e+02
5936 -2.58000e+02
5942 -2.57000e+02
5952 -2.56000e+02
6045 -2.55000e+02
6110 -2.54000e+02
6149 -2.53000e+02
6181 -2.52000e+02
6269 -2.51000e+02
6304 -2.50000e+02
6365 -2.49000e+02
6473 -2.48000e+02
6535 -2.47000e+02
6553 -2.46000e+02
6600 -2.45000e+02
6652 -2.44000e+02
6709 -2.43000e+02
6790 -2.42000e+02
6845 -2.41000e+02
6927 -2.40000e+02
6971 -2.39000e+02
7050 -2.38000e+02
7125 -2.37000e+02
7223 -2.36000e+02
7273 -2.35000e+02
7301 -2.34000e+02
7368 -2.33000e+02
7458 -2.32000e+02
7503 -2.31000e+02
7537 -2.30000e+02
7605 -2.29000e+02
7677 -2.28000e+02
7708 -2.27000e+02
7771 -2.26000e+02
7810 -2.25000e+02
7905 -2.24000e+02
7960 -2.23000e+02
8072 -2.22000e+02
8080 -2.21000e+02
8318 -2.20000e+02
8374 -2.19000e+02
8487 -2.18000e+02
8514 -2.17000e+02
8534 -2.16000e+02
8607 -2.15000e+02
8649 -2.14000e+02
8660 -2.13000e+02
8777 -2.12000e+02
8843 -2.11000e+02
8940 -2.10000e+02
9068 -2.09000e+02
9127 -2.08000e+02
9274 -2.07000e+02
9318 -2.06000e+02
9432 -2.05000e+02
9510 -2.04000e+02
9534 -2.03000e+02
9621 -2.02000e+02
9656 -2.01000e+02
9679 -2.00000e+02
9763 -1.99000e+02
9818 -1.98000e+02
9826 -1.97000e+02
9874 -1.96000e+02
9900 -1.95000e+02
9981 -1.95000e+02
"function evaluation" "best-so-far f(x)"
1 -3.83000e+02
24 -3.82000e+02
94 -3.81000e+02
161 -3.80000e+02
249 -3.79000e+02
271 -3.78000e+02
286 -3.77000e+02
328 -3.76000e+02
424 -3.75000e+02
485 -3.74000e+02
514 -3.73000e+02
539 -3.72000e+02
570 -3.70000e+02
573 -3.69000e+02
600 -3.68000e+02
667 -3.67000e+02
744 -3.66000e+02
824 -3.65000e+02
868 -3.64000e+02
888 -3.63000e+02
889 -3.62000e+02
913 -3.61000e+02
947 -3.60000e+02
995 -3.59000e+02
1000 -3.58000e+02
1077 -3.57000e+02
1101 -3.56000e+02
1115 -3.55000e+02
1159 -3.54000e+02
1220 -3.53000e+02
1244 -3.52000e+02
1317 -3.51000e+02
1318 -3.50000e+02
1410 -3.49000e+02
1438 -3.48000e+02
1562 -3.47000e+02
1579 -3.46000e+02
1610 -3.45000e+02
1637 -3.44000e+02
1690 -3.43000e+02
1700 -3.42000e+02
1736 -3.41000e+02
1780 -3.40000e+02
1815 -3.39000e+02
1828 -3.38000e+02
1905 -3.37000e+02
1966 -3.36000e+02
2005 -3.35000e+02
2061 -3.34000e+02
2115 -3.33000e+02
2149 -3.32000e+02
2255 -3.31000e+02
2354 -3.30000e+02
2363 -3.29000e+02
2386 -3.28000e+02
2575 -3.27000e+02
2603 -3.26000e+02
2619 -3.25000e+02
2622 -3.24000e+02
2663 -3.23000e+02
2745 -3.22000e+02
2763 -3.20000e+02
2776 -3.19000e+02
2820 -3.18000e+02
2833 -3.17000e+02
2968 -3.16000e+02
3046 -3.15000e+02
3110 -3.14000e+02
3264 -3.13000e+02
3354 -3.12000e+02
3435 -3.11000e+02
3485 -3.10000e+02
3564 -3.09000e+02
3670 -3.08000e+02
3674 -3.07000e+02
3777 -3.06000e+02
3882 -3.05000e+02
3915 -3.04000e+02
3975 -3.03000e+02
4020 -3.02000e+02
4047 -3.01000e+02
4101 -3.00000e+02
4111 -2.99000e+02
4212 -2.98000e+02
4248 -2.97000e+02
4356 -2.96000e+02
4359 -2.95000e+02
4438 -2.94000e+02
4483 -2.93000e+02
4508 -2.92000e+02
4554 -2.91000e+02
4585 -2.90000e+02
4623 -2.89000e+02
4743 -2.88000e+02
4754 -2.87000e+02
4871 -2.86000e+02
4944 -2.85000e+02
5040 -2.84000e+02
5041 -2.82000e+02
5154 -2.80000e+02
5199 -2.79000e+02
5240 -2.78000e+02
5411 -2.77000e+02
5503 -2.76000e+02
5510 -2.75000e+02
5540 -2.74000e+02
5642 -2.73000e+02
5791 -2.72000e+02
5855 -2.71000e+02
5900 -2.70000e+02
5911 -2.69000e+02
6003 -2.68000e+02
6008 -2.67000e+02
6038 -2.66000e+02
6128 -2.65000e+02
6143 -2.64000e+02
6186 -2.63000e+02
6341 -2.62000e+02
6381 -2.61000e+02
6455 -2.60000e+02
6508 -2.59000e+02
6554 -2.58000e+02
6564 -2.57000e+02
6635 -2.56000e+02
6677 -2.55000e+02
6764 -2.54000e+02
6781 -2.53000e+02
6872 -2.52000e+02
6916 -2.51000e+02
7024 -2.50000e+02
7053 -2.49000e+02
7178 -2.48000e+02
7209 -2.47000e+02
7264 -2.46000e+02
7271 -2.45000e+02
7277 -2.44000e+02
7401 -2.43000e+02
7494 -2.42000e+02
7505 -2.41000e+02
7530 -2.40000e+02
7539 -2.39000e+02
7571 -2.38000e+02
7644 -2.37000e+02
7716 -2.36000e+02
7795 -2.35000e+02
7799 -2.34000e+02
7841 -2.33000e+02
7935 -2.32000e+02
8059 -2.31000e+02
8157 -2.30000e+02
8266 -2.28000e+02
8325 -2.27000e+02
8406 -2.26000e+02
8417 -2.25000e+02
8446 -2.24000e+02
8620 -2.23000e+02
8656 -2.22000e+02
8746 -2.21000e+02
8781 -2.20000e+02
8879 -2.19000e+02
8948 -2.18000e+02
8999 -2.17000e+02
9049 -2.15000e+02
9168 -2.14000e+02
9294 -2.13000e+02
9374 -2.12000e+02
9410 -2.11000e+02
9514 -2.10000e+02
9577 -2.08000e+02
9618 -2.07000e+02
9656 -2.06000e+02
9770 -2.05000e+02
9860 -2.04000e+02
9950 -2.03000e+02
9981 -2.03000e+02
"function evaluation" "best-so-far f(x)"
1 -3.83000e+02
20 -3.82000e+02
56 -3.81000e+02
86 -3.80000e+02
91 -3.79000e+02
124 -3.78000e+02
130 -3.77000e+02
161 -3.76000e+02
215 -3.75000e+02
238 -3.74000e+02
259 -3.73000e+02
312 -3.72000e+02
369 -3.70000e+02
447 -3.68000e+02
469 -3.67000e+02
523 -3.66000e+02
568 -3.65000e+02
599 -3.63000e+02
648 -3.62000e+02
714 -3.61000e+02
718 -3.60000e+02
743 -3.59000e+02
757 -3.57000e+02
785 -3.55000e+02
843 -3.54000e+02
866 -3.53000e+02
926 -3.52000e+02
959 -3.51000e+02
1042 -3.50000e+02
1074 -3.49000e+02
1102 -3.48000e+02
1124 -3.47000e+02
1190 -3.46000e+02
1202 -3.45000e+02
1260 -3.44000e+02
1298 -3.43000e+02
1353 -3.42000e+02
1414 -3.41000e+02
1465 -3.40000e+02
1546 -3.38000e+02
1611 -3.37000e+02
1654 -3.36000e+02
1810 -3.35000e+02
1856 -3.34000e+02
1883 -3.33000e+02
1938 -3.32000e+02
1973 -3.31000e+02
2017 -3.29000e+02
2074 -3.28000e+02
2078 -3.27000e+02
2172 -3.26000e+02
2275 -3.25000e+02
2313 -3.24000e+02
2361 -3.23000e+02
2390 -3.22000e+02
2417 -3.21000e+02
2524 -3.20000e+02
2728 -3.19000e+02
2799 -3.18000e+02
2832 -3.17000e+02
2878 -3.16000e+02
2909 -3.15000e+02
2957 -3.14000e+02
2990 -3.13000e+02
3050 -3.12000e+02
3101 -3.11000e+02
3120 -3.10000e+02
3190 -3.09000e+02
3241 -3.08000e+02
3307 -3.07000e+02
3322 -3.05000e+02
3368 -3.04000e+02
3408 -3.03000e+02
3435 -3.02000e+02
3438 -3.01000e+02
3480 -3.00000e+02
3485 -2.98000e+02
3532 -2.97000e+02
3559 -2.96000e+02
3679 -2.95000e+02
3714 -2.94000e+02
3808 -2.93000e+02
3942 -2.92000e+02
3986 -2.91000e+02
4026 -2.90000e+02
4130 -2.89000e+02
4216 -2.88000e+02
4295 -2.87000e+02
4320 -2.86000e+02
4437 -2.85000e+02
4493 -2.84000e+02
4564 -2.83000e+02
4589 -2.82000e+02
4636 -2.81000e+02
4694 -2.79000e+02
4779 -2.78000e+02
4823 -2.77000e+02
4863 -2.76000e+02
4919 -2.75000e+02
4962 -2.74000e+02
5103 -2.73000e+02
5187 -2.72000e+02
5218 -2.70000e+02
5255 -2.69000e+02
5279 -2.68000e+02
5440 -2.67000e+02
5566 -2.66000e+02
5605 -2.65000e+02
5620 -2.64000e+02
5732 -2.63000e+02
5849 -2.62000e+02
5885 -2.61000e+02
6083 -2.60000e+02
6086 -2.59000e+02
6131 -2.58000e+02
6146 -2.56000e+02
6276 -2.55000e+02
6382 -2.54000e+02
6493 -2.53000e+02
6517 -2.52000e+02
6521 -2.51000e+02
6607 -2.50000e+02
6682 -2.49000e+02
6695 -2.48000e+02
6718 -2.47000e+02
6771 -2.46000e+02
6824 -2.45000e+02
6895 -2.44000e+02
6945 -2.43000e+02
6995 -2.42000e+02
7065 -2.41000e+02
7098 -2.40000e+02
7130 -2.39000e+02
7194 -2.38000e+02
7251 -2.37000e+02
7300 -2.36000e+02
7340 -2.35000e+02
7401 -2.34000e+02
7466 -2.33000e+02
7558 -2.32000e+02
7604 -2.31000e+02
7676 -2.30000e+02
7727 -2.29000e+02
7757 -2.28000e+02
7861 -2.27000e+02
7880 -2.25000e+02
7930 -2.24000e+02
7953 -2.23000e+02
7976 -2.22000e+02
8078 -2.21000e+02
8178 -2.20000e+02
8217 -2.19000e+02
8362 -2.18000e+02
8479 -2.17000e+02
8529 -2.16000e+02
8558 -2.15000e+02
8567 -2.13000e+02
8647 -2.12000e+02
8652 -2.11000e+02
8705 -2.10000e+02
8772 -2.09000e+02
8978 -2.08000e+02
9007 -2.07000e+02
9030 -2.06000e+02
9102 -2.05000e+02
9258 -2.04000e+02
9310 -2.03000e+02
9347 -2.02000e+02
9366 -2.01000e+02
9422 -2.00000e+02
9538 -1.99000e+02
9633 -1.98000e+02
9639 -1.97000e+02
9795 -1.96000e+02
9924 -1.95000e+02
9981 -1.95000e+02
"function evaluation" "best-so-far f(x)"
1 -3.83000e+02
31 -3.82000e+02
69 -3.81000e+02
196 -3.80000e+02
224 -3.79000e+02
359 -3.78000e+02
444 -3.77000e+02
461 -3.75000e+02
504 -3.74000e+02
598 -3.73000e+02
614 -3.71000e+02
681 -3.70000e+02
750 -3.69000e+02
777 -3.68000e+02
806 -3.67000e+02
827 -3.66000e+02
836 -3.65000e+02
850 -3.64000e+02
860 -3.63000e+02
881 -3.62000e+02
939 -3.61000e+02
965 -3.60000e+02
978 -3.59000e+02
1030 -3.58000e+02
1056 -3.57000e+02
1099 -3.56000e+02
1130 -3.55000e+02
1143 -3.54000e+02
1144 -3.53000e+02
1190 -3.52000e+02
1254 -3.51000e+02
1310 -3.50000e+02
1398 -3.49000e+02
1445 -3.48000e+02
1488 -3.47000e+02
1548 -3.46000e+02
1581 -3.44000e+02
1718 -3.43000e+02
1802 -3.42000e+02
1908 -3.41000e+02
1942 -3.40000e+02
1952 -3.39000e+02
1996 -3.38000e+02
2111 -3.37000e+02
2165 -3.36000e+02
2233 -3.34000e+02
2260 -3.33000e+02
2343 -3.32000e+02
2364 -3.30000e+02
2386 -3.29000e+02
2420 -3.28000e+02
2454 -3.27000e+02
2523 -3.26000e+02
2557 -3.25000e+02
2591 -3.24000e+02
2635 -3.23000e+02
2714 -3.22000e+02
2757 -3.21000e+02
2805 -3.20000e+02
2827 -3.18000e+02
2853 -3.17000e+02
2900 -3.16000e+02
2909 -3.15000e+02
2969 -3.14000e+02
2984 -3.13000e+02
3154 -3.12000e+02
3220 -3.11000e+02
3309 -3.10000e+02
3361 -3.08000e+02
3468 -3.07000e+02
3540 -3.06000e+02
3614 -3.05000e+02
3637 -3.03000e+02
3685 -3.02000e+02
3754 -3.01000e+02
3789 -3.00000e+02
3879 -2.99000e+02
3960 -2.98000e+02
4033 -2.97000e+02
4045 -2.96000e+02
4058 -2.95000e+02
4142 -2.94000e+02
4208 -2.93000e+02
4240 -2.92000e+02
4389 -2.91000e+02
4434 -2.90000e+02
4554 -2.89000e+02
4606 -2.88000e+02
4619 -2.87000e+02
4683 -2.86000e+02
4737 -2.85000e+02
4775 -2.84000e+02
4826 -2.83000e+02
4852 -2.82000e+02
4933 -2.81000e+02
5002 -2.80000e+02
5038 -2.79000e+02
5092 -2.78000e+02
5107 -2.77000e+02
5141 -2.76000e+02
5347 -2.75000e+02
5371 -2.74000e+02
5428 -2.73000e+02
5435 -2.72000e+02
5505 -2.71000e+02
5546 -2.70000e+02
5579 -2.69000e+02
5657 -2.68000e+02
5687 -2.67000e+02
5751 -2.66000e+02
5781 -2.65000e+02
5836 -2.64000e+02
5857 -2.63000e+02
5888 -2.62000e+02
5907 -2.61000e+02
5941 -2.60000e+02
5983 -2.59000e+02
6023 -2.58000e+02
6169 -2.57000e+02
6220 -2.56000e+02
6306 -2.55000e+02
6339 -2.54000e+02
6348 -2.53000e+02
6509 -2.52000e+02
6586 -2.51000e+02
6644 -2.50000e+02
6740 -2.49000e+02
6790 -2.48000e+02
6884 -2.47000e+02
6924 -2.46000e+02
6943 -2.45000e+02
7007 -2.44000e+02
7106 -2.43000e+02
7148 -2.42000e+02
7241 -2.41000e+02
7499 -2.40000e+02
7526 -2.39000e+02
7711 -2.38000e+02
7848 -2.37000e+02
7871 -2.36000e+02
7935 -2.35000e+02
8050 -2.34000e+02
8062 -2.33000e+02
8129 -2.32000e+02
8187 -2.31000e+02
8200 -2.30000e+02
8287 -2.29000e+02
8367 -2.28000e+02
8539 -2.27000e+02
8616 -2.26000e+02
8680 -2.25000e+02
8720 -2.24000e+02
8746 -2.23000e+02
8812 -2.22000e+02
8890 -2.19000e+02
8891 -2.18000e+02
8932 -2.17000e+02
8977 -2.16000e+02
9014 -2.15000e+02
9144 -2.14000e+02
9160 -2.13000e+02
9284 -2.12000e+02
9326 -2.11000e+02
9390 -2.10000e+02
9434 -2.09000e+02
9489 -2.08000e+02
9509 -2.07000e+02
9530 -2.06000e+02
9563 -2.05000e+02
9604 -2.04000e+02
9709 -2.03000e+02
9751 -2.02000e+02
9801 -2.01000e+02
9836 -2.00000e+02
9886 -1.99000e+02
9913 -1.97000e+02
9981 -1.97000e+02
"function evaluation" "best-so-far f(x)"
1 -3.83000e+02
19 -3.82000e+02
53 -3.81000e+02
127 -3.80000e+02
205 -3.79000e+02
266 -3.78000e+02
284 -3.77000e+02
324 -3.76000e+02
358 -3.74000e+02
376 -3.73000e+02
472 -3.72000e+02
548 -3.71000e+02
598 -3.70000e+02
609 -3.69000e+02
694 -3.68000e+02
707 -3.67000e+02
758 -3.66000e+02
799 -3.65000e+02
847 -3.64000e+02
893 -3.63000e+02
950 -3.62000e+02
970 -3.60000e+02
1015 -3.59000e+02
1101 -3.58000e+02
1103 -3.57000e+02
1141 -3.56000e+02
1219 -3.55000e+02
1231 -3.54000e+02
1308 -3.53000e+02
1390 -3.52000e+02
1485 -3.51000e+02
1534 -3.50000e+02
1548 -3.49000e+02
1572 -3.48000e+02
1586 -3.47000e+02
1604 -3.46000e+02
1614 -3.45000e+02
1648 -3.44000e+02
1674 -3.43000e+02
1684 -3.42000e+02
1719 -3.41000e+02
1752 -3.40000e+02
1782 -3.38000e+02
1845 -3.37000e+02
1869 -3.36000e+02
1908 -3.35000e+02
1935 -3.34000e+02
1998 -3.33000e+02
2052 -3.32000e+02
2112 -3.31000e+02
2123 -3.30000e+02
2187 -3.29000e+02
2402 -3.28000e+02
2421 -3.27000e+02
2443 -3.26000e+02
2573 -3.24000e+02
2650 -3.23000e+02
2665 -3.22000e+02
2760 -3.21000e+02
2830 -3.19000e+02
2897 -3.18000e+02
3009 -3.17000e+02
3039 -3.16000e+02
3066 -3.15000e+02
3072 -3.14000e+02
3150 -3.13000e+02
3180 -3.12000e+02
3247 -3.11000e+02
3255 -3.10000e+02
3344 -3.09000e+02
3378 -3.08000e+02
3477 -3.07000e+02
3498 -3.06000e+02
3567 -3.05000e+02
3653 -3.04000e+02
3686 -3.03000e+02
3837 -3.02000e+02
3894 -3.01000e+02
4104 -2.99000e+02
4153 -2.98000e+02
4335 -2.97000e+02
4377 -2.96000e+02
4388 -2.95000e+02
4427 -2.94000e+02
4482 -2.93000e+02
4531 -2.92000e+02
4558 -2.91000e+02
4649 -2.90000e+02
4697 -2.89000e+02
4713 -2.88000e+02
4746 -2.87000e+02
4833 -2.86000e+02
4859 -2.85000e+02
4985 -2.84000e+02
4996 -2.83000e+02
5088 -2.82000e+02
5119 -2.81000e+02
5190 -2.80000e+02
5283 -2.79000e+02
5341 -2.78000e+02
5430 -2.77000e+02
5499 -2.76000e+02
5525 -2.75000e+02
5561 -2.73000e+02
5642 -2.72000e+02
5793 -2.70000e+02
5864 -2.69000e+02
5893 -2.68000e+02
5938 -2.67000e+02
5968 -2.66000e+02
6024 -2.65000e+02
6034 -2.64000e+02
6108 -2.63000e+02
6209 -2.62000e+02
6228 -2.61000e+02
6253 -2.60000e+02
6325 -2.59000e+02
6358 -2.58000e+02
6373 -2.57000e+02
6569 -2.56000e+02
6649 -2.55000e+02
6705 -2.54000e+02
6754 -2.53000e+02
6761 -2.52000e+02
6823 -2.51000e+02
6847 -2.50000e+02
6856 -2.49000e+02
6887 -2.48000e+02
6908 -2.47000e+02
7022 -2.46000e+02
7126 -2.45000e+02
7156 -2.44000e+02
7193 -2.43000e+02
7229 -2.42000e+02
7363 -2.41000e+02
7410 -2.40000e+02
7424 -2.39000e+02
7479 -2.38000e+02
7546 -2.37000e+02
7598 -2.36000e+02
7635 -2.35000e+02
7659 -2.34000e+02
7746 -2.33000e+02
7776 -2.32000e+02
7809 -2.31000e+02
7865 -2.30000e+02
7906 -2.29000e+02
7996 -2.28000e+02
8067 -2.27000e+02
8133 -2.26000e+02
8170 -2.25000e+02
8187 -2.24000e+02
8325 -2.23000e+02
8467 -2.22000e+02
8555 -2.21000e+02
8576 -2.20000e+02
8606 -2.19000e+02
8629 -2.18000e+02
8683 -2.17000e+02
8722 -2.16000e+02
8799 -2.15000e+02
8817 -2.14000e+02
8880 -2.13000e+02
8932 -2.12000e+02
9017 -2.11000e+02
9118 -2.10000e+02
9201 -2.09000e+02
9263 -2.08000e+02
9275 -2.07000e+02
9305 -2.06000e+02
9321 -2.05000e+02
9486 -2.04000e+02
9504 -2.03000e+02
9511 -2.02000e+02
9515 -2.01000e+02
9543 -2.00000e+02
9625 -1.99000e+02
9653 -1.98000e+02
9832 -1.97000e+02
9845 -1.96000e+02
9979 -1.95000e+02
9981 -1.95000e+02
"function evaluation" "best-so-far f(x)"
1 -3.83000e+02
30 -3.82000e+02
59 -3.80000e+02
128 -3.79000e+02
135 -3.78000e+02
182 -3.77000e+02
237 -3.76000e+02
271 -3.75000e+02
335 -3.74000e+02
344 -3.73000e+02
434 -3.71000e+02
501 -3.70000e+02
513 -3.69000e+02
528 -3.68000e+02
534 -3.67000e+02
578 -3.66000e+02
611 -3.65000e+02
654 -3.64000e+02
703 -3.63000e+02
719 -3.62000e+02
741 -3.61000e+02
778 -3.60000e+02
826 -3.59000e+02
886 -3.58000e+02
896 -3.57000e+02
913 -3.56000e+02
926 -3.55000e+02
967 -3.54000e+02
976 -3.53000e+02
1017 -3.52000e+02
1031 -3.51000e+02
1057 -3.50000e+02
1114 -3.49000e+02
1119 -3.48000e+02
1151 -3.47000e+02
1204 -3.46000e+02
1238 -3.45000e+02
1293 -3.44000e+02
1312 -3.43000e+02
1347 -3.42000e+02
1419 -3.41000e+02
1479 -3.40000e+02
1510 -3.39000e+02
1521 -3.38000e+02
1568 -3.37000e+02
1624 -3.36000e+02
1627 -3.35000e+02
1641 -3.34000e+02
1696 -3.33000e+02
1768 -3.32000e+02
1809 -3.31000e+02
1863 -3.30000e+02
1869 -3.29000e+02
1908 -3.28000e+02
1980 -3.27000e+02
2055 -3.26000e+02
2081 -3.25000e+02
2109 -3.24000e+02
2143 -3.23000e+02
2168 -3.22000e+02
2196 -3.21000e+02
2340 -3.20000e+02
2394 -3.19000e+02
2436 -3.18000e+02
2482 -3.17000e+02
2593 -3.16000e+02
2633 -3.13000e+02
2647 -3.12000e+02
2681 -3.11000e+02
2773 -3.10000e+02
2809 -3.09000e+02
2895 -3.08000e+02
2987 -3.07000e+02
3050 -3.06000e+02
3094 -3.05000e+02
3103 -3.04000e+02
3112 -3.03000e+02
3167 -3.02000e+02
3187 -3.01000e+02
3205 -3.00000e+02
3277 -2.99000e+02
3358 -2.98000e+02
3374 -2.97000e+02
3447 -2.96000e+02
3502 -2.95000e+02
3558 -2.94000e+02
3702 -2.93000e+02
3728 -2.92000e+02
3747 -2.91000e+02
3790 -2.90000e+02
3852 -2.89000e+02
3882 -2.88000e+02
3950 -2.87000e+02
3984 -2.86000e+02
4040 -2.84000e+02
4178 -2.83000e+02
4232 -2.82000e+02
4268 -2.81000e+02
4338 -2.80000e+02
4426 -2.79000e+02
4495 -2.78000e+02
4565 -2.77000e+02
4600 -2.75000e+02
4622 -2.74000e+02
4707 -2.73000e+02
4756 -2.72000e+02
4826 -2.71000e+02
4873 -2.70000e+02
4919 -2.69000e+02
4948 -2.68000e+02
5035 -2.67000e+02
5257 -2.66000e+02
5322 -2.65000e+02
5389 -2.64000e+02
5435 -2.63000e+02
5553 -2.62000e+02
5628 -2.61000e+02
5650 -2.60000e+02
5669 -2.59000e+02
5768 -2.58000e+02
5806 -2.57000e+02
5861 -2.56000e+02
5903 -2.55000e+02
5984 -2.54000e+02
6032 -2.53000e+02
6090 -2.52000e+02
6174 -2.51000e+02
6232 -2.50000e+02
6276 -2.49000e+02
6359 -2.48000e+02
6449 -2.46000e+02
6542 -2.45000e+02
6595 -2.44000e+02
6630 -2.43000e+02
6657 -2.42000e+02
6676 -2.41000e+02
6709 -2.40000e+02
6784 -2.39000e+02
6834 -2.38000e+02
6934 -2.37000e+02
6962 -2.36000e+02
7007 -2.35000e+02
7092 -2.34000e+02
7101 -2.33000e+02
7166 -2.32000e+02
7202 -2.31000e+02
7246 -2.30000e+02
7320 -2.29000e+02
7386 -2.28000e+02
7451 -2.27000e+02
7472 -2.26000e+02
7498 -2.25000e+02
7595 -2.24000e+02
7716 -2.23000e+02
7824 -2.22000e+02
7971 -2.21000e+02
8043 -2.20000e+02
8150 -2.19000e+02
8186 -2.18000e+02
8191 -2.17000e+02
8232 -2.16000e+02
8266 -2.15000e+02
8429 -2.14000e+02
8438 -2.13000e+02
8468 -2.12000e+02
8503 -2.11000e+02
8510 -2.10000e+02
8518 -2.09000e+02
8620 -2.08000e+02
8648 -2.07000e+02
8666 -2.06000e+02
8763 -2.05000e+02
8859 -2.04000e+02
8886 -2.03000e+02
8961 -2.02000e+02
9024 -2.01000e+02
9036 -2.00000e+02
9117 -1.99000e+02
9159 -1.98000e+02
9380 -1.97000e+02
9427 -1.96000e+02
9450 -1.95000e+02
9576 -1.94000e+02
9587 -1.93000e+02
9707 -1.92000e+02
9837 -1.91000e+02
9981 -1.91000e+02
"function evaluation" "best-so-far f(x)"
1 -3.83000e+02
7 -3.82000e+02
14 -3.81000e+02
48 -3.80000e+02
77 -3.79000e+02
155 -3.78000e+02
196 -3.77000e+02
290 -3.76000e+02
338 -3.75000e+02
376 -3.74000e+02
425 -3.73000e+02
467 -3.72000e+02
503 -3.71000e+02
542 -3.70000e+02
588 -3.69000e+02
596 -3.68000e+02
623 -3.67000e+02
674 -3.66000e+02
688 -3.65000e+02
741 -3.64000e+02
801 -3.63000e+02
843 -3.62000e+02
847 -3.61000e+02
857 -3.60000e+02
934 -3.59000e+02
977 -3.58000e+02
990 -3.57000e+02
1035 -3.56000e+02
1040 -3.55000e+02
1046 -3.54000e+02
1087 -3.53000e+02
1124 -3.52000e+02
1199 -3.51000e+02
1246 -3.50000e+02
1301 -3.49000e+02
1327 -3.48000e+02
1349 -3.47000e+02
1383 -3.46000e+02
1397 -3.45000e+02
1442 -3.44000e+02
1461 -3.43000e+02
1533 -3.42000e+02
1583 -3.41000e+02
1671 -3.40000e+02
1719 -3.39000e+02
1796 -3.38000e+02
1858 -3.37000e+02
1927 -3.36000e+02
2002 -3.35000e+02
2071 -3.34000e+02
2084 -3.33000e+02
2140 -3.32000e+02
2164 -3.31000e+02
2223 -3.30000e+02
2266 -3.29000e+02
2290 -3.28000e+02
2312 -3.27000e+02
2335 -3.26000e+02
2342 -3.25000e+02
2381 -3.24000e+02
2419 -3.22000e+02
2450 -3.21000e+02
2472 -3.20000e+02
2501 -3.19000e+02
2566 -3.18000e+02
2652 -3.17000e+02
2697 -3.16000e+02
2724 -3.15000e+02
2783 -3.14000e+02
2818 -3.13000e+02
2918 -3.12000e+02
2978 -3.11000e+02
3001 -3.10000e+02
3085 -3.09000e+02
3204 -3.08000e+02
3244 -3.07000e+02
3248 -3.06000e+02
3249 -3.05000e+02
3260 -3.04000e+02
3265 -3.03000e+02
3360 -3.02000e+02
3492 -3.01000e+02
3511 -3.00000e+02
3535 -2.99000e+02
3550 -2.98000e+02
3592 -2.97000e+02
3749 -2.96000e+02
3832 -2.95000e+02
3886 -2.94000e+02
3944 -2.93000e+02
4008 -2.92000e+02
4131 -2.91000e+02
4166 -2.90000e+02
4213 -2.89000e+02
4256 -2.88000e+02
4310 -2.87000e+02
4351 -2.86000e+02
4420 -2.85000e+02
4446 -2.84000e+02
4519 -2.83000e+02
4542 -2.82000e+02
4633 -2.81000e+02
4660 -2.80000e+02
4695 -2.79000e+02
4743 -2.78000e+02
4808 -2.77000e+02
4843 -2.76000e+02
4866 -2.75000e+02
4949 -2.74000e+02
4969 -2.73000e+02
4999 -2.72000e+02
5147 -2.71000e+02
5184 -2.70000e+02
5190 -2.69000e+02
5264 -2.68000e+02
5313 -2.67000e+02
5335 -2.66000e+02
5396 -2.65000e+02
5474 -2.64000e+02
5495 -2.63000e+02
5550 -2.62000e+02
5558 -2.61000e+02
5606 -2.60000e+02
5620 -2.59000e+02
5741 -2.58000e+02
5775 -2.57000e+02
5791 -2.56000e+02
6088 -2.55000e+02
6156 -2.54000e+02
6178 -2.53000e+02
6293 -2.52000e+02
6358 -2.51000e+02
6438 -2.50000e+02
6503 -2.49000e+02
6618 -2.48000e+02
6687 -2.47000e+02
6720 -2.46000e+02
6784 -2.45000e+02
6877 -2.44000e+02
6974 -2.43000e+02
7147 -2.42000e+02
7206 -2.41000e+02
7319 -2.40000e+02
7347 -2.39000e+02
7392 -2.38000e+02
7555 -2.37000e+02
7651 -2.36000e+02
7753 -2.35000e+02
7839 -2.34000e+02
7887 -2.33000e+02
7953 -2.32000e+02
7997 -2.31000e+02
8071 -2.30000e+02
8130 -2.29000e+02
8137 -2.28000e+02
8142 -2.27000e+02
8235 -2.26000e+02
8413 -2.25000e+02
8465 -2.24000e+02
8601 -2.23000e+02
8683 -2.22000e+02
8754 -2.21000e+02
8811 -2.20000e+02
8847 -2.19000e+02
8942 -2.18000e+02
9111 -2.17000e+02
9171 -2.16000e+02
9205 -2.15000e+02
9245 -2.14000e+02
9449 -2.13000e+02
9516 -2.12000e+02
9524 -2.11000e+02
9678 -2.10000e+02
9723 -2.09000e+02
9808 -2.08000e+02
9981 -2.08000e+02
"function evaluation" "best-so-far f(x)"
1 -3.83000e+02
19 -3.82000e+02
48 -3.81000e+02
159 -3.80000e+02
204 -3.79000e+02
237 -3.78000e+02
243 -3.77000e+02
249 -3.76000e+02
364 -3.75000e+02
409 -3.74000e+02
449 -3.73000e+02
482 -3.72000e+02
596 -3.71000e+02
648 -3.70000e+02
668 -3.69000e+02
671 -3.68000e+02
685 -3.67000e+02
816 -3.66000e+02
831 -3.65000e+02
856 -3.64000e+02
926 -3.63000e+02
1019 -3.62000e+02
1047 -3.61000e+02
1081 -3.60000e+02
1114 -3.59000e+02
1172 -3.58000e+02
1262 -3.56000e+02
1283 -3.55000e+02
1293 -3.54000e+02
1358 -3.53000e+02
1387 -3.52000e+02
1434 -3.51000e+02
1484 -3.50000e+02
1515 -3.49000e+02
1581 -3.48000e+02
1699 -3.47000e+02
1729 -3.46000e+02
1761 -3.45000e+02
1834 -3.44000e+02
1868 -3.43000e+02
1890 -3.42000e+02
1902 -3.41000e+02
1967 -3.40000e+02
1990 -3.39000e+02
2063 -3.38000e+02
2105 -3.37000e+02
2135 -3.36000e+02
2171 -3.35000e+02
2260 -3.34000e+02
2304 -3.33000e+02
2374 -3.32000e+02
2430 -3.31000e+02
2454 -3.30000e+02
2523 -3.29000e+02
2559 -3.28000e+02
2571 -3.27000e+02
2683 -3.26000e+02
2749 -3.25000e+02
2829 -3.24000e+02
2838 -3.23000e+02
2913 -3.22000e+02
2934 -3.21000e+02
2970 -3.20000e+02
3020 -3.19000e+02
3056 -3.18000e+02
3089 -3.17000e+02
3106 -3.16000e+02
3116 -3.15000e+02
3151 -3.14000e+02
3178 -3.13000e+02
3221 -3.12000e+02
3239 -3.11000e+02
3272 -3.10000e+02
3278 -3.09000e+02
3282 -3.08000e+02
3377 -3.07000e+02
3401 -3.06000e+02
3501 -3.05000e+02
3534 -3.04000e+02
3571 -3.03000e+02
3577 -3.02000e+02
3625 -3.01000e+02
3663 -3.00000e+02
3725 -2.99000e+02
3748 -2.98000e+02
3825 -2.97000e+02
3855 -2.96000e+02
3927 -2.95000e+02
3996 -2.94000e+02
4012 -2.93000e+02
4133 -2.92000e+02
4176 -2.91000e+02
4208 -2.90000e+02
4284 -2.89000e+02
4340 -2.88000e+02
4355 -2.87000e+02
4398 -2.86000e+02
4468 -2.85000e+02
4496 -2.84000e+02
4579 -2.83000e+02
4597 -2.82000e+02
4625 -2.81000e+02
4693 -2.80000e+02
4725 -2.79000e+02
4813 -2.78000e+02
4944 -2.77000e+02
5038 -2.76000e+02
5124 -2.75000e+02
5169 -2.74000e+02
5217 -2.73000e+02
5220 -2.72000e+02
5304 -2.71000e+02
5313 -2.70000e+02
5344 -2.69000e+02
5409 -2.68000e+02
5662 -2.67000e+02
5705 -2.66000e+02
5728 -2.65000e+02
5779 -2.64000e+02
5825 -2.63000e+02
5872 -2.62000e+02
5992 -2.61000e+02
6022 -2.60000e+02
6062 -2.59000e+02
6081 -2.58000e+02
6172 -2.57000e+02
6229 -2.56000e+02
6302 -2.55000e+02
6415 -2.54000e+02
6531 -2.53000e+02
6540 -2.52000e+02
6586 -2.51000e+02
6622 -2.50000e+02
6756 -2.49000e+02
6782 -2.48000e+02
6810 -2.47000e+02
6834 -2.46000e+02
6863 -2.45000e+02
6961 -2.43000e+02
7003 -2.42000e+02
7047 -2.41000e+02
7065 -2.40000e+02
7125 -2.39000e+02
7219 -2.38000e+02
7271 -2.37000e+02
7304 -2.36000e+02
7340 -2.35000e+02
7397 -2.34000e+02
7511 -2.33000e+02
7537 -2.32000e+02
7586 -2.31000e+02
7617 -2.30000e+02
7656 -2.29000e+02
7684 -2.27000e+02
7718 -2.25000e+02
7802 -2.24000e+02
7856 -2.23000e+02
7898 -2.22000e+02
8040 -2.21000e+02
8058 -2.20000e+02
8136 -2.19000e+02
8206 -2.18000e+02
8281 -2.17000e+02
8327 -2.16000e+02
8340 -2.15000e+02
8381 -2.14000e+02
8435 -2.13000e+02
8550 -2.12000e+02
8631 -2.11000e+02
8733 -2.10000e+02
8906 -2.09000e+02
8992 -2.08000e+02
9079 -2.07000e+02
9090 -2.06000e+02
9125 -2.05000e+02
9193 -2.04000e+02
9473 -2.03000e+02
9666 -2.02000e+02
9734 -2.01000e+02
9803 -2.00000e+02
9912 -1.99000e+02
9968 -1.98000e+02
9981 -1.98000e+02
"function evaluation" "best-so-far f(x)"
1 -3.83000e+02
2 -3.82000e+02
39 -3.81000e+02
114 -3.80000e+02
168 -3.79000e+02
192 -3.78000e+02
244 -3.77000e+02
280 -3.76000e+02
328 -3.75000e+02
344 -3.74000e+02
433 -3.73000e+02
478 -3.72000e+02
493 -3.71000e+02
540 -3.70000e+02
664 -3.69000e+02
746 -3.68000e+02
779 -3.67000e+02
908 -3.66000e+02
931 -3.65000e+02
951 -3.64000e+02
991 -3.63000e+02
1018 -3.62000e+02
1081 -3.61000e+02
1203 -3.60000e+02
1207 -3.59000e+02
1237 -3.58000e+02
1266 -3.57000e+02
1298 -3.56000e+02
1354 -3.55000e+02
1390 -3.54000e+02
1424 -3.53000e+02
1573 -3.51000e+02
1628 -3.50000e+02
1712 -3.49000e+02
1738 -3.48000e+02
1780 -3.47000e+02
1842 -3.46000e+02
1855 -3.45000e+02
1900 -3.42000e+02
1907 -3.41000e+02
1983 -3.40000e+02
2049 -3.39000e+02
2090 -3.38000e+02
2131 -3.37000e+02
2170 -3.36000e+02
2240 -3.35000e+02
2289 -3.34000e+02
2448 -3.33000e+02
2479 -3.32000e+02
2546 -3.31000e+02
2584 -3.30000e+02
2660 -3.29000e+02
2731 -3.28000e+02
2860 -3.27000e+02
2947 -3.26000e+02
2954 -3.25000e+02
3051 -3.24000e+02
3064 -3.23000e+02
3129 -3.21000e+02
3214 -3.20000e+02
3307 -3.19000e+02
3370 -3.18000e+02
3421 -3.17000e+02
3509 -3.16000e+02
3624 -3.15000e+02
3662 -3.14000e+02
3691 -3.13000e+02
3729 -3.12000e+02
3748 -3.11000e+02
3779 -3.10000e+02
3922 -3.09000e+02
4008 -3.08000e+02
4036 -3.07000e+02
4077 -3.06000e+02
4127 -3.04000e+02
4160 -3.03000e+02
4199 -3.02000e+02
4251 -3.01000e+02
4320 -3.00000e+02
4424 -2.99000e+02
4474 -2.98000e+02
4589 -2.97000e+02
4670 -2.96000e+02
4681 -2.94000e+02
4704 -2.93000e+02
4827 -2.92000e+02
4879 -2.91000e+02
4903 -2.90000e+02
4930 -2.89000e+02
4936 -2.88000e+02
4965 -2.87000e+02
4993 -2.86000e+02
5021 -2.85000e+02
5040 -2.84000e+02
5088 -2.83000e+02
5159 -2.82000e+02
5201 -2.80000e+02
5242 -2.79000e+02
5298 -2.78000e+02
5382 -2.77000e+02
5516 -2.76000e+02
5733 -2.75000e+02
5801 -2.73000e+02
5904 -2.72000e+02
5980 -2.71000e+02
6090 -2.70000e+02
6129 -2.69000e+02
6173 -2.68000e+02
6263 -2.67000e+02
6324 -2.66000e+02
6352 -2.65000e+02
6387 -2.64000e+02
6451 -2.63000e+02
6506 -2.62000e+02
6539 -2.61000e+02
6575 -2.60000e+02
6630 -2.59000e+02
6651 -2.58000e+02
6709 -2.57000e+02
6785 -2.56000e+02
6826 -2.55000e+02
6910 -2.54000e+02
6928 -2.53000e+02
7004 -2.52000e+02
7124 -2.51000e+02
7164 -2.50000e+02
7170 -2.49000e+02
7203 -2.48000e+02
7246 -2.47000e+02
7261 -2.46000e+02
7293 -2.45000e+02
7334 -2.44000e+02
7383 -2.43000e+02
7391 -2.42000e+02
7604 -2.41000e+02
7623 -2.40000e+02
7723 -2.39000e+02
7765 -2.38000e+02
7865 -2.37000e+02
7912 -2.36000e+02
8038 -2.35000e+02
8076 -2.34000e+02
8143 -2.33000e+02
8174 -2.32000e+02
8278 -2.31000e+02
8287 -2.30000e+02
8345 -2.29000e+02
8361 -2.28000e+02
8403 -2.27000e+02
8463 -2.26000e+02
8500 -2.25000e+02
8527 -2.24000e+02
8546 -2.23000e+02
8627 -2.22000e+02
8685 -2.21000e+02
8689 -2.20000e+02
8742 -2.19000e+02
8774 -2.18000e+02
8779 -2.17000e+02
8925 -2.16000e+02
8972 -2.15000e+02
9027 -2.14000e+02
9075 -2.13000e+02
9111 -2.12000e+02
9122 -2.11000e+02
9145 -2.10000e+02
9171 -2.09000e+02
9190 -2.08000e+02
9278 -2.07000e+02
9303 -2.06000e+02
9341 -2.05000e+02
9387 -2.04000e+02
9427 -2.03000e+02
9472 -2.02000e+02
9501 -2.01000e+02
9556 -2.00000e+02
9674 -1.99000e+02
9735 -1.98000e+02
9784 -1.97000e+02
9895 -1.96000e+02
9970 -1.95000e+02
9981 -1.94000e+02
"function evaluation" "best-so-far f(x)"
1 -3.83000e+02
4 -3.82000e+02
36 -3.81000e+02
90 -3.80000e+02
114 -3.79000e+02
191 -3.78000e+02
227 -3.77000e+02
247 -3.76000e+02
298 -3.75000e+02
313 -3.74000e+02
323 -3.73000e+02
384 -3.72000e+02
432 -3.71000e+02
443 -3.70000e+02
531 -3.69000e+02
559 -3.68000e+02
562 -3.67000e+02
618 -3.66000e+02
644 -3.64000e+02
658 -3.63000e+02
693 -3.62000e+02
770 -3.61000e+02
794 -3.60000e+02
796 -3.59000e+02
804 -3.58000e+02
957 -3.57000e+02
1001 -3.56000e+02
1023 -3.55000e+02
1085 -3.54000e+02
1110 -3.53000e+02
1209 -3.52000e+02
1274 -3.51000e+02
1299 -3.49000e+02
1314 -3.48000e+02
1347 -3.47000e+02
1430 -3.45000e+02
1480 -3.44000e+02
1491 -3.43000e+02
1581 -3.42000e+02
1611 -3.41000e+02
1638 -3.40000e+02
1683 -3.39000e+02
1760 -3.38000e+02
1780 -3.37000e+02
1808 -3.36000e+02
1832 -3.35000e+02
1847 -3.34000e+02
1919 -3.33000e+02
1999 -3.32000e+02
2099 -3.31000e+02
2121 -3.30000e+02
2148 -3.29000e+02
2166 -3.28000e+02
2171 -3.27000e+02
2185 -3.26000e+02
2194 -3.25000e+02
2257 -3.24000e+02
2266 -3.23000e+02
2405 -3.22000e+02
2408 -3.21000e+02
2416 -3.20000e+02
2466 -3.19000e+02
2514 -3.18000e+02
2580 -3.17000e+02
2613 -3.16000e+02
2649 -3.15000e+02
2679 -3.14000e+02
2683 -3.13000e+02
2814 -3.12000e+02
2895 -3.11000e+02
2917 -3.10000e+02
2984 -3.09000e+02
3032 -3.08000e+02
3087 -3.07000e+02
3123 -3.06000e+02
3219 -3.05000e+02
3301 -3.04000e+02
3353 -3.03000e+02
3355 -3.02000e+02
3384 -3.01000e+02
3530 -3.00000e+02
3613 -2.99000e+02
3646 -2.98000e+02
3679 -2.97000e+02
3761 -2.96000e+02
3855 -2.95000e+02
3899 -2.94000e+02
3956 -2.93000e+02
4083 -2.92000e+02
4229 -2.91000e+02
4254 -2.90000e+02
4264 -2.89000e+02
4372 -2.88000e+02
4455 -2.87000e+02
4491 -2.86000e+02
4554 -2.85000e+02
4571 -2.84000e+02
4605 -2.83000e+02
4707 -2.82000e+02
4751 -2.81000e+02
4782 -2.80000e+02
4798 -2.79000e+02
4831 -2.78000e+02
4838 -2.77000e+02
4878 -2.76000e+02
4928 -2.75000e+02
5003 -2.74000e+02
5018 -2.73000e+02
5076 -2.72000e+02
5126 -2.71000e+02
5143 -2.70000e+02
5195 -2.69000e+02
5320 -2.68000e+02
5373 -2.67000e+02
5413 -2.66000e+02
5494 -2.65000e+02
5554 -2.64000e+02
5579 -2.63000e+02
5626 -2.62000e+02
5643 -2.61000e+02
5748 -2.60000e+02
5813 -2.59000e+02
5858 -2.58000e+02
5909 -2.57000e+02
5925 -2.56000e+02
5974 -2.55000e+02
5996 -2.54000e+02
6073 -2.53000e+02
6147 -2.52000e+02
6176 -2.51000e+02
6329 -2.50000e+02
6414 -2.49000e+02
6446 -2.48000e+02
6489 -2.47000e+02
6539 -2.46000e+02
6571 -2.45000e+02
6614 -2.44000e+02
6710 -2.43000e+02
6774 -2.42000e+02
6822 -2.41000e+02
6876 -2.40000e+02
6917 -2.39000e+02
6961 -2.38000e+02
6987 -2.37000e+02
7007 -2.36000e+02
7151 -2.35000e+02
7185 -2.34000e+02
7423 -2.33000e+02
7471 -2.32000e+02
7632 -2.30000e+02
7704 -2.29000e+02
7775 -2.28000e+02
7833 -2.27000e+02
7897 -2.26000e+02
7966 -2.25000e+02
8095 -2.24000e+02
8202 -2.23000e+02
8280 -2.22000e+02
8405 -2.21000e+02
8445 -2.20000e+02
8473 -2.19000e+02
8527 -2.18000e+02
8595 -2.17000e+02
8694 -2.16000e+02
8702 -2.15000e+02
8825 -2.14000e+02
8952 -2.13000e+02
9048 -2.12000e+02
9086 -2.11000e+02
9144 -2.10000e+02
9164 -2.09000e+02
9202 -2.08000e+02
9212 -2.07000e+02
9284 -2.06000e+02
9328 -2.05000e+02
9411 -2.04000e+02
9476 -2.03000e+02
9524 -2.02000e+02
9582 -2.01000e+02
9593 -2.00000e+02
9620 -1.99000e+02
9741 -1.98000e+02
9766 -1.97000e+02
9814 -1.96000e+02
9910 -1.95000e+02
9981 -1.95000e+02
"function evaluation" "best-so-far f(x)"
1 -3.83000e+02
52 -3.82000e+02
107 -3.81000e+02
194 -3.80000e+02
310 -3.79000e+02
350 -3.77000e+02
389 -3.76000e+02
433 -3.75000e+02
436 -3.74000e+02
489 -3.73000e+02
522 -3.72000e+02
622 -3.71000e+02
655 -3.70000e+02
673 -3.69000e+02
707 -3.68000e+02
779 -3.67000e+02
857 -3.66000e+02
930 -3.65000e+02
955 -3.64000e+02
973 -3.63000e+02
993 -3.62000e+02
1014 -3.61000e+02
1116 -3.60000e+02
1123 -3.59000e+02
1166 -3.57000e+02
1283 -3.56000e+02
1323 -3.55000e+02
1401 -3.54000e+02
1413 -3.53000e+02
1481 -3.52000e+02
1547 -3.50000e+02
1673 -3.49000e+02
1675 -3.48000e+02
1740 -3.47000e+02
1757 -3.46000e+02
1768 -3.45000e+02
1783 -3.44000e+02
1802 -3.43000e+02
1841 -3.42000e+02
1931 -3.41000e+02
2031 -3.40000e+02
2073 -3.39000e+02
2162 -3.38000e+02
2200 -3.37000e+02
2267 -3.36000e+02
2297 -3.35000e+02
2326 -3.34000e+02
2391 -3.33000e+02
2419 -3.32000e+02
2466 -3.31000e+02
2501 -3.30000e+02
2550 -3.28000e+02
2695 -3.27000e+02
2726 -3.26000e+02
2770 -3.25000e+02
2966 -3.24000e+02
3018 -3.23000e+02
3114 -3.21000e+02
3220 -3.20000e+02
3341 -3.19000e+02
3376 -3.18000e+02
3377 -3.17000e+02
3411 -3.16000e+02
3422 -3.14000e+02
3439 -3.13000e+02
3519 -3.12000e+02
3546 -3.11000e+02
3584 -3.10000e+02
3643 -3.09000e+02
3665 -3.08000e+02
3716 -3.07000e+02
3776 -3.06000e+02
3797 -3.05000e+02
3813 -3.04000e+02
3832 -3.03000e+02
3902 -3.02000e+02
3931 -3.01000e+02
3989 -3.00000e+02
4028 -2.99000e+02
4063 -2.98000e+02
4164 -2.97000e+02
4211 -2.96000e+02
4258 -2.95000e+02
4280 -2.94000e+02
4472 -2.93000e+02
4530 -2.92000e+02
4533 -2.91000e+02
4601 -2.90000e+02
4644 -2.89000e+02
4691 -2.88000e+02
4739 -2.87000e+02
4788 -2.86000e+02
4852 -2.85000e+02
4864 -2.84000e+02
4910 -2.83000e+02
4954 -2.82000e+02
5030 -2.81000e+02
5074 -2.80000e+02
5134 -2.79000e+02
5190 -2.78000e+02
5215 -2.77000e+02
5264 -2.76000e+02
5334 -2.75000e+02
5363 -2.74000e+02
5482 -2.73000e+02
5532 -2.72000e+02
5658 -2.71000e+02
5702 -2.70000e+02
5804 -2.69000e+02
5825 -2.68000e+02
5877 -2.67000e+02
5915 -2.66000e+02
5995 -2.65000e+02
6047 -2.64000e+02
6142 -2.63000e+02
6153 -2.62000e+02
6195 -2.61000e+02
6265 -2.60000e+02
6352 -2.59000e+02
6472 -2.58000e+02
6509 -2.57000e+02
6722 -2.56000e+02
6725 -2.55000e+02
6770 -2.54000e+02
6813 -2.53000e+02
6843 -2.52000e+02
6868 -2.51000e+02
6902 -2.50000e+02
6921 -2.49000e+02
6996 -2.48000e+02
7138 -2.47000e+02
7226 -2.46000e+02
7365 -2.45000e+02
7500 -2.44000e+02
7558 -2.43000e+02
7622 -2.42000e+02
7690 -2.41000e+02
7735 -2.40000e+02
7772 -2.39000e+02
7805 -2.38000e+02
7817 -2.37000e+02
7987 -2.36000e+02
8119 -2.35000e+02
8144 -2.34000e+02
8151 -2.33000e+02
8209 -2.32000e+02
8270 -2.31000e+02
8372 -2.30000e+02
8432 -2.29000e+02
8538 -2.28000e+02
8550 -2.27000e+02
8570 -2.26000e+02
8581 -2.25000e+02
8627 -2.24000e+02
8682 -2.23000e+02
8696 -2.22000e+02
8749 -2.21000e+02
8790 -2.20000e+02
8810 -2.19000e+02
9012 -2.18000e+02
9110 -2.17000e+02
9230 -2.16000e+02
9285 -2.15000e+02
9404 -2.13000e+02
9506 -2.12000e+02
9652 -2.11000e+02
9667 -2.10000e+02
9720 -2.09000e+02
9844 -2.08000e+02
9892 -2.07000e+02
9954 -2.06000e+02
9981 -2.06000e+02
"function evaluation" "best-so-far f(x)"
1 -3.83000e+02
5 -3.82000e+02
35 -3.81000e+02
55 -3.80000e+02
101 -3.79000e+02
130 -3.78000e+02
175 -3.77000e+02
229 -3.76000e+02
271 -3.75000e+02
313 -3.74000e+02
340 -3.73000e+02
360 -3.72000e+02
373 -3.71000e+02
442 -3.70000e+02
516 -3.69000e+02
544 -3.68000e+02
586 -3.66000e+02
614 -3.65000e+02
670 -3.64000e+02
745 -3.63000e+02
867 -3.62000e+02
893 -3.61000e+02
1052 -3.60000e+02
1086 -3.59000e+02
1128 -3.58000e+02
1165 -3.57000e+02
1170 -3.56000e+02
1197 -3.55000e+02
1243 -3.54000e+02
1345 -3.53000e+02
1505 -3.52000e+02
1588 -3.51000e+02
1618 -3.50000e+02
1666 -3.49000e+02
1703 -3.48000e+02
1726 -3.47000e+02
1816 -3.46000e+02
1828 -3.45000e+02
1859 -3.44000e+02
1869 -3.43000e+02
1962 -3.42000e+02
2005 -3.41000e+02
2065 -3.40000e+02
2104 -3.39000e+02
2120 -3.36000e+02
2128 -3.35000e+02
2146 -3.34000e+02
2221 -3.33000e+02
2251 -3.32000e+02
2335 -3.31000e+02
2374 -3.30000e+02
2384 -3.29000e+02
2405 -3.28000e+02
2435 -3.27000e+02
2502 -3.26000e+02
2526 -3.25000e+02
2604 -3.24000e+02
2671 -3.23000e+02
2694 -3.22000e+02
2775 -3.21000e+02
2792 -3.20000e+02
2877 -3.19000e+02
2895 -3.18000e+02
3073 -3.17000e+02
3107 -3.16000e+02
3151 -3.15000e+02
3171 -3.14000e+02
3213 -3.13000e+02
3245 -3.12000e+02
3315 -3.11000e+02
3368 -3.10000e+02
3410 -3.09000e+02
3488 -3.08000e+02
3512 -3.07000e+02
3603 -3.06000e+02
3719 -3.05000e+02
3796 -3.04000e+02
3830 -3.03000e+02
3875 -3.02000e+02
3919 -3.01000e+02
3937 -3.00000e+02
3984 -2.99000e+02
4058 -2.98000e+02
4098 -2.97000e+02
4127 -2.96000e+02
4230 -2.95000e+02
4234 -2.94000e+02
4249 -2.93000e+02
4385 -2.92000e+02
4440 -2.91000e+02
4523 -2.90000e+02
4573 -2.89000e+02
4599 -2.88000e+02
4691 -2.86000e+02
4735 -2.85000e+02
4811 -2.84000e+02
4830 -2.83000e+02
4860 -2.82000e+02
4872 -2.81000e+02
4949 -2.80000e+02
4989 -2.79000e+02
4991 -2.78000e+02
5029 -2.77000e+02
5103 -2.76000e+02
5124 -2.75000e+02
5187 -2.74000e+02
5266 -2.73000e+02
5323 -2.72000e+02
5352 -2.71000e+02
5395 -2.70000e+02
5495 -2.69000e+02
5531 -2.68000e+02
5569 -2.67000e+02
5651 -2.66000e+02
5757 -2.65000e+02
5851 -2.64000e+02
5897 -2.63000e+02
5928 -2.62000e+02
6001 -2.60000e+02
6079 -2.59000e+02
6151 -2.58000e+02
6199 -2.57000e+02
6223 -2.56000e+02
6272 -2.55000e+02
6401 -2.54000e+02
6470 -2.53000e+02
6569 -2.52000e+02
6633 -2.51000e+02
6635 -2.50000e+02
6694 -2.49000e+02
6746 -2.48000e+02
6840 -2.47000e+02
6875 -2.46000e+02
6963 -2.45000e+02
7012 -2.44000e+02
7093 -2.43000e+02
7108 -2.42000e+02
7152 -2.41000e+02
7197 -2.40000e+02
7212 -2.39000e+02
7431 -2.38000e+02
7504 -2.37000e+02
7581 -2.36000e+02
7594 -2.35000e+02
7644 -2.34000e+02
7689 -2.33000e+02
7800 -2.32000e+02
7873 -2.31000e+02
7961 -2.30000e+02
8039 -2.29000e+02
8047 -2.28000e+02
8265 -2.27000e+02
8329 -2.26000e+02
8375 -2.25000e+02
8402 -2.24000e+02
8511 -2.23000e+02
8512 -2.22000e+02
8539 -2.21000e+02
8625 -2.20000e+02
8683 -2.19000e+02
8724 -2.18000e+02
8756 -2.17000e+02
8897 -2.16000e+02
8956 -2.15000e+02
8994 -2.14000e+02
9055 -2.13000e+02
9157 -2.12000e+02
9193 -2.11000e+02
9257 -2.10000e+02
9364 -2.09000e+02
9431 -2.08000e+02
9549 -2.07000e+02
9578 -2.06000e+02
9676 -2.05000e+02
9761 -2.04000e+02
9812 -2.03000e+02
9895 -2.02000e+02
9981 -2.02000e+02
"function evaluation" "best-so-far f(x)"
1 -3.83000e+02
59 -3.82000e+02
72 -3.81000e+02
137 -3.80000e+02
244 -3.79000e+02
311 -3.78000e+02
357 -3.77000e+02
384 -3.76000e+02
472 -3.75000e+02
526 -3.74000e+02
544 -3.73000e+02
564 -3.72000e+02
638 -3.71000e+02
673 -3.70000e+02
679 -3.69000e+02
704 -3.68000e+02
754 -3.67000e+02
804 -3.66000e+02
841 -3.65000e+02
961 -3.64000e+02
1044 -3.63000e+02
1137 -3.62000e+02
1267 -3.61000e+02
1315 -3.60000e+02
1324 -3.59000e+02
1360 -3.58000e+02
1383 -3.57000e+02
1415 -3.56000e+02
1447 -3.55000e+02
1459 -3.54000e+02
1483 -3.53000e+02
1599 -3.52000e+02
1653 -3.50000e+02
1753 -3.49000e+02
1813 -3.48000e+02
1915 -3.47000e+02
1972 -3.46000e+02
2073 -3.45000e+02
2113 -3.44000e+02
2162 -3.43000e+02
2208 -3.42000e+02
2370 -3.41000e+02
2414 -3.40000e+02
2558 -3.39000e+02
2696 -3.38000e+02
2750 -3.37000e+02
2795 -3.36000e+02
2798 -3.35000e+02
2819 -3.34000e+02
2942 -3.33000e+02
3003 -3.32000e+02
3020 -3.31000e+02
3107 -3.30000e+02
3140 -3.29000e+02
3174 -3.28000e+02
3199 -3.27000e+02
3272 -3.26000e+02
3316 -3.25000e+02
3423 -3.24000e+02
3501 -3.23000e+02
3506 -3.22000e+02
3548 -3.21000e+02
3627 -3.20000e+02
3661 -3.19000e+02
3684 -3.18000e+02
3752 -3.17000e+02
3811 -3.16000e+02
3842 -3.15000e+02
3877 -3.14000e+02
3908 -3.13000e+02
3938 -3.12000e+02
4021 -3.11000e+02
4071 -3.10000e+02
4117 -3.09000e+02
4269 -3.08000e+02
4413 -3.06000e+02
4425 -3.05000e+02
4437 -3.04000e+02
4535 -3.03000e+02
4598 -3.02000e+02
4651 -3.01000e+02
4714 -3.00000e+02
4780 -2.99000e+02
4804 -2.98000e+02
4872 -2.97000e+02
4937 -2.96000e+02
4960 -2.95000e+02
5067 -2.94000e+02
5136 -2.93000e+02
5165 -2.92000e+02
5224 -2.91000e+02
5303 -2.90000e+02
5331 -2.89000e+02
5364 -2.88000e+02
5389 -2.87000e+02
5457 -2.86000e+02
5529 -2.85000e+02
5576 -2.84000e+02
5642 -2.83000e+02
5663 -2.82000e+02
5690 -2.81000e+02
5755 -2.80000e+02
5862 -2.79000e+02
5903 -2.78000e+02
5959 -2.77000e+02
5985 -2.76000e+02
6072 -2.75000e+02
6097 -2.74000e+02
6217 -2.73000e+02
6241 -2.72000e+02
6261 -2.71000e+02
6278 -2.70000e+02
6515 -2.69000e+02
6569 -2.68000e+02
6624 -2.67000e+02
6675 -2.66000e+02
6676 -2.65000e+02
6741 -2.64000e+02
6757 -2.63000e+02
6826 -2.62000e+02
6922 -2.61000e+02
7001 -2.60000e+02
7058 -2.59000e+02
7092 -2.58000e+02
7124 -2.57000e+02
7156 -2.56000e+02
7176 -2.55000e+02
7200 -2.54000e+02
7245 -2.53000e+02
7268 -2.52000e+02
7302 -2.51000e+02
7475 -2.50000e+02
7551 -2.49000e+02
7583 -2.48000e+02
7617 -2.47000e+02
7649 -2.46000e+02
7672 -2.45000e+02
7692 -2.44000e+02
7727 -2.43000e+02
7775 -2.42000e+02
7840 -2.41000e+02
7878 -2.40000e+02
7897 -2.39000e+02
7920 -2.38000e+02
8004 -2.37000e+02
8041 -2.36000e+02
8073 -2.35000e+02
8126 -2.34000e+02
8191 -2.33000e+02
8261 -2.32000e+02
8294 -2.31000e+02
8381 -2.30000e+02
8416 -2.29000e+02
8452 -2.28000e+02
8497 -2.27000e+02
8627 -2.26000e+02
8628 -2.25000e+02
8669 -2.24000e+02
8757 -2.23000e+02
8855 -2.22000e+02
8925 -2.21000e+02
8933 -2.20000e+02
8992 -2.19000e+02
9019 -2.18000e+02
9071 -2.17000e+02
9094 -2.16000e+02
9131 -2.15000e+02
9272 -2.14000e+02
9306 -2.13000e+02
9384 -2.12000e+02
9477 -2.11000e+02
9541 -2.10000e+02
9593 -2.09000e+02
9637 -2.08000e+02
9649 -2.06000e+02
9650 -2.04000e+02
9665 -2.03000e+02
9822 -2.02000e+02
9864 -2.01000e+02
9901 -2.00000e+02
9975 -1.99000e+02
9981 -1.99000e+02
"function evaluation" "best-so-far f(x)"
1 -3.83000e+02
61 -3.82000e+02
92 -3.81000e+02
152 -3.80000e+02
189 -3.79000e+02
245 -3.78000e+02
308 -3.77000e+02
313 -3.76000e+02
410 -3.75000e+02
461 -3.74000e+02
481 -3.73000e+02
510 -3.72000e+02
559 -3.71000e+02
603 -3.70000e+02
633 -3.69000e+02
656 -3.68000e+02
696 -3.67000e+02
712 -3.66000e+02
757 -3.65000e+02
774 -3.64000e+02
818 -3.63000e+02
823 -3.62000e+02
840 -3.61000e+02
872 -3.60000e+02
947 -3.58000e+02
1023 -3.57000e+02
1153 -3.56000e+02
1199 -3.55000e+02
1299 -3.54000e+02
1305 -3.53000e+02
1339 -3.52000e+02
1464 -3.51000e+02
1494 -3.50000e+02
1554 -3.48000e+02
1581 -3.47000e+02
1595 -3.46000e+02
1688 -3.45000e+02
1744 -3.44000e+02
1834 -3.43000e+02
1890 -3.41000e+02
1902 -3.40000e+02
1934 -3.38000e+02
1952 -3.37000e+02
2002 -3.36000e+02
2035 -3.35000e+02
2076 -3.34000e+02
2224 -3.33000e+02
2288 -3.32000e+02
2390 -3.31000e+02
2448 -3.30000e+02
2483 -3.29000e+02
2538 -3.28000e+02
2558 -3.27000e+02
2615 -3.26000e+02
2643 -3.25000e+02
2682 -3.24000e+02
2765 -3.23000e+02
2803 -3.22000e+02
2823 -3.21000e+02
2838 -3.20000e+02
2841 -3.19000e+02
2849 -3.18000e+02
2931 -3.17000e+02
2964 -3.16000e+02
2984 -3.15000e+02
3004 -3.14000e+02
3029 -3.13000e+02
3083 -3.12000e+02
3156 -3.11000e+02
3216 -3.10000e+02
3229 -3.09000e+02
3285 -3.08000e+02
3301 -3.07000e+02
3380 -3.06000e+02
3390 -3.05000e+02
3468 -3.04000e+02
3523 -3.03000e+02
3538 -3.02000e+02
3556 -3.01000e+02
3714 -3.00000e+02
3772 -2.99000e+02
3810 -2.98000e+02
3839 -2.97000e+02
3896 -2.96000e+02
3903 -2.95000e+02
4000 -2.94000e+02
4007 -2.92000e+02
4049 -2.91000e+02
4076 -2.90000e+02
4141 -2.89000e+02
4202 -2.88000e+02
4245 -2.87000e+02
4282 -2.86000e+02
4367 -2.85000e+02
4425 -2.84000e+02
4583 -2.83000e+02
4758 -2.82000e+02
4837 -2.81000e+02
4847 -2.80000e+02
4868 -2.79000e+02
4926 -2.78000e+02
4992 -2.77000e+02
5072 -2.76000e+02
5118 -2.75000e+02
5164 -2.74000e+02
5222 -2.72000e+02
5264 -2.71000e+02
5314 -2.70000e+02
5330 -2.69000e+02
5480 -2.68000e+02
5572 -2.67000e+02
5641 -2.66000e+02
5683 -2.65000e+02
5753 -2.64000e+02
5861 -2.63000e+02
5996 -2.62000e+02
6045 -2.61000e+02
6061 -2.60000e+02
6112 -2.59000e+02
6133 -2.57000e+02
6162 -2.56000e+02
6259 -2.55000e+02
6304 -2.54000e+02
6314 -2.53000e+02
6368 -2.52000e+02
6427 -2.51000e+02
6462 -2.50000e+02
6507 -2.49000e+02
6556 -2.48000e+02
6634 -2.47000e+02
6697 -2.46000e+02
6714 -2.45000e+02
6791 -2.44000e+02
6889 -2.43000e+02
6968 -2.42000e+02
7015 -2.41000e+02
7017 -2.40000e+02
7022 -2.39000e+02
7077 -2.38000e+02
7112 -2.37000e+02
7190 -2.36000e+02
7191 -2.35000e+02
7218 -2.34000e+02
7256 -2.33000e+02
7271 -2.32000e+02
7345 -2.31000e+02
7358 -2.30000e+02
7427 -2.29000e+02
7576 -2.28000e+02
7733 -2.27000e+02
7840 -2.26000e+02
7961 -2.25000e+02
8009 -2.23000e+02
8105 -2.22000e+02
8203 -2.21000e+02
8254 -2.20000e+02
8280 -2.19000e+02
8282 -2.18000e+02
8357 -2.17000e+02
8387 -2.16000e+02
8407 -2.15000e+02
8488 -2.14000e+02
8550 -2.13000e+02
8621 -2.12000e+02
8641 -2.11000e+02
8660 -2.10000e+02
8708 -2.09000e+02
8782 -2.08000e+02
8933 -2.07000e+02
9036 -2.06000e+02
9088 -2.05000e+02
9126 -2.04000e+02
9153 -2.03000e+02
9183 -2.02000e+02
9204 -2.01000e+02
9233 -2.00000e+02
9246 -1.99000e+02
9286 -1.98000e+02
9358 -1.97000e+02
9510 -1.96000e+02
9565 -1.95000e+02
9575 -1.94000e+02
9615 -1.93000e+02
9670 -1.92000e+02
9717 -1.91000e+02
9785 -1.90000e+02
9812 -1.89000e+02
9877 -1.88000e+02
9981 -1.88000e+02
