"function evaluation" "best-so-far f(x)"
1 -3.03000e+02
6 -3.02000e+02
59 -3.01000e+02
81 -3.00000e+02
100 -2.99000e+02
133 -2.98000e+02
165 -2.97000e+02
254 -2.96000e+02
282 -2.95000e+02
327 -2.94000e+02
393 -2.93000e+02
400 -2.92000e+02
417 -2.91000e+02
493 -2.90000e+02
518 -2.89000e+02
648 -2.88000e+02
694 -2.87000e+02
767 -2.86000e+02
806 -2.85000e+02
944 -2.84000e+02
1106 -2.83000e+02
1189 -2.82000e+02
1212 -2.81000e+02
1324 -2.80000e+02
1420 -2.78000e+02
1515 -2.77000e+02
1546 -2.76000e+02
1722 -2.75000e+02
1729 -2.74000e+02
1750 -2.73000e+02
1802 -2.72000e+02
1814 -2.71000e+02
1824 -2.70000e+02
1842 -2.69000e+02
1946 -2.68000e+02
2002 -2.67000e+02
2058 -2.66000e+02
2138 -2.65000e+02
2292 -2.64000e+02
2319 -2.63000e+02
2385 -2.62000e+02
2467 -2.61000e+02
2535 -2.60000e+02
2625 -2.59000e+02
2705 -2.58000e+02
2916 -2.57000e+02
2927 -2.56000e+02
2999 -2.55000e+02
3040 -2.54000e+02
3087 -2.53000e+02
3204 -2.52000e+02
3238 -2.51000e+02
3309 -2.50000e+02
3374 -2.49000e+02
3377 -2.48000e+02
3408 -2.47000e+02
3417 -2.46000e+02
3460 -2.45000e+02
3499 -2.44000e+02
3529 -2.43000e+02
3581 -2.42000e+02
3599 -2.41000e+02
3647 -2.40000e+02
3706 -2.39000e+02
3804 -2.38000e+02
3828 -2.37000e+02
3864 -2.36000e+02
4017 -2.35000e+02
4048 -2.34000e+02
4090 -2.33000e+02
4194 -2.32000e+02
4249 -2.31000e+02
4251 -2.30000e+02
4267 -2.29000e+02
4320 -2.28000e+02
4341 -2.27000e+02
4345 -2.26000e+02
4358 -2.25000e+02
4416 -2.23000e+02
4531 -2.22000e+02
4606 -2.21000e+02
4709 -2.20000e+02
4781 -2.19000e+02
4874 -2.18000e+02
5012 -2.17000e+02
5053 -2.16000e+02
5083 -2.15000e+02
5112 -2.14000e+02
5150 -2.13000e+02
5233 -2.12000e+02
5285 -2.10000e+02
5325 -2.09000e+02
5379 -2.08000e+02
5410 -2.07000e+02
5468 -2.06000e+02
5563 -2.05000e+02
5580 -2.04000e+02
5628 -2.03000e+02
5700 -2.02000e+02
5742 -2.01000e+02
5793 -2.00000e+02
5824 -1.99000e+02
5881 -1.98000e+02
5898 -1.97000e+02
5963 -1.96000e+02
6018 -1.95000e+02
6105 -1.94000e+02
6181 -1.93000e+02
6394 -1.92000e+02
6531 -1.91000e+02
6631 -1.90000e+02
6720 -1.89000e+02
6722 -1.88000e+02
6770 -1.87000e+02
6847 -1.86000e+02
6877 -1.85000e+02
6998 -1.84000e+02
7142 -1.83000e+02
7144 -1.82000e+02
7262 -1.81000e+02
7269 -1.80000e+02
7288 -1.79000e+02
7310 -1.78000e+02
7349 -1.77000e+02
7412 -1.76000e+02
7479 -1.75000e+02
7560 -1.74000e+02
7590 -1.73000e+02
7718 -1.72000e+02
7812 -1.71000e+02
7909 -1.70000e+02
7985 -1.69000e+02
8014 -1.68000e+02
8095 -1.67000e+02
8264 -1.66000e+02
8294 -1.65000e+02
8362 -1.64000e+02
8453 -1.63000e+02
8535 -1.62000e+02
8586 -1.61000e+02
8632 -1.60000e+02
8680 -1.59000e+02
8736 -1.58000e+02
8754 -1.57000e+02
8861 -1.56000e+02
8914 -1.55000e+02
8995 -1.54000e+02
9137 -1.53000e+02
9173 -1.52000e+02
9260 -1.51000e+02
9324 -1.50000e+02
9416 -1.49000e+02
9455 -1.47000e+02
9484 -1.46000e+02
9592 -1.45000e+02
9753 -1.44000e+02
9812 -1.43000e+02
9973 -1.42000e+02
9981 -1.42000e+02
"function evaluation" "best-so-far f(x)"
1 -3.03000e+02
35 -3.02000e+02
142 -3.01000e+02
212 -3.00000e+02
257 -2.99000e+02
321 -2.98000e+02
354 -2.97000e+02
363 -2.96000e+02
524 -2.95000e+02
599 -2.94000e+02
612 -2.93000e+02
662 -2.92000e+02
680 -2.91000e+02
711 -2.90000e+02
719 -2.89000e+02
771 -2.88000e+02
819 -2.87000e+02
877 -2.86000e+02
953 -2.85000e+02
1031 -2.83000e+02
1034 -2.82000e+02
1094 -2.81000e+02
1123 -2.80000e+02
1207 -2.78000e+02
1263 -2.77000e+02
1306 -2.75000e+02
1388 -2.74000e+02
1423 -2.73000e+02
1446 -2.72000e+02
1463 -2.71000e+02
1526 -2.70000e+02
1545 -2.69000e+02
1616 -2.68000e+02
1717 -2.66000e+02
1766 -2.65000e+02
1792 -2.64000e+02
1823 -2.63000e+02
1895 -2.61000e+02
1906 -2.60000e+02
1961 -2.59000e+02
2014 -2.58000e+02
2030 -2.57000e+02
2111 -2.56000e+02
2176 -2.55000e+02
2244 -2.54000e+02
2258 -2.53000e+02
2327 -2.52000e+02
2362 -2.51000e+02
2452 -2.50000e+02
2479 -2.49000e+02
2608 -2.48000e+02
2635 -2.47000e+02
2758 -2.46000e+02
2787 -2.45000e+02
2840 -2.44000e+02
2891 -2.43000e+02
2910 -2.42000e+02
2917 -2.41000e+02
3043 -2.40000e+02
3105 -2.39000e+02
3185 -2.38000e+02
3251 -2.37000e+02
3253 -2.36000e+02
3276 -2.35000e+02
3288 -2.34000e+02
3289 -2.33000e+02
3332 -2.32000e+02
3391 -2.31000e+02
3547 -2.30000e+02
3657 -2.29000e+02
3688 -2.28000e+02
3745 -2.27000e+02
3791 -2.26000e+02
3837 -2.25000e+02
3858 -2.24000e+02
4019 -2.23000e+02
4128 -2.22000e+02
4136 -2.21000e+02
4207 -2.20000e+02
4266 -2.19000e+02
4303 -2.18000e+02
4326 -2.17000e+02
4502 -2.16000e+02
4543 -2.15000e+02
4704 -2.14000e+02
4795 -2.13000e+02
4846 -2.12000e+02
4851 -2.11000e+02
4852 -2.10000e+02
4884 -2.09000e+02
5177 -2.07000e+02
5203 -2.06000e+02
5209 -2.05000e+02
5213 -2.04000e+02
5253 -2.03000e+02
5297 -2.02000e+02
5391 -2.01000e+02
5516 -2.00000e+02
5527 -1.99000e+02
5659 -1.98000e+02
5826 -1.97000e+02
5929 -1.96000e+02
6061 -1.95000e+02
6091 -1.94000e+02
6117 -1.93000e+02
6120 -1.92000e+02
6233 -1.91000e+02
6296 -1.90000e+02
6328 -1.89000e+02
6386 -1.88000e+02
6418 -1.87000e+02
6528 -1.86000e+02
6600 -1.85000e+02
6710 -1.84000e+02
6715 -1.83000e+02
6797 -1.82000e+02
6871 -1.81000e+02
6973 -1.80000e+02
7033 -1.79000e+02
7140 -1.78000e+02
7184 -1.77000e+02
7370 -1.76000e+02
7442 -1.75000e+02
7542 -1.74000e+02
7610 -1.73000e+02
7699 -1.72000e+02
7784 -1.71000e+02
7867 -1.70000e+02
7901 -1.69000e+02
8057 -1.68000e+02
8106 -1.67000e+02
8158 -1.66000e+02
8162 -1.65000e+02
8214 -1.64000e+02
8299 -1.63000e+02
8325 -1.62000e+02
8376 -1.61000e+02
8392 -1.60000e+02
8502 -1.59000e+02
8667 -1.58000e+02
8771 -1.57000e+02
8863 -1.56000e+02
8891 -1.55000e+02
9009 -1.54000e+02
9075 -1.53000e+02
9094 -1.52000e+02
9187 -1.51000e+02
9213 -1.50000e+02
9314 -1.49000e+02
9367 -1.48000e+02
9418 -1.46000e+02
9560 -1.45000e+02
9641 -1.44000e+02
9694 -1.43000e+02
9709 -1.42000e+02
9759 -1.41000e+02
9769 -1.40000e+02
9804 -1.39000e+02
9851 -1.38000e+02
9918 -1.37000e+02
9956 -1.36000e+02
9969 -1.35000e+02
9981 -1.35000e+02
"function evaluation" "best-so-far f(x)"
1 -3.03000e+02
17 -3.02000e+02
84 -3.01000e+02
114 -3.00000e+02
123 -2.99000e+02
134 -2.98000e+02
150 -2.97000e+02
274 -2.96000e+02
341 -2.94000e+02
395 -2.93000e+02
428 -2.92000e+02
449 -2.91000e+02
527 -2.90000e+02
567 -2.89000e+02
627 -2.88000e+02
696 -2.87000e+02
710 -2.85000e+02
762 -2.84000e+02
801 -2.83000e+02
859 -2.82000e+02
986 -2.81000e+02
988 -2.80000e+02
1094 -2.79000e+02
1217 -2.78000e+02
1225 -2.77000e+02
1365 -2.76000e+02
1372 -2.75000e+02
1419 -2.74000e+02
1477 -2.73000e+02
1495 -2.71000e+02
1524 -2.69000e+02
1573 -2.68000e+02
1632 -2.67000e+02
1678 -2.66000e+02
1710 -2.65000e+02
1774 -2.64000e+02
1848 -2.63000e+02
1925 -2.62000e+02
1936 -2.61000e+02
1998 -2.60000e+02
2038 -2.59000e+02
2060 -2.58000e+02
2075 -2.57000e+02
2129 -2.56000e+02
2134 -2.55000e+02
2213 -2.54000e+02
2307 -2.53000e+02
2366 -2.52000e+02
2422 -2.51000e+02
2437 -2.50000e+02
2472 -2.49000e+02
2556 -2.48000e+02
2721 -2.47000e+02
2771 -2.46000e+02
2928 -2.45000e+02
2932 -2.44000e+02
2955 -2.43000e+02
2961 -2.42000e+02
2980 -2.41000e+02
3070 -2.40000e+02
3146 -2.39000e+02
3191 -2.38000e+02
3206 -2.37000e+02
3272 -2.36000e+02
3367 -2.35000e+02
3445 -2.34000e+02
3497 -2.33000e+02
3532 -2.32000e+02
3592 -2.31000e+02
3665 -2.30000e+02
3681 -2.29000e+02
3716 -2.28000e+02
3738 -2.27000e+02
3849 -2.26000e+02
3866 -2.25000e+02
3897 -2.24000e+02
3962 -2.23000e+02
4029 -2.22000e+02
4128 -2.21000e+02
4181 -2.20000e+02
4271 -2.19000e+02
4319 -2.18000e+02
4334 -2.17000e+02
4354 -2.16000e+02
4505 -2.15000e+02
4545 -2.13000e+02
4568 -2.11000e+02
4696 -2.10000e+02
4821 -2.09000e+02
4862 -2.08000e+02
5015 -2.07000e+02
5046 -2.06000e+02
5238 -2.05000e+02
5303 -2.04000e+02
5350 -2.03000e+02
5377 -2.02000e+02
5442 -2.01000e+02
5485 -2.00000e+02
5546 -1.99000e+02
5633 -1.98000e+02
5653 -1.97000e+02
5693 -1.96000e+02
5782 -1.95000e+02
5809 -1.94000e+02
5825 -1.93000e+02
5904 -1.92000e+02
6089 -1.91000e+02
6153 -1.90000e+02
6170 -1.89000e+02
6190 -1.88000e+02
6246 -1.87000e+02
6250 -1.86000e+02
6297 -1.85000e+02
6327 -1.84000e+02
6355 -1.83000e+02
6380 -1.82000e+02
6646 -1.81000e+02
6670 -1.80000e+02
6728 -1.79000e+02
6803 -1.78000e+02
6852 -1.77000e+02
6951 -1.76000e+02
7043 -1.75000e+02
7196 -1.74000e+02
7214 -1.73000e+02
7237 -1.72000e+02
7359 -1.71000e+02
7431 -1.70000e+02
7462 -1.69000e+02
7548 -1.68000e+02
7573 -1.67000e+02
7681 -1.66000e+02
7731 -1.65000e+02
7793 -1.63000e+02
7921 -1.62000e+02
8012 -1.61000e+02
8108 -1.60000e+02
8217 -1.59000e+02
8279 -1.58000e+02
8300 -1.57000e+02
8364 -1.56000e+02
8517 -1.55000e+02
8589 -1.54000e+02
8621 -1.53000e+02
8732 -1.52000e+02
8762 -1.51000e+02
8769 -1.50000e+02
8898 -1.49000e+02
9002 -1.48000e+02
9063 -1.47000e+02
9111 -1.46000e+02
9172 -1.45000e+02
9196 -1.44000e+02
9334 -1.43000e+02
9499 -1.42000e+02
9500 -1.41000e+02
9548 -1.40000e+02
9661 -1.38000e+02
9689 -1.37000e+02
9860 -1.36000e+02
9885 -1.35000e+02
9967 -1.34000e+02
9981 -1.34000e+02
"function evaluation" "best-so-far f(x)"
1 -3.03000e+02
6 -3.01000e+02
124 -3.00000e+02
144 -2.99000e+02
200 -2.98000e+02
237 -2.97000e+02
331 -2.96000e+02
352 -2.95000e+02
394 -2.94000e+02
417 -2.93000e+02
445 -2.92000e+02
487 -2.91000e+02
505 -2.90000e+02
598 -2.89000e+02
669 -2.88000e+02
721 -2.87000e+02
781 -2.86000e+02
784 -2.85000e+02
885 -2.84000e+02
888 -2.83000e+02
1004 -2.82000e+02
1025 -2.81000e+02
1055 -2.80000e+02
1084 -2.79000e+02
1159 -2.78000e+02
1249 -2.77000e+02
1314 -2.76000e+02
1353 -2.75000e+02
1363 -2.74000e+02
1502 -2.73000e+02
1541 -2.72000e+02
1588 -2.71000e+02
1666 -2.70000e+02
1722 -2.69000e+02
1792 -2.68000e+02
1835 -2.67000e+02
1929 -2.66000e+02
1968 -2.65000e+02
2021 -2.64000e+02
2139 -2.63000e+02
2149 -2.62000e+02
2157 -2.61000e+02
2182 -2.60000e+02
2216 -2.59000e+02
2253 -2.58000e+02
2294 -2.57000e+02
2354 -2.56000e+02
2405 -2.55000e+02
2439 -2.54000e+02
2494 -2.53000e+02
2548 -2.52000e+02
2596 -2.51000e+02
2678 -2.50000e+02
2733 -2.48000e+02
2792 -2.47000e+02
2826 -2.46000e+02
2842 -2.45000e+02
2862 -2.44000e+02
2932 -2.43000e+02
3092 -2.42000e+02
3200 -2.41000e+02
3230 -2.40000e+02
3248 -2.39000e+02
3297 -2.38000e+02
3329 -2.37000e+02
3330 -2.36000e+02
3384 -2.35000e+02
3386 -2.34000e+02
3402 -2.33000e+02
3460 -2.32000e+02
3465 -2.31000e+02
3530 -2.30000e+02
3668 -2.29000e+02
3757 -2.28000e+02
3843 -2.27000e+02
3941 -2.26000e+02
4014 -2.25000e+02
4145 -2.24000e+02
4176 -2.23000e+02
4263 -2.22000e+02
4321 -2.21000e+02
4389 -2.20000e+02
4417 -2.18000e+02
4497 -2.17000e+02
4611 -2.16000e+02
4724 -2.15000e+02
4752 -2.14000e+02
4813 -2.13000e+02
4860 -2.12000e+02
5022 -2.11000e+02
5243 -2.10000e+02
5360 -2.09000e+02
5450 -2.08000e+02
5460 -2.07000e+02
5534 -2.06000e+02
5572 -2.05000e+02
5603 -2.04000e+02
5681 -2.03000e+02
5744 -2.02000e+02
5759 -2.01000e+02
5764 -2.00000e+02
5801 -1.99000e+02
5860 -1.98000e+02
5949 -1.97000e+02
6024 -1.95000e+02
6054 -1.94000e+02
6075 -1.93000e+02
6154 -1.92000e+02
6306 -1.91000e+02
6327 -1.90000e+02
6395 -1.89000e+02
6557 -1.88000e+02
6642 -1.87000e+02
6708 -1.86000e+02
6757 -1.85000e+02
6916 -1.84000e+02
6956 -1.83000e+02
7012 -1.82000e+02
7065 -1.81000e+02
7131 -1.80000e+02
7243 -1.79000e+02
7317 -1.78000e+02
7355 -1.77000e+02
7441 -1.76000e+02
7568 -1.75000e+02
7618 -1.74000e+02
7698 -1.73000e+02
7778 -1.72000e+02
7792 -1.71000e+02
7804 -1.70000e+02
7835 -1.69000e+02
7842 -1.68000e+02
7847 -1.67000e+02
7879 -1.66000e+02
7955 -1.65000e+02
8059 -1.64000e+02
8144 -1.63000e+02
8244 -1.62000e+02
8347 -1.61000e+02
8362 -1.60000e+02
8402 -1.59000e+02
8448 -1.58000e+02
8487 -1.57000e+02
8503 -1.56000e+02
8592 -1.55000e+02
8595 -1.54000e+02
8718 -1.53000e+02
8764 -1.52000e+02
9012 -1.51000e+02
9121 -1.50000e+02
9203 -1.49000e+02
9477 -1.48000e+02
9686 -1.47000e+02
9794 -1.46000e+02
9915 -1.45000e+02
9981 -1.45000e+02
"function evaluation" "best-so-far f(x)"
1 -3.03000e+02
65 -3.02000e+02
162 -3.01000e+02
178 -3.00000e+02
225 -2.99000e+02
266 -2.98000e+02
299 -2.96000e+02
309 -2.94000e+02
310 -2.93000e+02
384 -2.92000e+02
407 -2.91000e+02
460 -2.90000e+02
462 -2.89000e+02
482 -2.88000e+02
541 -2.87000e+02
582 -2.86000e+02
705 -2.85000e+02
743 -2.84000e+02
785 -2.83000e+02
860 -2.82000e+02
910 -2.80000e+02
912 -2.79000e+02
1005 -2.78000e+02
1077 -2.77000e+02
1226 -2.76000e+02
1397 -2.75000e+02
1449 -2.73000e+02
1485 -2.72000e+02
1534 -2.70000e+02
1586 -2.69000e+02
1621 -2.68000e+02
1774 -2.67000e+02
1856 -2.66000e+02
1989 -2.65000e+02
2064 -2.64000e+02
2097 -2.63000e+02
2141 -2.62000e+02
2169 -2.61000e+02
2203 -2.60000e+02
2261 -2.59000e+02
2300 -2.58000e+02
2365 -2.57000e+02
2436 -2.56000e+02
2462 -2.54000e+02
2562 -2.53000e+02
2596 -2.52000e+02
2651 -2.51000e+02
2668 -2.50000e+02
2716 -2.49000e+02
2830 -2.47000e+02
2837 -2.46000e+02
2914 -2.45000e+02
2944 -2.44000e+02
2957 -2.43000e+02
3089 -2.42000e+02
3150 -2.41000e+02
3178 -2.40000e+02
3203 -2.39000e+02
3277 -2.38000e+02
3284 -2.37000e+02
3285 -2.36000e+02
3325 -2.35000e+02
3387 -2.34000e+02
3480 -2.33000e+02
3536 -2.32000e+02
3550 -2.31000e+02
3596 -2.30000e+02
3610 -2.29000e+02
3628 -2.28000e+02
3745 -2.27000e+02
3777 -2.26000e+02
3779 -2.25000e+02
3845 -2.24000e+02
3871 -2.23000e+02
4045 -2.22000e+02
4065 -2.21000e+02
4145 -2.20000e+02
4248 -2.19000e+02
4262 -2.18000e+02
4315 -2.17000e+02
4347 -2.16000e+02
4579 -2.15000e+02
4601 -2.14000e+02
4644 -2.13000e+02
4712 -2.12000e+02
4764 -2.11000e+02
4880 -2.10000e+02
4959 -2.09000e+02
4983 -2.08000e+02
5005 -2.07000e+02
5280 -2.06000e+02
5356 -2.05000e+02
5454 -2.04000e+02
5506 -2.03000e+02
5573 -2.02000e+02
5703 -2.01000e+02
5856 -2.00000e+02
5947 -1.99000e+02
5995 -1.98000e+02
6047 -1.97000e+02
6078 -1.96000e+02
6081 -1.95000e+02
6108 -1.94000e+02
6148 -1.93000e+02
6239 -1.92000e+02
6309 -1.91000e+02
6333 -1.90000e+02
6372 -1.89000e+02
6437 -1.88000e+02
6555 -1.87000e+02
6713 -1.85000e+02
6727 -1.84000e+02
6799 -1.83000e+02
6840 -1.82000e+02
6881 -1.81000e+02
6935 -1.80000e+02
6949 -1.79000e+02
6984 -1.77000e+02
7019 -1.76000e+02
7066 -1.75000e+02
7123 -1.74000e+02
7191 -1.73000e+02
7267 -1.72000e+02
7357 -1.71000e+02
7416 -1.70000e+02
7550 -1.69000e+02
7597 -1.68000e+02
7626 -1.67000e+02
7658 -1.66000e+02
7768 -1.65000e+02
7797 -1.64000e+02
7823 -1.63000e+02
8273 -1.62000e+02
8393 -1.61000e+02
8544 -1.60000e+02
8565 -1.59000e+02
8683 -1.58000e+02
8867 -1.57000e+02
8954 -1.56000e+02
8980 -1.55000e+02
9076 -1.54000e+02
9163 -1.52000e+02
9202 -1.51000e+02
9276 -1.50000e+02
9375 -1.49000e+02
9405 -1.48000e+02
9532 -1.47000e+02
9677 -1.46000e+02
9801 -1.45000e+02
9981 -1.45000e+02
"function evaluation" "best-so-far f(x)"
1 -3.03000e+02
53 -3.02000e+02
104 -3.01000e+02
111 -3.00000e+02
175 -2.99000e+02
187 -2.98000e+02
362 -2.97000e+02
414 -2.96000e+02
430 -2.95000e+02
462 -2.94000e+02
482 -2.93000e+02
488 -2.92000e+02
529 -2.91000e+02
582 -2.90000e+02
701 -2.89000e+02
778 -2.88000e+02
791 -2.87000e+02
801 -2.86000e+02
830 -2.85000e+02
950 -2.84000e+02
1001 -2.83000e+02
1017 -2.82000e+02
1057 -2.81000e+02
1090 -2.80000e+02
1116 -2.79000e+02
1257 -2.78000e+02
1289 -2.77000e+02
1319 -2.76000e+02
1322 -2.75000e+02
1330 -2.74000e+02
1414 -2.73000e+02
1554 -2.72000e+02
1565 -2.71000e+02
1670 -2.70000e+02
1725 -2.69000e+02
1834 -2.68000e+02
1880 -2.67000e+02
1955 -2.66000e+02
2017 -2.65000e+02
2021 -2.64000e+02
2062 -2.63000e+02
2068 -2.61000e+02
2109 -2.60000e+02
2168 -2.59000e+02
2221 -2.58000e+02
2253 -2.57000e+02
2266 -2.56000e+02
2271 -2.55000e+02
2302 -2.54000e+02
2334 -2.53000e+02
2383 -2.52000e+02
2516 -2.51000e+02
2553 -2.50000e+02
2596 -2.49000e+02
2639 -2.48000e+02
2744 -2.47000e+02
2745 -2.46000e+02
2750 -2.45000e+02
2755 -2.44000e+02
2758 -2.43000e+02
2819 -2.42000e+02
3034 -2.41000e+02
3108 -2.40000e+02
3137 -2.39000e+02
3199 -2.38000e+02
3216 -2.37000e+02
3259 -2.36000e+02
3269 -2.35000e+02
3346 -2.33000e+02
3402 -2.32000e+02
3408 -2.31000e+02
3431 -2.30000e+02
3458 -2.29000e+02
3515 -2.28000e+02
3656 -2.27000e+02
3671 -2.26000e+02
3743 -2.25000e+02
3825 -2.24000e+02
3880 -2.23000e+02
3886 -2.22000e+02
3987 -2.21000e+02
4021 -2.20000e+02
4097 -2.19000e+02
4218 -2.18000e+02
4361 -2.17000e+02
4443 -2.16000e+02
4487 -2.15000e+02
4544 -2.14000e+02
4571 -2.13000e+02
4646 -2.12000e+02
4709 -2.11000e+02
4749 -2.10000e+02
4854 -2.09000e+02
4910 -2.08000e+02
4973 -2.07000e+02
4999 -2.06000e+02
5076 -2.05000e+02
5083 -2.04000e+02
5115 -2.03000e+02
5148 -2.02000e+02
5186 -2.01000e+02
5331 -2.00000e+02
5409 -1.99000e+02
5412 -1.98000e+02
5463 -1.97000e+02
5507 -1.96000e+02
5714 -1.95000e+02
5752 -1.94000e+02
5796 -1.93000e+02
5897 -1.92000e+02
5953 -1.91000e+02
6049 -1.90000e+02
6103 -1.89000e+02
6204 -1.88000e+02
6369 -1.87000e+02
6409 -1.86000e+02
6519 -1.85000e+02
6597 -1.84000e+02
6730 -1.83000e+02
6758 -1.82000e+02
6813 -1.81000e+02
6849 -1.80000e+02
6877 -1.79000e+02
7056 -1.78000e+02
7123 -1.77000e+02
7155 -1.76000e+02
7229 -1.75000e+02
7230 -1.74000e+02
7285 -1.73000e+02
7332 -1.72000e+02
7439 -1.71000e+02
7459 -1.70000e+02
7513 -1.69000e+02
7609 -1.68000e+02
7632 -1.67000e+02
7683 -1.66000e+02
7734 -1.65000e+02
7791 -1.63000e+02
8057 -1.62000e+02
8113 -1.61000e+02
8130 -1.60000e+02
8187 -1.59000e+02
8291 -1.58000e+02
8511 -1.57000e+02
8567 -1.56000e+02
8675 -1.54000e+02
8785 -1.53000e+02
8822 -1.52000e+02
8904 -1.51000e+02
9078 -1.50000e+02
9165 -1.49000e+02
9193 -1.48000e+02
9269 -1.47000e+02
9306 -1.46000e+02
9635 -1.45000e+02
9878 -1.44000e+02
9981 -1.44000e+02
"function evaluation" "best-so-far f(x)"
1 -3.03000e+02
3 -3.02000e+02
32 -3.01000e+02
120 -3.00000e+02
158 -2.99000e+02
207 -2.98000e+02
271 -2.97000e+02
407 -2.96000e+02
468 -2.94000e+02
531 -2.93000e+02
619 -2.92000e+02
630 -2.91000e+02
693 -2.90000e+02
770 -2.89000e+02
790 -2.88000e+02
851 -2.87000e+02
934 -2.86000e+02
986 -2.85000e+02
1034 -2.84000e+02
1071 -2.83000e+02
1124 -2.82000e+02
1204 -2.81000e+02
1215 -2.80000e+02
1234 -2.79000e+02
1291 -2.78000e+02
1299 -2.77000e+02
1323 -2.76000e+02
1370 -2.75000e+02
1499 -2.74000e+02
1579 -2.73000e+02
1695 -2.71000e+02
1765 -2.70000e+02
1807 -2.69000e+02
1819 -2.68000e+02
1836 -2.67000e+02
1991 -2.66000e+02
2036 -2.65000e+02
2113 -2.64000e+02
2175 -2.63000e+02
2259 -2.62000e+02
2270 -2.61000e+02
2369 -2.60000e+02
2398 -2.59000e+02
2573 -2.58000e+02
2585 -2.56000e+02
2614 -2.55000e+02
2681 -2.54000e+02
2708 -2.53000e+02
2736 -2.51000e+02
2774 -2.50000e+02
2795 -2.49000e+02
2820 -2.48000e+02
2832 -2.47000e+02
2918 -2.46000e+02
2943 -2.45000e+02
2998 -2.44000e+02
3103 -2.43000e+02
3164 -2.42000e+02
3281 -2.41000e+02
3333 -2.40000e+02
3496 -2.39000e+02
3521 -2.38000e+02
3639 -2.37000e+02
3663 -2.36000e+02
3681 -2.35000e+02
3692 -2.34000e+02
3833 -2.33000e+02
3885 -2.32000e+02
3989 -2.31000e+02
4064 -2.30000e+02
4102 -2.29000e+02
4148 -2.28000e+02
4181 -2.27000e+02
4235 -2.26000e+02
4333 -2.25000e+02
4364 -2.24000e+02
4440 -2.23000e+02
4448 -2.22000e+02
4630 -2.21000e+02
4671 -2.20000e+02
4705 -2.18000e+02
4764 -2.17000e+02
4781 -2.16000e+02
4958 -2.15000e+02
5015 -2.14000e+02
5049 -2.13000e+02
5083 -2.12000e+02
5173 -2.11000e+02
5283 -2.10000e+02
5329 -2.09000e+02
5369 -2.08000e+02
5427 -2.07000e+02
5483 -2.06000e+02
5571 -2.05000e+02
5604 -2.04000e+02
5627 -2.03000e+02
5722 -2.02000e+02
5948 -2.01000e+02
5963 -2.00000e+02
6018 -1.99000e+02
6079 -1.98000e+02
6123 -1.97000e+02
6264 -1.96000e+02
6370 -1.95000e+02
6528 -1.94000e+02
6657 -1.93000e+02
6725 -1.92000e+02
6880 -1.91000e+02
6924 -1.90000e+02
6995 -1.89000e+02
7021 -1.88000e+02
7030 -1.86000e+02
7037 -1.85000e+02
7127 -1.84000e+02
7334 -1.83000e+02
7505 -1.82000e+02
7577 -1.81000e+02
7640 -1.80000e+02
7653 -1.79000e+02
7807 -1.78000e+02
7903 -1.77000e+02
7956 -1.76000e+02
8000 -1.75000e+02
8021 -1.74000e+02
8061 -1.73000e+02
8286 -1.72000e+02
8330 -1.71000e+02
8363 -1.70000e+02
8373 -1.69000e+02
8405 -1.68000e+02
8580 -1.67000e+02
8658 -1.66000e+02
8728 -1.65000e+02
8765 -1.63000e+02
8865 -1.62000e+02
8979 -1.61000e+02
9058 -1.60000e+02
9149 -1.58000e+02
9256 -1.57000e+02
9329 -1.56000e+02
9340 -1.55000e+02
9696 -1.54000e+02
9771 -1.53000e+02
9890 -1.52000e+02
9981 -1.52000e+02
"function evaluation" "best-so-far f(x)"
1 -3.03000e+02
35 -3.02000e+02
116 -3.01000e+02
163 -3.00000e+02
261 -2.99000e+02
316 -2.98000e+02
360 -2.97000e+02
392 -2.96000e+02
478 -2.95000e+02
482 -2.94000e+02
557 -2.93000e+02
603 -2.92000e+02
674 -2.91000e+02
679 -2.90000e+02
748 -2.89000e+02
777 -2.88000e+02
808 -2.87000e+02
967 -2.86000e+02
1035 -2.85000e+02
1090 -2.84000e+02
1104 -2.83000e+02
1212 -2.82000e+02
1237 -2.81000e+02
1254 -2.80000e+02
1391 -2.79000e+02
1475 -2.78000e+02
1544 -2.77000e+02
1715 -2.76000e+02
1741 -2.75000e+02
1818 -2.74000e+02
1838 -2.73000e+02
1851 -2.72000e+02
1899 -2.71000e+02
1944 -2.70000e+02
2007 -2.69000e+02
2011 -2.68000e+02
2057 -2.67000e+02
2101 -2.66000e+02
2154 -2.65000e+02
2221 -2.64000e+02
2307 -2.63000e+02
2326 -2.62000e+02
2356 -2.60000e+02
2369 -2.59000e+02
2421 -2.58000e+02
2469 -2.57000e+02
2561 -2.55000e+02
2579 -2.54000e+02
2612 -2.53000e+02
2715 -2.52000e+02
2791 -2.51000e+02
2840 -2.50000e+02
2892 -2.49000e+02
2916 -2.48000e+02
2927 -2.47000e+02
3006 -2.46000e+02
3009 -2.45000e+02
3065 -2.44000e+02
3130 -2.43000e+02
3142 -2.42000e+02
3149 -2.41000e+02
3229 -2.40000e+02
3349 -2.39000e+02
3422 -2.38000e+02
3471 -2.37000e+02
3488 -2.36000e+02
3642 -2.35000e+02
3708 -2.34000e+02
3857 -2.33000e+02
3860 -2.32000e+02
3889 -2.31000e+02
3917 -2.30000e+02
3970 -2.29000e+02
4028 -2.28000e+02
4178 -2.27000e+02
4235 -2.26000e+02
4293 -2.25000e+02
4399 -2.24000e+02
4442 -2.23000e+02
4511 -2.22000e+02
4544 -2.21000e+02
4645 -2.20000e+02
4696 -2.19000e+02
4780 -2.18000e+02
4794 -2.17000e+02
4832 -2.16000e+02
4879 -2.15000e+02
4900 -2.14000e+02
4909 -2.13000e+02
4943 -2.12000e+02
5030 -2.11000e+02
5118 -2.10000e+02
5262 -2.09000e+02
5282 -2.08000e+02
5315 -2.07000e+02
5435 -2.06000e+02
5515 -2.05000e+02
5567 -2.04000e+02
5613 -2.03000e+02
5673 -2.01000e+02
5726 -2.00000e+02
5775 -1.99000e+02
5802 -1.98000e+02
5962 -1.97000e+02
6030 -1.96000e+02
6079 -1.95000e+02
6083 -1.94000e+02
6127 -1.93000e+02
6191 -1.92000e+02
6273 -1.91000e+02
6330 -1.90000e+02
6419 -1.89000e+02
6450 -1.88000e+02
6471 -1.86000e+02
6488 -1.85000e+02
6558 -1.84000e+02
6576 -1.83000e+02
6596 -1.82000e+02
6634 -1.81000e+02
6838 -1.80000e+02
6912 -1.79000e+02
6945 -1.78000e+02
7047 -1.77000e+02
7121 -1.76000e+02
7262 -1.75000e+02
7313 -1.74000e+02
7342 -1.73000e+02
7401 -1.72000e+02
7454 -1.71000e+02
7485 -1.70000e+02
7521 -1.69000e+02
7615 -1.68000e+02
7905 -1.67000e+02
7935 -1.66000e+02
7992 -1.65000e+02
8014 -1.64000e+02
8065 -1.63000e+02
8112 -1.62000e+02
8153 -1.61000e+02
8209 -1.60000e+02
8222 -1.59000e+02
8269 -1.58000e+02
8348 -1.57000e+02
8494 -1.56000e+02
8506 -1.55000e+02
8572 -1.54000e+02
8764 -1.53000e+02
8994 -1.52000e+02
9109 -1.51000e+02
9150 -1.50000e+02
9176 -1.48000e+02
9306 -1.47000e+02
9529 -1.46000e+02
9571 -1.45000e+02
9615 -1.44000e+02
9697 -1.43000e+02
9777 -1.42000e+02
9842 -1.41000e+02
9952 -1.40000e+02
9981 -1.40000e+02
"function evaluation" "best-so-far f(x)"
1 -3.03000e+02
7 -3.01000e+02
32 -3.00000e+02
101 -2.99000e+02
136 -2.98000e+02
198 -2.97000e+02
217 -2.96000e+02
253 -2.94000e+02
258 -2.93000e+02
331 -2.92000e+02
443 -2.90000e+02
555 -2.89000e+02
592 -2.88000e+02
628 -2.87000e+02
667 -2.86000e+02
700 -2.85000e+02
738 -2.84000e+02
743 -2.83000e+02
812 -2.82000e+02
878 -2.81000e+02
968 -2.80000e+02
1017 -2.79000e+02
1046 -2.78000e+02
1052 -2.77000e+02
1057 -2.76000e+02
1092 -2.75000e+02
1099 -2.73000e+02
1159 -2.72000e+02
1193 -2.71000e+02
1278 -2.70000e+02
1451 -2.69000e+02
1507 -2.68000e+02
1555 -2.67000e+02
1583 -2.66000e+02
1628 -2.65000e+02
1676 -2.64000e+02
1783 -2.62000e+02
1827 -2.61000e+02
1840 -2.60000e+02
1927 -2.59000e+02
1987 -2.58000e+02
2007 -2.57000e+02
2059 -2.56000e+02
2065 -2.55000e+02
2117 -2.54000e+02
2210 -2.53000e+02
2245 -2.52000e+02
2326 -2.51000e+02
2369 -2.50000e+02
2371 -2.47000e+02
2394 -2.46000e+02
2436 -2.45000e+02
2569 -2.44000e+02
2610 -2.43000e+02
2687 -2.42000e+02
2720 -2.41000e+02
2748 -2.39000e+02
2803 -2.38000e+02
2859 -2.37000e+02
2981 -2.36000e+02
3107 -2.35000e+02
3112 -2.34000e+02
3147 -2.33000e+02
3234 -2.32000e+02
3292 -2.31000e+02
3375 -2.30000e+02
3410 -2.29000e+02
3411 -2.28000e+02
3537 -2.27000e+02
3579 -2.26000e+02
3630 -2.25000e+02
3730 -2.24000e+02
3745 -2.23000e+02
3779 -2.22000e+02
3782 -2.21000e+02
3824 -2.20000e+02
3954 -2.19000e+02
4050 -2.18000e+02
4080 -2.17000e+02
4099 -2.16000e+02
4202 -2.15000e+02
4311 -2.14000e+02
4347 -2.13000e+02
4380 -2.12000e+02
4418 -2.11000e+02
4464 -2.10000e+02
4517 -2.09000e+02
4523 -2.08000e+02
4569 -2.07000e+02
4619 -2.06000e+02
4680 -2.05000e+02
4737 -2.04000e+02
4924 -2.03000e+02
5053 -2.01000e+02
5156 -2.00000e+02
5280 -1.99000e+02
5296 -1.98000e+02
5346 -1.97000e+02
5434 -1.96000e+02
5490 -1.95000e+02
5536 -1.94000e+02
5604 -1.93000e+02
5672 -1.92000e+02
5703 -1.91000e+02
5769 -1.90000e+02
5864 -1.89000e+02
6000 -1.87000e+02
6062 -1.86000e+02
6090 -1.84000e+02
6132 -1.83000e+02
6200 -1.82000e+02
6236 -1.81000e+02
6242 -1.80000e+02
6354 -1.79000e+02
6422 -1.78000e+02
6492 -1.77000e+02
6517 -1.76000e+02
6540 -1.75000e+02
6692 -1.74000e+02
6727 -1.73000e+02
6781 -1.71000e+02
6789 -1.70000e+02
6845 -1.69000e+02
6884 -1.68000e+02
6921 -1.67000e+02
7045 -1.66000e+02
7356 -1.65000e+02
7378 -1.64000e+02
7451 -1.63000e+02
7500 -1.62000e+02
7530 -1.61000e+02
7581 -1.60000e+02
7598 -1.59000e+02
7599 -1.58000e+02
7628 -1.57000e+02
7677 -1.56000e+02
7680 -1.55000e+02
7709 -1.54000e+02
7723 -1.53000e+02
7780 -1.52000e+02
7909 -1.51000e+02
7959 -1.50000e+02
8035 -1.49000e+02
8179 -1.48000e+02
8337 -1.47000e+02
8353 -1.46000e+02
8410 -1.45000e+02
8548 -1.44000e+02
8600 -1.43000e+02
8755 -1.42000e+02
8787 -1.41000e+02
8866 -1.40000e+02
9119 -1.39000e+02
9200 -1.38000e+02
9294 -1.37000e+02
9323 -1.36000e+02
9379 -1.35000e+02
9688 -1.34000e+02
9896 -1.33000e+02
9981 -1.33000e+02
"function evaluation" "best-so-far f(x)"
1 -3.03000e+02
7 -3.02000e+02
62 -3.01000e+02
89 -3.00000e+02
153 -2.99000e+02
234 -2.98000e+02
269 -2.97000e+02
322 -2.96000e+02
364 -2.95000e+02
413 -2.94000e+02
449 -2.93000e+02
565 -2.92000e+02
666 -2.91000e+02
685 -2.90000e+02
729 -2.89000e+02
796 -2.88000e+02
828 -2.86000e+02
981 -2.85000e+02
988 -2.84000e+02
1012 -2.83000e+02
1044 -2.82000e+02
1080 -2.81000e+02
1131 -2.80000e+02
1194 -2.79000e+02
1244 -2.78000e+02
1284 -2.77000e+02
1397 -2.76000e+02
1443 -2.75000e+02
1530 -2.74000e+02
1549 -2.73000e+02
1664 -2.72000e+02
1822 -2.71000e+02
1893 -2.70000e+02
1918 -2.69000e+02
1991 -2.68000e+02
2031 -2.67000e+02
2076 -2.66000e+02
2134 -2.64000e+02
2146 -2.63000e+02
2240 -2.62000e+02
2269 -2.61000e+02
2308 -2.60000e+02
2322 -2.58000e+02
2440 -2.57000e+02
2511 -2.56000e+02
2534 -2.55000e+02
2573 -2.54000e+02
2588 -2.53000e+02
2701 -2.52000e+02
2719 -2.51000e+02
2761 -2.50000e+02
2817 -2.49000e+02
2898 -2.48000e+02
2948 -2.47000e+02
3089 -2.46000e+02
3198 -2.45000e+02
3201 -2.44000e+02
3335 -2.43000e+02
3395 -2.42000e+02
3428 -2.41000e+02
3552 -2.39000e+02
3678 -2.38000e+02
3743 -2.37000e+02
3792 -2.36000e+02
3873 -2.35000e+02
3975 -2.34000e+02
3995 -2.33000e+02
4015 -2.32000e+02
4078 -2.31000e+02
4106 -2.30000e+02
4276 -2.29000e+02
4327 -2.28000e+02
4338 -2.27000e+02
4411 -2.26000e+02
4448 -2.25000e+02
4464 -2.24000e+02
4523 -2.23000e+02
4618 -2.22000e+02
4686 -2.21000e+02
4751 -2.20000e+02
4800 -2.19000e+02
4845 -2.17000e+02
4913 -2.16000e+02
4945 -2.15000e+02
4991 -2.14000e+02
5011 -2.13000e+02
5056 -2.11000e+02
5075 -2.10000e+02
5111 -2.09000e+02
5424 -2.08000e+02
5510 -2.07000e+02
5541 -2.06000e+02
5626 -2.04000e+02
5702 -2.03000e+02
5791 -2.02000e+02
5794 -2.01000e+02
5861 -2.00000e+02
5959 -1.99000e+02
6045 -1.98000e+02
6126 -1.97000e+02
6137 -1.96000e+02
6237 -1.95000e+02
6300 -1.94000e+02
6343 -1.93000e+02
6401 -1.92000e+02
6458 -1.91000e+02
6487 -1.90000e+02
6498 -1.89000e+02
6551 -1.88000e+02
6619 -1.87000e+02
6686 -1.86000e+02
6900 -1.85000e+02
6949 -1.84000e+02
7033 -1.83000e+02
7088 -1.82000e+02
7176 -1.81000e+02
7266 -1.80000e+02
7274 -1.79000e+02
7386 -1.78000e+02
7456 -1.77000e+02
7469 -1.75000e+02
7538 -1.74000e+02
7712 -1.73000e+02
7789 -1.72000e+02
7884 -1.71000e+02
7929 -1.70000e+02
7971 -1.69000e+02
8117 -1.68000e+02
8192 -1.67000e+02
8334 -1.66000e+02
8447 -1.65000e+02
8506 -1.64000e+02
8645 -1.63000e+02
8666 -1.62000e+02
8801 -1.61000e+02
8836 -1.60000e+02
9010 -1.59000e+02
9062 -1.58000e+02
9162 -1.57000e+02
9253 -1.56000e+02
9298 -1.55000e+02
9314 -1.54000e+02
9351 -1.53000e+02
9542 -1.52000e+02
9736 -1.51000e+02
9812 -1.50000e+02
9836 -1.49000e+02
9913 -1.48000e+02
9974 -1.47000e+02
9981 -1.47000e+02
"function evaluation" "best-so-far f(x)"
1 -3.03000e+02
45 -3.02000e+02
137 -3.01000e+02
225 -3.00000e+02
294 -2.99000e+02
395 -2.98000e+02
462 -2.97000e+02
529 -2.96000e+02
583 -2.95000e+02
621 -2.93000e+02
627 -2.92000e+02
682 -2.91000e+02
701 -2.90000e+02
755 -2.89000e+02
868 -2.88000e+02
871 -2.87000e+02
968 -2.86000e+02
1012 -2.85000e+02
1039 -2.84000e+02
1134 -2.83000e+02
1173 -2.82000e+02
1189 -2.81000e+02
1207 -2.80000e+02
1290 -2.79000e+02
1320 -2.78000e+02
1335 -2.77000e+02
1342 -2.76000e+02
1362 -2.75000e+02
1434 -2.74000e+02
1550 -2.73000e+02
1566 -2.72000e+02
1622 -2.71000e+02
1642 -2.70000e+02
1691 -2.69000e+02
1738 -2.68000e+02
1778 -2.67000e+02
1821 -2.66000e+02
1828 -2.65000e+02
1853 -2.64000e+02
1917 -2.63000e+02
1957 -2.62000e+02
1996 -2.61000e+02
2061 -2.60000e+02
2109 -2.59000e+02
2170 -2.58000e+02
2219 -2.57000e+02
2298 -2.56000e+02
2353 -2.55000e+02
2382 -2.54000e+02
2419 -2.52000e+02
2444 -2.51000e+02
2490 -2.50000e+02
2501 -2.49000e+02
2506 -2.48000e+02
2550 -2.47000e+02
2636 -2.46000e+02
2651 -2.45000e+02
2777 -2.44000e+02
2854 -2.43000e+02
2936 -2.42000e+02
3046 -2.41000e+02
3066 -2.40000e+02
3089 -2.39000e+02
3114 -2.38000e+02
3154 -2.36000e+02
3190 -2.35000e+02
3300 -2.34000e+02
3309 -2.33000e+02
3354 -2.32000e+02
3399 -2.30000e+02
3419 -2.29000e+02
3459 -2.28000e+02
3558 -2.26000e+02
3615 -2.25000e+02
3682 -2.24000e+02
3719 -2.23000e+02
3747 -2.22000e+02
3774 -2.21000e+02
3994 -2.20000e+02
4017 -2.18000e+02
4056 -2.17000e+02
4089 -2.16000e+02
4195 -2.15000e+02
4215 -2.14000e+02
4282 -2.13000e+02
4327 -2.12000e+02
4405 -2.11000e+02
4451 -2.10000e+02
4504 -2.09000e+02
4510 -2.08000e+02
4567 -2.07000e+02
4658 -2.06000e+02
4709 -2.05000e+02
4798 -2.04000e+02
4846 -2.03000e+02
4948 -2.02000e+02
4963 -2.01000e+02
4976 -2.00000e+02
5037 -1.98000e+02
5095 -1.97000e+02
5097 -1.96000e+02
5114 -1.95000e+02
5188 -1.94000e+02
5255 -1.93000e+02
5294 -1.92000e+02
5415 -1.91000e+02
5465 -1.90000e+02
5510 -1.89000e+02
5550 -1.88000e+02
5569 -1.87000e+02
5640 -1.86000e+02
5658 -1.85000e+02
5761 -1.84000e+02
5796 -1.83000e+02
5829 -1.82000e+02
5857 -1.81000e+02
5898 -1.80000e+02
5972 -1.79000e+02
6060 -1.78000e+02
6147 -1.77000e+02
6269 -1.76000e+02
6318 -1.75000e+02
6388 -1.74000e+02
6438 -1.73000e+02
6494 -1.72000e+02
6533 -1.71000e+02
6566 -1.70000e+02
6627 -1.69000e+02
6645 -1.68000e+02
6713 -1.67000e+02
6761 -1.66000e+02
6769 -1.65000e+02
7013 -1.64000e+02
7108 -1.63000e+02
7268 -1.62000e+02
7360 -1.61000e+02
7396 -1.60000e+02
7429 -1.59000e+02
7438 -1.58000e+02
7519 -1.57000e+02
7577 -1.56000e+02
7734 -1.55000e+02
7754 -1.54000e+02
7785 -1.53000e+02
7806 -1.52000e+02
7889 -1.51000e+02
7927 -1.50000e+02
7950 -1.49000e+02
8010 -1.48000e+02
8046 -1.47000e+02
8148 -1.46000e+02
8300 -1.45000e+02
8388 -1.42000e+02
8406 -1.41000e+02
8502 -1.40000e+02
8690 -1.39000e+02
8789 -1.38000e+02
8874 -1.37000e+02
8922 -1.35000e+02
8940 -1.34000e+02
8998 -1.33000e+02
9138 -1.32000e+02
9281 -1.31000e+02
9341 -1.30000e+02
9392 -1.29000e+02
9413 -1.28000e+02
9462 -1.27000e+02
9649 -1.26000e+02
9738 -1.25000e+02
9782 -1.24000e+02
9931 -1.23000e+02
9971 -1.22000e+02
9981 -1.22000e+02
"function evaluation" "best-so-far f(x)"
1 -3.03000e+02
16 -3.01000e+02
24 -3.00000e+02
84 -2.99000e+02
127 -2.98000e+02
187 -2.97000e+02
190 -2.96000e+02
221 -2.95000e+02
244 -2.94000e+02
253 -2.93000e+02
263 -2.92000e+02
320 -2.91000e+02
340 -2.90000e+02
349 -2.89000e+02
447 -2.88000e+02
479 -2.87000e+02
495 -2.86000e+02
552 -2.85000e+02
603 -2.84000e+02
659 -2.83000e+02
707 -2.82000e+02
772 -2.81000e+02
851 -2.80000e+02
874 -2.79000e+02
896 -2.78000e+02
938 -2.76000e+02
958 -2.75000e+02
982 -2.74000e+02
1132 -2.73000e+02
1161 -2.72000e+02
1226 -2.71000e+02
1249 -2.70000e+02
1341 -2.69000e+02
1388 -2.68000e+02
1415 -2.67000e+02
1465 -2.66000e+02
1533 -2.65000e+02
1599 -2.64000e+02
1626 -2.63000e+02
1744 -2.62000e+02
1810 -2.61000e+02
1873 -2.60000e+02
1891 -2.59000e+02
1959 -2.58000e+02
2061 -2.57000e+02
2092 -2.56000e+02
2103 -2.55000e+02
2225 -2.54000e+02
2250 -2.53000e+02
2362 -2.52000e+02
2404 -2.51000e+02
2570 -2.50000e+02
2712 -2.48000e+02
2799 -2.47000e+02
2816 -2.46000e+02
2949 -2.45000e+02
2956 -2.44000e+02
3055 -2.43000e+02
3087 -2.42000e+02
3244 -2.41000e+02
3497 -2.40000e+02
3530 -2.39000e+02
3673 -2.38000e+02
3698 -2.37000e+02
3717 -2.36000e+02
3870 -2.35000e+02
4048 -2.34000e+02
4119 -2.33000e+02
4247 -2.32000e+02
4279 -2.31000e+02
4302 -2.30000e+02
4367 -2.29000e+02
4440 -2.28000e+02
4506 -2.27000e+02
4644 -2.26000e+02
4667 -2.25000e+02
4711 -2.24000e+02
4779 -2.23000e+02
4936 -2.22000e+02
5044 -2.21000e+02
5104 -2.20000e+02
5207 -2.19000e+02
5308 -2.18000e+02
5325 -2.17000e+02
5396 -2.16000e+02
5429 -2.15000e+02
5455 -2.13000e+02
5513 -2.12000e+02
5589 -2.11000e+02
5655 -2.09000e+02
5845 -2.08000e+02
5863 -2.07000e+02
5917 -2.06000e+02
5955 -2.05000e+02
6008 -2.04000e+02
6071 -2.03000e+02
6105 -2.02000e+02
6123 -2.01000e+02
6217 -2.00000e+02
6252 -1.99000e+02
6328 -1.98000e+02
6410 -1.97000e+02
6425 -1.96000e+02
6471 -1.95000e+02
6504 -1.94000e+02
6594 -1.93000e+02
6610 -1.92000e+02
6653 -1.91000e+02
6703 -1.90000e+02
6724 -1.89000e+02
6737 -1.88000e+02
6796 -1.87000e+02
6813 -1.86000e+02
6856 -1.85000e+02
6903 -1.84000e+02
6970 -1.83000e+02
7040 -1.82000e+02
7129 -1.81000e+02
7357 -1.80000e+02
7455 -1.79000e+02
7486 -1.78000e+02
7543 -1.77000e+02
7578 -1.76000e+02
7593 -1.75000e+02
7676 -1.74000e+02
7760 -1.73000e+02
7802 -1.72000e+02
7874 -1.71000e+02
7937 -1.70000e+02
7955 -1.69000e+02
7986 -1.68000e+02
8087 -1.67000e+02
8184 -1.66000e+02
8209 -1.65000e+02
8256 -1.64000e+02
8366 -1.63000e+02
8396 -1.62000e+02
8560 -1.61000e+02
8682 -1.60000e+02
8739 -1.59000e+02
8954 -1.58000e+02
9204 -1.57000e+02
9212 -1.56000e+02
9340 -1.55000e+02
9456 -1.54000e+02
9509 -1.53000e+02
9531 -1.52000e+02
9552 -1.51000e+02
9646 -1.50000e+02
9783 -1.49000e+02
9848 -1.48000e+02
9863 -1.47000e+02
9895 -1.46000e+02
9981 -1.46000e+02
"function evaluation" "best-so-far f(x)"
1 -3.03000e+02
25 -3.02000e+02
82 -3.01000e+02
100 -3.00000e+02
277 -2.98000e+02
294 -2.97000e+02
322 -2.96000e+02
330 -2.95000e+02
338 -2.94000e+02
396 -2.93000e+02
448 -2.92000e+02
468 -2.91000e+02
575 -2.90000e+02
588 -2.89000e+02
615 -2.88000e+02
637 -2.87000e+02
697 -2.86000e+02
723 -2.85000e+02
778 -2.84000e+02
796 -2.83000e+02
805 -2.81000e+02
865 -2.80000e+02
969 -2.79000e+02
979 -2.78000e+02
1047 -2.77000e+02
1051 -2.76000e+02
1070 -2.75000e+02
1174 -2.74000e+02
1175 -2.73000e+02
1223 -2.72000e+02
1251 -2.71000e+02
1294 -2.70000e+02
1302 -2.69000e+02
1329 -2.68000e+02
1392 -2.67000e+02
1461 -2.66000e+02
1482 -2.65000e+02
1556 -2.64000e+02
1572 -2.63000e+02
1600 -2.62000e+02
1643 -2.61000e+02
1698 -2.60000e+02
1730 -2.59000e+02
1804 -2.58000e+02
1838 -2.57000e+02
1856 -2.56000e+02
1905 -2.55000e+02
1972 -2.54000e+02
2090 -2.53000e+02
2109 -2.52000e+02
2271 -2.51000e+02
2288 -2.50000e+02
2334 -2.49000e+02
2410 -2.48000e+02
2499 -2.47000e+02
2562 -2.46000e+02
2617 -2.45000e+02
2705 -2.44000e+02
2718 -2.43000e+02
2806 -2.42000e+02
2844 -2.41000e+02
2933 -2.39000e+02
2949 -2.38000e+02
2961 -2.37000e+02
2986 -2.36000e+02
3057 -2.35000e+02
3080 -2.34000e+02
3105 -2.33000e+02
3218 -2.32000e+02
3254 -2.31000e+02
3269 -2.30000e+02
3290 -2.29000e+02
3291 -2.28000e+02
3306 -2.27000e+02
3372 -2.26000e+02
3455 -2.25000e+02
3716 -2.24000e+02
3796 -2.23000e+02
3985 -2.22000e+02
4055 -2.21000e+02
4158 -2.20000e+02
4253 -2.19000e+02
4281 -2.18000e+02
4379 -2.17000e+02
4420 -2.16000e+02
4486 -2.15000e+02
4630 -2.14000e+02
4728 -2.13000e+02
4736 -2.12000e+02
4802 -2.11000e+02
4859 -2.10000e+02
4910 -2.09000e+02
4944 -2.08000e+02
4987 -2.07000e+02
5053 -2.06000e+02
5094 -2.05000e+02
5226 -2.04000e+02
5357 -2.03000e+02
5414 -2.02000e+02
5560 -2.01000e+02
5730 -2.00000e+02
5774 -1.99000e+02
5879 -1.98000e+02
5974 -1.97000e+02
6006 -1.96000e+02
6051 -1.95000e+02
6178 -1.94000e+02
6297 -1.93000e+02
6390 -1.92000e+02
6544 -1.91000e+02
6602 -1.90000e+02
6624 -1.89000e+02
6630 -1.88000e+02
6637 -1.87000e+02
6734 -1.86000e+02
6796 -1.85000e+02
6964 -1.84000e+02
7003 -1.83000e+02
7085 -1.80000e+02
7099 -1.79000e+02
7328 -1.78000e+02
7441 -1.77000e+02
7615 -1.76000e+02
7756 -1.75000e+02
7807 -1.74000e+02
7855 -1.73000e+02
7925 -1.72000e+02
8010 -1.71000e+02
8090 -1.70000e+02
8122 -1.69000e+02
8168 -1.68000e+02
8238 -1.67000e+02
8244 -1.66000e+02
8289 -1.65000e+02
8342 -1.64000e+02
8401 -1.63000e+02
8426 -1.61000e+02
8501 -1.60000e+02
8618 -1.59000e+02
8656 -1.58000e+02
8723 -1.57000e+02
8743 -1.56000e+02
8860 -1.55000e+02
9039 -1.54000e+02
9059 -1.53000e+02
9338 -1.52000e+02
9415 -1.51000e+02
9518 -1.50000e+02
9565 -1.49000e+02
9596 -1.48000e+02
9613 -1.47000e+02
9673 -1.46000e+02
9693 -1.45000e+02
9703 -1.44000e+02
9728 -1.43000e+02
9838 -1.42000e+02
9969 -1.41000e+02
9981 -1.41000e+02
"function evaluation" "best-so-far f(x)"
1 -3.03000e+02
6 -3.02000e+02
51 -3.01000e+02
186 -3.00000e+02
253 -2.99000e+02
297 -2.98000e+02
330 -2.97000e+02
434 -2.96000e+02
479 -2.95000e+02
518 -2.94000e+02
603 -2.93000e+02
662 -2.92000e+02
667 -2.91000e+02
714 -2.90000e+02
732 -2.89000e+02
776 -2.88000e+02
798 -2.87000e+02
801 -2.86000e+02
828 -2.85000e+02
847 -2.84000e+02
893 -2.83000e+02
942 -2.82000e+02
979 -2.81000e+02
1025 -2.80000e+02
1078 -2.79000e+02
1099 -2.78000e+02
1152 -2.77000e+02
1156 -2.76000e+02
1201 -2.75000e+02
1228 -2.74000e+02
1272 -2.73000e+02
1319 -2.72000e+02
1386 -2.71000e+02
1418 -2.70000e+02
1475 -2.69000e+02
1519 -2.68000e+02
1556 -2.67000e+02
1581 -2.66000e+02
1630 -2.65000e+02
1761 -2.64000e+02
1895 -2.63000e+02
1976 -2.62000e+02
1983 -2.61000e+02
2021 -2.59000e+02
2113 -2.58000e+02
2164 -2.57000e+02
2198 -2.56000e+02
2208 -2.55000e+02
2237 -2.54000e+02
2254 -2.53000e+02
2291 -2.52000e+02
2365 -2.51000e+02
2414 -2.50000e+02
2428 -2.49000e+02
2450 -2.48000e+02
2557 -2.47000e+02
2614 -2.46000e+02
2647 -2.45000e+02
2663 -2.43000e+02
2676 -2.42000e+02
2681 -2.41000e+02
2736 -2.40000e+02
2753 -2.39000e+02
2802 -2.38000e+02
2862 -2.37000e+02
2889 -2.36000e+02
2928 -2.35000e+02
2965 -2.34000e+02
3067 -2.33000e+02
3107 -2.31000e+02
3124 -2.30000e+02
3218 -2.29000e+02
3363 -2.28000e+02
3429 -2.27000e+02
3493 -2.26000e+02
3523 -2.25000e+02
3585 -2.24000e+02
3712 -2.23000e+02
3925 -2.22000e+02
3936 -2.21000e+02
3985 -2.20000e+02
4004 -2.19000e+02
4023 -2.18000e+02
4154 -2.17000e+02
4215 -2.16000e+02
4247 -2.15000e+02
4283 -2.14000e+02
4329 -2.13000e+02
4395 -2.12000e+02
4473 -2.11000e+02
4510 -2.10000e+02
4686 -2.09000e+02
4717 -2.08000e+02
4837 -2.07000e+02
4873 -2.06000e+02
4910 -2.05000e+02
5117 -2.04000e+02
5210 -2.03000e+02
5278 -2.02000e+02
5531 -2.01000e+02
5571 -2.00000e+02
5604 -1.99000e+02
5671 -1.98000e+02
5876 -1.97000e+02
6016 -1.96000e+02
6085 -1.95000e+02
6127 -1.94000e+02
6160 -1.93000e+02
6344 -1.92000e+02
6419 -1.91000e+02
6496 -1.90000e+02
6580 -1.89000e+02
6588 -1.87000e+02
6647 -1.86000e+02
6690 -1.85000e+02
6779 -1.84000e+02
6847 -1.83000e+02
6862 -1.82000e+02
6977 -1.81000e+02
7109 -1.80000e+02
7198 -1.79000e+02
7262 -1.77000e+02
7359 -1.76000e+02
7374 -1.75000e+02
7486 -1.74000e+02
7615 -1.73000e+02
7688 -1.72000e+02
7786 -1.71000e+02
7841 -1.70000e+02
7882 -1.69000e+02
7943 -1.68000e+02
7979 -1.67000e+02
8003 -1.66000e+02
8047 -1.65000e+02
8081 -1.64000e+02
8272 -1.63000e+02
8409 -1.62000e+02
8457 -1.61000e+02
8538 -1.60000e+02
8561 -1.59000e+02
8612 -1.58000e+02
8760 -1.57000e+02
8904 -1.56000e+02
8995 -1.55000e+02
9037 -1.54000e+02
9138 -1.53000e+02
9202 -1.52000e+02
9293 -1.51000e+02
9433 -1.49000e+02
9537 -1.48000e+02
9594 -1.47000e+02
9598 -1.46000e+02
9900 -1.45000e+02
9981 -1.45000e+02
"function evaluation" "best-so-far f(x)"
1 -3.03000e+02
68 -3.02000e+02
173 -3.01000e+02
193 -3.00000e+02
249 -2.99000e+02
329 -2.98000e+02
368 -2.97000e+02
438 -2.96000e+02
455 -2.95000e+02
549 -2.94000e+02
558 -2.93000e+02
567 -2.92000e+02
732 -2.91000e+02
761 -2.90000e+02
789 -2.89000e+02
825 -2.88000e+02
839 -2.87000e+02
860 -2.86000e+02
868 -2.85000e+02
896 -2.84000e+02
903 -2.83000e+02
969 -2.82000e+02
973 -2.81000e+02
1005 -2.79000e+02
1078 -2.78000e+02
1129 -2.77000e+02
1158 -2.76000e+02
1311 -2.74000e+02
1324 -2.73000e+02
1394 -2.72000e+02
1437 -2.71000e+02
1544 -2.70000e+02
1593 -2.69000e+02
1692 -2.68000e+02
1796 -2.67000e+02
1872 -2.66000e+02
1938 -2.65000e+02
1990 -2.64000e+02
2046 -2.63000e+02
2104 -2.62000e+02
2131 -2.61000e+02
2191 -2.60000e+02
2201 -2.59000e+02
2248 -2.58000e+02
2277 -2.57000e+02
2290 -2.56000e+02
2308 -2.55000e+02
2352 -2.54000e+02
2422 -2.53000e+02
2528 -2.52000e+02
2547 -2.51000e+02
2586 -2.50000e+02
2622 -2.49000e+02
2629 -2.48000e+02
2716 -2.47000e+02
2737 -2.45000e+02
2740 -2.44000e+02
2804 -2.43000e+02
2818 -2.42000e+02
2826 -2.41000e+02
2837 -2.40000e+02
2879 -2.39000e+02
3049 -2.38000e+02
3132 -2.37000e+02
3174 -2.36000e+02
3265 -2.35000e+02
3273 -2.34000e+02
3311 -2.33000e+02
3438 -2.32000e+02
3451 -2.31000e+02
3480 -2.30000e+02
3520 -2.29000e+02
3524 -2.28000e+02
3674 -2.27000e+02
3721 -2.26000e+02
3788 -2.25000e+02
3828 -2.23000e+02
3840 -2.22000e+02
3861 -2.21000e+02
4023 -2.20000e+02
4114 -2.19000e+02
4180 -2.18000e+02
4284 -2.17000e+02
4334 -2.16000e+02
4432 -2.15000e+02
4468 -2.14000e+02
4537 -2.12000e+02
4596 -2.11000e+02
4620 -2.10000e+02
4690 -2.09000e+02
4718 -2.08000e+02
4735 -2.07000e+02
4785 -2.06000e+02
4844 -2.05000e+02
4848 -2.04000e+02
4868 -2.03000e+02
4876 -2.02000e+02
4960 -2.01000e+02
4981 -2.00000e+02
5057 -1.99000e+02
5101 -1.98000e+02
5130 -1.97000e+02
5155 -1.96000e+02
5272 -1.95000e+02
5308 -1.94000e+02
5330 -1.93000e+02
5351 -1.92000e+02
5383 -1.91000e+02
5400 -1.90000e+02
5482 -1.89000e+02
5512 -1.88000e+02
5556 -1.87000e+02
5609 -1.86000e+02
5636 -1.85000e+02
5729 -1.84000e+02
5865 -1.83000e+02
5867 -1.82000e+02
5893 -1.81000e+02
5945 -1.80000e+02
5994 -1.79000e+02
6117 -1.78000e+02
6219 -1.77000e+02
6242 -1.76000e+02
6309 -1.75000e+02
6382 -1.74000e+02
6387 -1.73000e+02
6531 -1.72000e+02
6562 -1.71000e+02
6583 -1.70000e+02
6661 -1.69000e+02
6749 -1.68000e+02
6819 -1.67000e+02
6944 -1.66000e+02
7098 -1.65000e+02
7138 -1.64000e+02
7202 -1.63000e+02
7315 -1.62000e+02
7428 -1.61000e+02
7516 -1.60000e+02
7568 -1.59000e+02
7629 -1.58000e+02
7783 -1.57000e+02
7849 -1.56000e+02
7871 -1.55000e+02
7902 -1.54000e+02
7919 -1.53000e+02
8082 -1.52000e+02
8153 -1.51000e+02
8248 -1.50000e+02
8323 -1.49000e+02
8406 -1.48000e+02
8447 -1.47000e+02
8592 -1.46000e+02
8685 -1.45000e+02
8724 -1.44000e+02
8728 -1.43000e+02
8867 -1.42000e+02
8874 -1.41000e+02
9043 -1.40000e+02
9101 -1.39000e+02
9223 -1.38000e+02
9235 -1.37000e+02
9270 -1.36000e+02
9344 -1.35000e+02
9377 -1.33000e+02
9522 -1.32000e+02
9556 -1.31000e+02
9664 -1.30000e+02
9685 -1.29000e+02
9722 -1.28000e+02
9726 -1.27000e+02
9755 -1.26000e+02
9775 -1.25000e+02
9875 -1.24000e+02
9921 -1.23000e+02
9922 -1.22000e+02
9935 -1.21000e+02
9981 -1.21000e+02
"function evaluation" "best-so-far f(x)"
1 -3.03000e+02
6 -3.01000e+02
58 -3.00000e+02
102 -2.99000e+02
123 -2.98000e+02
165 -2.97000e+02
222 -2.96000e+02
272 -2.95000e+02
283 -2.94000e+02
423 -2.93000e+02
447 -2.92000e+02
508 -2.91000e+02
538 -2.90000e+02
573 -2.89000e+02
605 -2.88000e+02
609 -2.87000e+02
676 -2.86000e+02
786 -2.85000e+02
891 -2.84000e+02
999 -2.83000e+02
1078 -2.82000e+02
1086 -2.81000e+02
1187 -2.80000e+02
1211 -2.79000e+02
1261 -2.78000e+02
1328 -2.77000e+02
1400 -2.76000e+02
1455 -2.75000e+02
1474 -2.74000e+02
1490 -2.73000e+02
1582 -2.72000e+02
1628 -2.71000e+02
1658 -2.70000e+02
1754 -2.69000e+02
1845 -2.68000e+02
1854 -2.67000e+02
1878 -2.66000e+02
1943 -2.65000e+02
1987 -2.64000e+02
2003 -2.63000e+02
2150 -2.62000e+02
2275 -2.61000e+02
2413 -2.60000e+02
2497 -2.59000e+02
2621 -2.58000e+02
2658 -2.57000e+02
2723 -2.56000e+02
2741 -2.55000e+02
2796 -2.54000e+02
2860 -2.52000e+02
2896 -2.51000e+02
2950 -2.50000e+02
3002 -2.49000e+02
3025 -2.48000e+02
3036 -2.47000e+02
3055 -2.46000e+02
3079 -2.45000e+02
3126 -2.44000e+02
3199 -2.43000e+02
3211 -2.42000e+02
3329 -2.41000e+02
3390 -2.40000e+02
3416 -2.39000e+02
3462 -2.38000e+02
3543 -2.37000e+02
3681 -2.36000e+02
3734 -2.35000e+02
3778 -2.34000e+02
3788 -2.33000e+02
3792 -2.32000e+02
3949 -2.31000e+02
3981 -2.30000e+02
4016 -2.29000e+02
4124 -2.27000e+02
4238 -2.26000e+02
4274 -2.25000e+02
4314 -2.23000e+02
4318 -2.22000e+02
4391 -2.21000e+02
4412 -2.20000e+02
4429 -2.19000e+02
4455 -2.18000e+02
4491 -2.17000e+02
4559 -2.16000e+02
4749 -2.15000e+02
4792 -2.14000e+02
4870 -2.12000e+02
4928 -2.11000e+02
5030 -2.09000e+02
5099 -2.08000e+02
5187 -2.07000e+02
5235 -2.06000e+02
5314 -2.05000e+02
5363 -2.04000e+02
5394 -2.03000e+02
5399 -2.02000e+02
5479 -2.01000e+02
5544 -2.00000e+02
5618 -1.99000e+02
5647 -1.98000e+02
5686 -1.97000e+02
5713 -1.96000e+02
5753 -1.95000e+02
5779 -1.94000e+02
5989 -1.93000e+02
6039 -1.92000e+02
6112 -1.91000e+02
6128 -1.90000e+02
6221 -1.89000e+02
6281 -1.88000e+02
6306 -1.87000e+02
6320 -1.86000e+02
6389 -1.85000e+02
6435 -1.84000e+02
6584 -1.83000e+02
6671 -1.82000e+02
6752 -1.81000e+02
6799 -1.80000e+02
6818 -1.79000e+02
6827 -1.78000e+02
6921 -1.77000e+02
6941 -1.76000e+02
6984 -1.75000e+02
7041 -1.74000e+02
7150 -1.73000e+02
7201 -1.72000e+02
7204 -1.71000e+02
7231 -1.70000e+02
7264 -1.69000e+02
7306 -1.68000e+02
7341 -1.67000e+02
7653 -1.66000e+02
7763 -1.65000e+02
7926 -1.64000e+02
7965 -1.63000e+02
8015 -1.62000e+02
8110 -1.61000e+02
8191 -1.60000e+02
8255 -1.59000e+02
8386 -1.58000e+02
8406 -1.57000e+02
8555 -1.56000e+02
8662 -1.54000e+02
8663 -1.53000e+02
8737 -1.52000e+02
8755 -1.51000e+02
8842 -1.50000e+02
8911 -1.49000e+02
8955 -1.48000e+02
8985 -1.47000e+02
8987 -1.46000e+02
9078 -1.45000e+02
9100 -1.44000e+02
9121 -1.43000e+02
9320 -1.42000e+02
9471 -1.41000e+02
9726 -1.40000e+02
9919 -1.39000e+02
9943 -1.38000e+02
9954 -1.37000e+02
9981 -1.37000e+02
"function evaluation" "best-so-far f(x)"
1 -3.03000e+02
9 -3.02000e+02
37 -3.01000e+02
108 -3.00000e+02
148 -2.99000e+02
161 -2.98000e+02
206 -2.97000e+02
231 -2.96000e+02
287 -2.95000e+02
315 -2.94000e+02
356 -2.93000e+02
424 -2.92000e+02
427 -2.91000e+02
523 -2.89000e+02
527 -2.88000e+02
593 -2.87000e+02
638 -2.86000e+02
665 -2.85000e+02
748 -2.84000e+02
812 -2.83000e+02
894 -2.82000e+02
920 -2.81000e+02
1063 -2.80000e+02
1096 -2.79000e+02
1146 -2.78000e+02
1321 -2.77000e+02
1343 -2.76000e+02
1398 -2.75000e+02
1535 -2.74000e+02
1597 -2.73000e+02
1634 -2.72000e+02
1723 -2.71000e+02
1816 -2.70000e+02
1826 -2.69000e+02
1869 -2.67000e+02
1906 -2.66000e+02
1982 -2.65000e+02
2011 -2.64000e+02
2054 -2.63000e+02
2067 -2.62000e+02
2100 -2.61000e+02
2216 -2.60000e+02
2237 -2.59000e+02
2324 -2.58000e+02
2371 -2.57000e+02
2403 -2.56000e+02
2438 -2.55000e+02
2500 -2.54000e+02
2631 -2.53000e+02
2671 -2.52000e+02
2728 -2.51000e+02
2804 -2.50000e+02
2855 -2.49000e+02
2858 -2.48000e+02
2990 -2.47000e+02
3003 -2.46000e+02
3101 -2.44000e+02
3181 -2.43000e+02
3211 -2.42000e+02
3216 -2.41000e+02
3275 -2.40000e+02
3395 -2.39000e+02
3421 -2.38000e+02
3490 -2.37000e+02
3522 -2.36000e+02
3561 -2.35000e+02
3615 -2.34000e+02
3663 -2.33000e+02
3802 -2.32000e+02
3930 -2.31000e+02
4022 -2.30000e+02
4144 -2.29000e+02
4201 -2.28000e+02
4207 -2.27000e+02
4322 -2.26000e+02
4343 -2.25000e+02
4430 -2.24000e+02
4439 -2.23000e+02
4509 -2.22000e+02
4565 -2.21000e+02
4585 -2.20000e+02
4669 -2.19000e+02
4783 -2.18000e+02
4836 -2.17000e+02
4890 -2.16000e+02
4978 -2.15000e+02
5071 -2.14000e+02
5105 -2.13000e+02
5112 -2.12000e+02
5151 -2.11000e+02
5213 -2.10000e+02
5256 -2.09000e+02
5275 -2.08000e+02
5310 -2.07000e+02
5331 -2.06000e+02
5411 -2.04000e+02
5501 -2.03000e+02
5556 -2.02000e+02
5583 -2.01000e+02
5599 -2.00000e+02
5636 -1.99000e+02
5805 -1.98000e+02
5883 -1.97000e+02
5905 -1.96000e+02
5940 -1.95000e+02
6004 -1.94000e+02
6046 -1.93000e+02
6116 -1.92000e+02
6158 -1.91000e+02
6273 -1.90000e+02
6501 -1.89000e+02
6632 -1.88000e+02
6650 -1.87000e+02
6737 -1.86000e+02
6918 -1.85000e+02
6923 -1.84000e+02
6943 -1.83000e+02
7003 -1.82000e+02
7034 -1.81000e+02
7118 -1.80000e+02
7124 -1.79000e+02
7176 -1.78000e+02
7297 -1.77000e+02
7369 -1.76000e+02
7372 -1.75000e+02
7418 -1.74000e+02
7447 -1.73000e+02
7531 -1.72000e+02
7602 -1.70000e+02
7638 -1.69000e+02
7717 -1.68000e+02
7792 -1.67000e+02
7860 -1.66000e+02
8055 -1.65000e+02
8113 -1.64000e+02
8229 -1.63000e+02
8250 -1.61000e+02
8306 -1.60000e+02
8352 -1.59000e+02
8376 -1.58000e+02
8515 -1.57000e+02
8556 -1.56000e+02
8613 -1.55000e+02
8615 -1.54000e+02
8631 -1.53000e+02
8649 -1.52000e+02
8777 -1.50000e+02
8814 -1.49000e+02
8856 -1.48000e+02
8898 -1.47000e+02
8984 -1.46000e+02
9029 -1.45000e+02
9074 -1.44000e+02
9191 -1.43000e+02
9311 -1.42000e+02
9326 -1.40000e+02
9436 -1.39000e+02
9773 -1.38000e+02
9833 -1.37000e+02
9858 -1.36000e+02
9929 -1.35000e+02
9981 -1.35000e+02
"function evaluation" "best-so-far f(x)"
1 -3.03000e+02
32 -3.02000e+02
98 -3.01000e+02
114 -3.00000e+02
221 -2.99000e+02
308 -2.98000e+02
353 -2.97000e+02
389 -2.96000e+02
448 -2.95000e+02
494 -2.94000e+02
518 -2.93000e+02
580 -2.92000e+02
688 -2.91000e+02
805 -2.90000e+02
858 -2.88000e+02
863 -2.87000e+02
938 -2.86000e+02
967 -2.85000e+02
972 -2.84000e+02
1047 -2.83000e+02
1109 -2.82000e+02
1186 -2.81000e+02
1203 -2.80000e+02
1213 -2.79000e+02
1267 -2.77000e+02
1299 -2.76000e+02
1473 -2.75000e+02
1508 -2.74000e+02
1629 -2.73000e+02
1657 -2.72000e+02
1758 -2.71000e+02
1832 -2.70000e+02
1858 -2.69000e+02
1898 -2.68000e+02
1978 -2.67000e+02
1998 -2.66000e+02
2103 -2.64000e+02
2170 -2.63000e+02
2185 -2.62000e+02
2225 -2.61000e+02
2249 -2.60000e+02
2324 -2.59000e+02
2341 -2.58000e+02
2477 -2.57000e+02
2504 -2.56000e+02
2509 -2.55000e+02
2544 -2.54000e+02
2608 -2.53000e+02
2673 -2.52000e+02
2720 -2.51000e+02
2740 -2.50000e+02
2777 -2.49000e+02
2815 -2.48000e+02
2840 -2.47000e+02
2932 -2.46000e+02
3021 -2.44000e+02
3039 -2.43000e+02
3153 -2.42000e+02
3179 -2.41000e+02
3219 -2.40000e+02
3227 -2.39000e+02
3285 -2.38000e+02
3304 -2.37000e+02
3323 -2.36000e+02
3409 -2.35000e+02
3410 -2.34000e+02
3468 -2.33000e+02
3484 -2.32000e+02
3544 -2.31000e+02
3604 -2.30000e+02
3709 -2.29000e+02
3782 -2.28000e+02
3832 -2.27000e+02
3863 -2.26000e+02
3926 -2.25000e+02
3927 -2.23000e+02
3965 -2.22000e+02
3973 -2.21000e+02
4051 -2.20000e+02
4070 -2.19000e+02
4126 -2.18000e+02
4138 -2.17000e+02
4153 -2.16000e+02
4168 -2.15000e+02
4198 -2.14000e+02
4250 -2.13000e+02
4337 -2.12000e+02
4433 -2.11000e+02
4473 -2.10000e+02
4526 -2.09000e+02
4552 -2.08000e+02
4649 -2.07000e+02
4656 -2.06000e+02
4752 -2.05000e+02
4842 -2.04000e+02
4906 -2.03000e+02
4970 -2.02000e+02
5044 -2.01000e+02
5069 -2.00000e+02
5121 -1.99000e+02
5181 -1.98000e+02
5206 -1.97000e+02
5332 -1.96000e+02
5487 -1.95000e+02
5515 -1.94000e+02
5738 -1.92000e+02
5770 -1.91000e+02
5841 -1.90000e+02
5950 -1.89000e+02
5988 -1.88000e+02
6085 -1.87000e+02
6119 -1.86000e+02
6207 -1.85000e+02
6376 -1.84000e+02
6516 -1.83000e+02
6730 -1.82000e+02
6927 -1.81000e+02
6968 -1.80000e+02
7092 -1.79000e+02
7152 -1.78000e+02
7158 -1.77000e+02
7210 -1.76000e+02
7283 -1.75000e+02
7315 -1.74000e+02
7373 -1.73000e+02
7419 -1.72000e+02
7494 -1.71000e+02
7523 -1.70000e+02
7556 -1.69000e+02
7730 -1.68000e+02
7767 -1.67000e+02
7790 -1.66000e+02
7836 -1.65000e+02
7871 -1.64000e+02
7910 -1.63000e+02
8089 -1.62000e+02
8130 -1.61000e+02
8216 -1.60000e+02
8297 -1.59000e+02
8327 -1.58000e+02
8391 -1.57000e+02
8451 -1.56000e+02
8490 -1.55000e+02
8492 -1.54000e+02
8553 -1.53000e+02
8645 -1.52000e+02
8699 -1.51000e+02
8848 -1.50000e+02
8921 -1.49000e+02
9014 -1.48000e+02
9077 -1.47000e+02
9179 -1.46000e+02
9206 -1.45000e+02
9251 -1.44000e+02
9490 -1.43000e+02
9504 -1.42000e+02
9747 -1.41000e+02
9816 -1.40000e+02
9843 -1.39000e+02
9926 -1.38000e+02
9968 -1.36000e+02
9981 -1.36000e+02
"function evaluation" "best-so-far f(x)"
1 -3.03000e+02
66 -3.02000e+02
99 -3.01000e+02
131 -3.00000e+02
152 -2.99000e+02
177 -2.98000e+02
207 -2.97000e+02
307 -2.96000e+02
359 -2.95000e+02
373 -2.94000e+02
440 -2.93000e+02
471 -2.92000e+02
640 -2.91000e+02
666 -2.90000e+02
677 -2.89000e+02
700 -2.88000e+02
709 -2.87000e+02
755 -2.86000e+02
775 -2.85000e+02
874 -2.84000e+02
956 -2.83000e+02
985 -2.82000e+02
1043 -2.81000e+02
1140 -2.80000e+02
1213 -2.79000e+02
1291 -2.78000e+02
1306 -2.76000e+02
1343 -2.75000e+02
1346 -2.74000e+02
1379 -2.73000e+02
1418 -2.72000e+02
1442 -2.71000e+02
1537 -2.70000e+02
1559 -2.69000e+02
1590 -2.68000e+02
1652 -2.67000e+02
1690 -2.66000e+02
1704 -2.65000e+02
1784 -2.64000e+02
1883 -2.63000e+02
1907 -2.62000e+02
1966 -2.61000e+02
2023 -2.60000e+02
2066 -2.59000e+02
2174 -2.58000e+02
2209 -2.57000e+02
2230 -2.56000e+02
2368 -2.55000e+02
2404 -2.54000e+02
2451 -2.53000e+02
2494 -2.52000e+02
2530 -2.51000e+02
2533 -2.50000e+02
2628 -2.49000e+02
2714 -2.48000e+02
2754 -2.47000e+02
2760 -2.45000e+02
2789 -2.42000e+02
2867 -2.41000e+02
2986 -2.40000e+02
3007 -2.39000e+02
3086 -2.38000e+02
3132 -2.37000e+02
3181 -2.36000e+02
3188 -2.35000e+02
3202 -2.34000e+02
3246 -2.33000e+02
3385 -2.32000e+02
3436 -2.31000e+02
3548 -2.30000e+02
3624 -2.29000e+02
3640 -2.28000e+02
3700 -2.27000e+02
3734 -2.26000e+02
3908 -2.25000e+02
4014 -2.24000e+02
4077 -2.23000e+02
4142 -2.22000e+02
4167 -2.21000e+02
4185 -2.20000e+02
4224 -2.19000e+02
4255 -2.18000e+02
4285 -2.17000e+02
4299 -2.16000e+02
4302 -2.14000e+02
4341 -2.13000e+02
4362 -2.12000e+02
4414 -2.11000e+02
4492 -2.10000e+02
4540 -2.09000e+02
4666 -2.08000e+02
4836 -2.07000e+02
4873 -2.06000e+02
4908 -2.05000e+02
5038 -2.04000e+02
5059 -2.03000e+02
5216 -2.02000e+02
5226 -2.01000e+02
5355 -2.00000e+02
5589 -1.98000e+02
5685 -1.97000e+02
5696 -1.96000e+02
5701 -1.95000e+02
5854 -1.94000e+02
5969 -1.93000e+02
6005 -1.92000e+02
6146 -1.91000e+02
6234 -1.90000e+02
6265 -1.89000e+02
6390 -1.88000e+02
6471 -1.87000e+02
6624 -1.86000e+02
6689 -1.85000e+02
6752 -1.84000e+02
6871 -1.83000e+02
6927 -1.82000e+02
6951 -1.81000e+02
6989 -1.80000e+02
7003 -1.79000e+02
7059 -1.78000e+02
7159 -1.77000e+02
7245 -1.76000e+02
7259 -1.75000e+02
7405 -1.74000e+02
7446 -1.73000e+02
7557 -1.72000e+02
7715 -1.71000e+02
7815 -1.70000e+02
7852 -1.69000e+02
7957 -1.68000e+02
8098 -1.67000e+02
8215 -1.66000e+02
8272 -1.65000e+02
8338 -1.64000e+02
8403 -1.63000e+02
8442 -1.62000e+02
8486 -1.61000e+02
8558 -1.60000e+02
8576 -1.58000e+02
8618 -1.57000e+02
8696 -1.56000e+02
8738 -1.55000e+02
8826 -1.54000e+02
8890 -1.53000e+02
8897 -1.52000e+02
8927 -1.51000e+02
8947 -1.50000e+02
8990 -1.49000e+02
9035 -1.48000e+02
9096 -1.47000e+02
9216 -1.46000e+02
9224 -1.45000e+02
9376 -1.44000e+02
9440 -1.43000e+02
9460 -1.42000e+02
9490 -1.41000e+02
9557 -1.40000e+02
9663 -1.39000e+02
9732 -1.38000e+02
9781 -1.37000e+02
9793 -1.35000e+02
9825 -1.34000e+02
9840 -1.33000e+02
9899 -1.32000e+02
9931 -1.31000e+02
9939 -1.30000e+02
9981 -1.30000e+02
"function evaluation" "best-so-far f(x)"
1 -3.03000e+02
52 -3.02000e+02
74 -3.01000e+02
131 -3.00000e+02
140 -2.99000e+02
196 -2.98000e+02
249 -2.97000e+02
381 -2.96000e+02
454 -2.95000e+02
554 -2.94000e+02
623 -2.93000e+02
709 -2.92000e+02
734 -2.91000e+02
791 -2.90000e+02
902 -2.89000e+02
961 -2.88000e+02
1043 -2.87000e+02
1089 -2.86000e+02
1121 -2.85000e+02
1189 -2.84000e+02
1250 -2.83000e+02
1326 -2.82000e+02
1359 -2.81000e+02
1388 -2.80000e+02
1426 -2.79000e+02
1484 -2.78000e+02
1683 -2.77000e+02
1718 -2.76000e+02
1826 -2.75000e+02
1934 -2.74000e+02
1976 -2.73000e+02
2013 -2.72000e+02
2022 -2.71000e+02
2089 -2.70000e+02
2106 -2.69000e+02
2108 -2.68000e+02
2123 -2.67000e+02
2187 -2.66000e+02
2211 -2.65000e+02
2249 -2.64000e+02
2314 -2.63000e+02
2352 -2.62000e+02
2391 -2.61000e+02
2429 -2.60000e+02
2538 -2.59000e+02
2601 -2.57000e+02
2604 -2.56000e+02
2613 -2.55000e+02
2656 -2.54000e+02
2783 -2.53000e+02
2919 -2.52000e+02
2949 -2.51000e+02
3093 -2.50000e+02
3109 -2.49000e+02
3220 -2.48000e+02
3433 -2.47000e+02
3489 -2.46000e+02
3593 -2.45000e+02
3708 -2.44000e+02
3819 -2.43000e+02
3838 -2.42000e+02
3851 -2.41000e+02
4067 -2.40000e+02
4115 -2.39000e+02
4159 -2.38000e+02
4330 -2.37000e+02
4380 -2.36000e+02
4401 -2.35000e+02
4473 -2.34000e+02
4680 -2.33000e+02
4795 -2.32000e+02
4883 -2.31000e+02
4945 -2.30000e+02
5080 -2.28000e+02
5154 -2.27000e+02
5178 -2.26000e+02
5223 -2.25000e+02
5269 -2.24000e+02
5320 -2.23000e+02
5330 -2.22000e+02
5354 -2.21000e+02
5437 -2.20000e+02
5616 -2.19000e+02
5646 -2.18000e+02
5690 -2.17000e+02
5787 -2.16000e+02
5812 -2.15000e+02
5880 -2.14000e+02
6016 -2.13000e+02
6042 -2.12000e+02
6073 -2.11000e+02
6180 -2.10000e+02
6381 -2.09000e+02
6447 -2.08000e+02
6484 -2.07000e+02
6574 -2.06000e+02
6595 -2.05000e+02
6672 -2.04000e+02
6769 -2.03000e+02
6974 -2.02000e+02
7008 -2.01000e+02
7037 -2.00000e+02
7080 -1.99000e+02
7171 -1.98000e+02
7222 -1.97000e+02
7320 -1.96000e+02
7331 -1.95000e+02
7332 -1.94000e+02
7426 -1.93000e+02
7558 -1.92000e+02
7622 -1.91000e+02
7630 -1.90000e+02
7665 -1.89000e+02
7720 -1.88000e+02
7775 -1.87000e+02
7851 -1.86000e+02
7888 -1.85000e+02
7952 -1.84000e+02
8030 -1.83000e+02
8038 -1.82000e+02
8066 -1.81000e+02
8110 -1.80000e+02
8155 -1.79000e+02
8159 -1.78000e+02
8213 -1.77000e+02
8221 -1.76000e+02
8341 -1.75000e+02
8362 -1.74000e+02
8413 -1.73000e+02
8459 -1.72000e+02
8510 -1.71000e+02
8577 -1.70000e+02
8618 -1.69000e+02
8677 -1.68000e+02
8753 -1.67000e+02
8972 -1.66000e+02
9010 -1.65000e+02
9074 -1.64000e+02
9109 -1.63000e+02
9167 -1.62000e+02
9295 -1.61000e+02
9361 -1.60000e+02
9383 -1.59000e+02
9450 -1.58000e+02
9619 -1.57000e+02
9720 -1.56000e+02
9932 -1.55000e+02
9981 -1.55000e+02
"function evaluation" "best-so-far f(x)"
1 -3.03000e+02
37 -3.02000e+02
68 -3.01000e+02
180 -3.00000e+02
275 -2.99000e+02
281 -2.98000e+02
403 -2.97000e+02
453 -2.96000e+02
492 -2.95000e+02
494 -2.94000e+02
538 -2.93000e+02
608 -2.92000e+02
723 -2.91000e+02
738 -2.90000e+02
806 -2.89000e+02
846 -2.88000e+02
889 -2.87000e+02
926 -2.86000e+02
949 -2.85000e+02
995 -2.84000e+02
1004 -2.83000e+02
1127 -2.82000e+02
1209 -2.80000e+02
1232 -2.79000e+02
1252 -2.78000e+02
1279 -2.77000e+02
1325 -2.76000e+02
1344 -2.75000e+02
1349 -2.74000e+02
1367 -2.73000e+02
1406 -2.72000e+02
1571 -2.71000e+02
1602 -2.70000e+02
1624 -2.69000e+02
1672 -2.68000e+02
1772 -2.67000e+02
1804 -2.66000e+02
1853 -2.65000e+02
1930 -2.64000e+02
2009 -2.63000e+02
2132 -2.62000e+02
2145 -2.61000e+02
2205 -2.60000e+02
2276 -2.59000e+02
2293 -2.57000e+02
2313 -2.56000e+02
2407 -2.55000e+02
2411 -2.54000e+02
2446 -2.53000e+02
2459 -2.52000e+02
2481 -2.51000e+02
2512 -2.50000e+02
2561 -2.49000e+02
2662 -2.48000e+02
2740 -2.46000e+02
2741 -2.45000e+02
2761 -2.44000e+02
2812 -2.43000e+02
2859 -2.42000e+02
2890 -2.41000e+02
2905 -2.40000e+02
2971 -2.39000e+02
3038 -2.38000e+02
3120 -2.36000e+02
3194 -2.35000e+02
3421 -2.33000e+02
3574 -2.32000e+02
3591 -2.31000e+02
3616 -2.30000e+02
3715 -2.29000e+02
3878 -2.28000e+02
3913 -2.27000e+02
4025 -2.26000e+02
4085 -2.25000e+02
4151 -2.24000e+02
4273 -2.23000e+02
4352 -2.22000e+02
4404 -2.21000e+02
4434 -2.20000e+02
4494 -2.19000e+02
4549 -2.18000e+02
4677 -2.17000e+02
4714 -2.16000e+02
4724 -2.15000e+02
4814 -2.14000e+02
4904 -2.13000e+02
4952 -2.12000e+02
5058 -2.11000e+02
5116 -2.10000e+02
5269 -2.09000e+02
5295 -2.08000e+02
5316 -2.07000e+02
5388 -2.06000e+02
5502 -2.04000e+02
5572 -2.03000e+02
5585 -2.02000e+02
5643 -2.01000e+02
5708 -2.00000e+02
5715 -1.99000e+02
5833 -1.98000e+02
5845 -1.97000e+02
5879 -1.96000e+02
6055 -1.95000e+02
6188 -1.94000e+02
6217 -1.93000e+02
6301 -1.92000e+02
6404 -1.91000e+02
6454 -1.90000e+02
6480 -1.89000e+02
6523 -1.88000e+02
6641 -1.87000e+02
6712 -1.86000e+02
6762 -1.85000e+02
6856 -1.84000e+02
6970 -1.82000e+02
7037 -1.81000e+02
7124 -1.80000e+02
7166 -1.79000e+02
7171 -1.78000e+02
7257 -1.77000e+02
7347 -1.76000e+02
7402 -1.75000e+02
7459 -1.74000e+02
7629 -1.73000e+02
7843 -1.72000e+02
8144 -1.71000e+02
8178 -1.70000e+02
8228 -1.69000e+02
8267 -1.68000e+02
8517 -1.67000e+02
8592 -1.66000e+02
8661 -1.65000e+02
8728 -1.64000e+02
8762 -1.63000e+02
8781 -1.62000e+02
8799 -1.61000e+02
8863 -1.60000e+02
8957 -1.59000e+02
9026 -1.58000e+02
9083 -1.57000e+02
9126 -1.56000e+02
9205 -1.55000e+02
9242 -1.54000e+02
9279 -1.53000e+02
9379 -1.52000e+02
9592 -1.51000e+02
9707 -1.50000e+02
9721 -1.49000e+02
9806 -1.47000e+02
9857 -1.46000e+02
9877 -1.45000e+02
9981 -1.45000e+02
"function evaluation" "best-so-far f(x)"
1 -3.03000e+02
45 -3.02000e+02
95 -3.01000e+02
162 -3.00000e+02
227 -2.99000e+02
244 -2.98000e+02
399 -2.97000e+02
544 -2.96000e+02
601 -2.95000e+02
640 -2.94000e+02
646 -2.93000e+02
708 -2.92000e+02
811 -2.91000e+02
819 -2.90000e+02
835 -2.89000e+02
853 -2.88000e+02
1009 -2.87000e+02
1044 -2.86000e+02
1055 -2.85000e+02
1098 -2.84000e+02
1131 -2.83000e+02
1180 -2.82000e+02
1309 -2.81000e+02
1315 -2.80000e+02
1348 -2.79000e+02
1415 -2.77000e+02
1458 -2.76000e+02
1503 -2.74000e+02
1618 -2.73000e+02
1749 -2.72000e+02
1846 -2.71000e+02
1904 -2.70000e+02
2034 -2.68000e+02
2063 -2.67000e+02
2126 -2.66000e+02
2137 -2.65000e+02
2265 -2.64000e+02
2363 -2.62000e+02
2420 -2.61000e+02
2457 -2.60000e+02
2495 -2.59000e+02
2501 -2.58000e+02
2516 -2.57000e+02
2570 -2.56000e+02
2612 -2.55000e+02
2661 -2.54000e+02
2692 -2.53000e+02
2716 -2.52000e+02
2757 -2.51000e+02
2766 -2.50000e+02
2830 -2.49000e+02
2841 -2.48000e+02
2931 -2.47000e+02
3007 -2.46000e+02
3035 -2.45000e+02
3062 -2.44000e+02
3094 -2.43000e+02
3144 -2.42000e+02
3163 -2.41000e+02
3243 -2.40000e+02
3319 -2.39000e+02
3355 -2.38000e+02
3467 -2.37000e+02
3584 -2.36000e+02
3639 -2.35000e+02
3732 -2.34000e+02
3754 -2.33000e+02
3856 -2.32000e+02
3896 -2.31000e+02
3931 -2.30000e+02
3946 -2.29000e+02
4012 -2.28000e+02
4019 -2.27000e+02
4103 -2.26000e+02
4128 -2.25000e+02
4174 -2.24000e+02
4215 -2.23000e+02
4293 -2.22000e+02
4691 -2.21000e+02
4726 -2.20000e+02
4787 -2.19000e+02
4932 -2.18000e+02
4994 -2.17000e+02
5006 -2.15000e+02
5039 -2.14000e+02
5175 -2.13000e+02
5176 -2.12000e+02
5253 -2.11000e+02
5285 -2.10000e+02
5288 -2.09000e+02
5311 -2.08000e+02
5351 -2.07000e+02
5466 -2.06000e+02
5538 -2.05000e+02
5599 -2.04000e+02
5674 -2.03000e+02
5722 -2.02000e+02
5741 -2.01000e+02
5766 -2.00000e+02
5808 -1.99000e+02
5838 -1.98000e+02
5921 -1.97000e+02
5978 -1.96000e+02
6009 -1.95000e+02
6060 -1.94000e+02
6083 -1.93000e+02
6176 -1.92000e+02
6205 -1.90000e+02
6467 -1.89000e+02
6505 -1.88000e+02
6628 -1.87000e+02
6823 -1.85000e+02
6844 -1.84000e+02
6861 -1.83000e+02
6915 -1.82000e+02
7009 -1.81000e+02
7109 -1.80000e+02
7210 -1.79000e+02
7311 -1.78000e+02
7360 -1.77000e+02
7414 -1.76000e+02
7458 -1.75000e+02
7793 -1.74000e+02
7843 -1.73000e+02
7952 -1.72000e+02
7974 -1.71000e+02
7997 -1.70000e+02
8006 -1.69000e+02
8041 -1.68000e+02
8080 -1.67000e+02
8154 -1.66000e+02
8229 -1.65000e+02
8259 -1.64000e+02
8450 -1.63000e+02
8468 -1.62000e+02
8587 -1.61000e+02
8610 -1.60000e+02
8683 -1.59000e+02
8752 -1.58000e+02
8772 -1.57000e+02
8900 -1.56000e+02
8995 -1.55000e+02
9103 -1.54000e+02
9146 -1.53000e+02
9191 -1.52000e+02
9209 -1.51000e+02
9312 -1.50000e+02
9502 -1.49000e+02
9574 -1.48000e+02
9615 -1.47000e+02
9867 -1.46000e+02
9950 -1.45000e+02
9981 -1.45000e+02
"function evaluation" "best-so-far f(x)"
1 -3.03000e+02
27 -3.02000e+02
62 -3.01000e+02
257 -3.00000e+02
389 -2.99000e+02
409 -2.98000e+02
415 -2.97000e+02
529 -2.95000e+02
554 -2.93000e+02
832 -2.92000e+02
851 -2.91000e+02
966 -2.90000e+02
1025 -2.89000e+02
1069 -2.88000e+02
1121 -2.87000e+02
1124 -2.86000e+02
1160 -2.85000e+02
1184 -2.84000e+02
1212 -2.83000e+02
1243 -2.82000e+02
1293 -2.81000e+02
1333 -2.79000e+02
1460 -2.78000e+02
1487 -2.77000e+02
1517 -2.76000e+02
1613 -2.75000e+02
1661 -2.74000e+02
1712 -2.73000e+02
1776 -2.71000e+02
1822 -2.70000e+02
1896 -2.69000e+02
1925 -2.68000e+02
1948 -2.67000e+02
1994 -2.66000e+02
2024 -2.65000e+02
2120 -2.64000e+02
2159 -2.63000e+02
2209 -2.62000e+02
2295 -2.61000e+02
2298 -2.60000e+02
2421 -2.59000e+02
2455 -2.58000e+02
2545 -2.57000e+02
2623 -2.56000e+02
2624 -2.55000e+02
2694 -2.53000e+02
2859 -2.52000e+02
2890 -2.51000e+02
3022 -2.50000e+02
3118 -2.49000e+02
3168 -2.48000e+02
3197 -2.47000e+02
3237 -2.46000e+02
3316 -2.45000e+02
3327 -2.44000e+02
3342 -2.43000e+02
3375 -2.42000e+02
3452 -2.41000e+02
3517 -2.40000e+02
3533 -2.39000e+02
3557 -2.38000e+02
3635 -2.37000e+02
3695 -2.36000e+02
3732 -2.35000e+02
3751 -2.34000e+02
3810 -2.33000e+02
3813 -2.32000e+02
3831 -2.31000e+02
3869 -2.30000e+02
3938 -2.29000e+02
4001 -2.28000e+02
4088 -2.27000e+02
4102 -2.26000e+02
4133 -2.25000e+02
4180 -2.24000e+02
4225 -2.23000e+02
4423 -2.22000e+02
4539 -2.21000e+02
4584 -2.20000e+02
4689 -2.19000e+02
4732 -2.18000e+02
4821 -2.16000e+02
4854 -2.15000e+02
4875 -2.14000e+02
4904 -2.13000e+02
5095 -2.12000e+02
5112 -2.11000e+02
5185 -2.10000e+02
5252 -2.09000e+02
5318 -2.07000e+02
5381 -2.06000e+02
5414 -2.05000e+02
5501 -2.04000e+02
5593 -2.03000e+02
5606 -2.02000e+02
5707 -2.01000e+02
5855 -2.00000e+02
5856 -1.99000e+02
6041 -1.98000e+02
6133 -1.97000e+02
6173 -1.96000e+02
6250 -1.95000e+02
6315 -1.94000e+02
6342 -1.93000e+02
6375 -1.92000e+02
6438 -1.91000e+02
6471 -1.90000e+02
6667 -1.89000e+02
6704 -1.88000e+02
6812 -1.87000e+02
6826 -1.86000e+02
6843 -1.85000e+02
6895 -1.84000e+02
6914 -1.83000e+02
7000 -1.82000e+02
7039 -1.81000e+02
7070 -1.80000e+02
7158 -1.79000e+02
7282 -1.78000e+02
7323 -1.77000e+02
7343 -1.76000e+02
7460 -1.74000e+02
7525 -1.73000e+02
7644 -1.72000e+02
7722 -1.71000e+02
7791 -1.70000e+02
7823 -1.69000e+02
8014 -1.68000e+02
8075 -1.67000e+02
8104 -1.66000e+02
8113 -1.65000e+02
8157 -1.64000e+02
8257 -1.63000e+02
8344 -1.62000e+02
8406 -1.61000e+02
8504 -1.60000e+02
8506 -1.59000e+02
8581 -1.58000e+02
8675 -1.57000e+02
8707 -1.56000e+02
8710 -1.55000e+02
8797 -1.54000e+02
8830 -1.53000e+02
8848 -1.52000e+02
9036 -1.51000e+02
9068 -1.50000e+02
9103 -1.49000e+02
9192 -1.47000e+02
9220 -1.46000e+02
9330 -1.45000e+02
9423 -1.44000e+02
9428 -1.43000e+02
9507 -1.41000e+02
9567 -1.40000e+02
9684 -1.39000e+02
9874 -1.38000e+02
9981 -1.38000e+02
"function evaluation" "best-so-far f(x)"
1 -3.03000e+02
54 -3.02000e+02
87 -3.01000e+02
106 -3.00000e+02
129 -2.99000e+02
161 -2.98000e+02
173 -2.97000e+02
206 -2.96000e+02
282 -2.95000e+02
307 -2.94000e+02
386 -2.93000e+02
481 -2.92000e+02
520 -2.91000e+02
529 -2.90000e+02
548 -2.89000e+02
573 -2.88000e+02
581 -2.87000e+02
600 -2.86000e+02
623 -2.85000e+02
771 -2.84000e+02
825 -2.83000e+02
913 -2.82000e+02
979 -2.81000e+02
1024 -2.80000e+02
1074 -2.79000e+02
1150 -2.78000e+02
1246 -2.77000e+02
1271 -2.76000e+02
1387 -2.75000e+02
1531 -2.74000e+02
1648 -2.73000e+02
1686 -2.72000e+02
1740 -2.71000e+02
1861 -2.70000e+02
1921 -2.69000e+02
1924 -2.68000e+02
1963 -2.67000e+02
2029 -2.66000e+02
2105 -2.65000e+02
2175 -2.64000e+02
2181 -2.63000e+02
2201 -2.62000e+02
2270 -2.61000e+02
2321 -2.60000e+02
2342 -2.59000e+02
2392 -2.58000e+02
2540 -2.57000e+02
2630 -2.56000e+02
2639 -2.55000e+02
2710 -2.54000e+02
2729 -2.53000e+02
2902 -2.52000e+02
2940 -2.51000e+02
3081 -2.50000e+02
3089 -2.49000e+02
3121 -2.48000e+02
3465 -2.47000e+02
3490 -2.46000e+02
3510 -2.45000e+02
3562 -2.44000e+02
3671 -2.43000e+02
3694 -2.42000e+02
3706 -2.41000e+02
3723 -2.40000e+02
3795 -2.39000e+02
3859 -2.38000e+02
3961 -2.37000e+02
3992 -2.36000e+02
4007 -2.35000e+02
4167 -2.34000e+02
4288 -2.33000e+02
4341 -2.32000e+02
4367 -2.31000e+02
4438 -2.30000e+02
4491 -2.29000e+02
4543 -2.28000e+02
4593 -2.27000e+02
4735 -2.26000e+02
4754 -2.25000e+02
4779 -2.24000e+02
4848 -2.23000e+02
4895 -2.22000e+02
4925 -2.21000e+02
4936 -2.20000e+02
5154 -2.19000e+02
5174 -2.18000e+02
5203 -2.17000e+02
5237 -2.16000e+02
5355 -2.15000e+02
5397 -2.14000e+02
5438 -2.13000e+02
5494 -2.12000e+02
5593 -2.11000e+02
5665 -2.10000e+02
5700 -2.09000e+02
5752 -2.08000e+02
5797 -2.07000e+02
5964 -2.06000e+02
5983 -2.05000e+02
5994 -2.04000e+02
6020 -2.03000e+02
6102 -2.02000e+02
6204 -2.01000e+02
6310 -2.00000e+02
6388 -1.99000e+02
6481 -1.98000e+02
6575 -1.97000e+02
6651 -1.96000e+02
6755 -1.95000e+02
6784 -1.94000e+02
6798 -1.93000e+02
6874 -1.92000e+02
6905 -1.91000e+02
7012 -1.90000e+02
7123 -1.89000e+02
7139 -1.88000e+02
7167 -1.86000e+02
7184 -1.85000e+02
7237 -1.84000e+02
7298 -1.83000e+02
7323 -1.82000e+02
7362 -1.81000e+02
7382 -1.80000e+02
7490 -1.79000e+02
7516 -1.78000e+02
7632 -1.77000e+02
7665 -1.76000e+02
7710 -1.75000e+02
7774 -1.74000e+02
7809 -1.73000e+02
7921 -1.72000e+02
7961 -1.71000e+02
8014 -1.70000e+02
8027 -1.69000e+02
8051 -1.68000e+02
8074 -1.67000e+02
8147 -1.66000e+02
8184 -1.65000e+02
8438 -1.64000e+02
8479 -1.63000e+02
8631 -1.62000e+02
8721 -1.61000e+02
8888 -1.60000e+02
8933 -1.59000e+02
8965 -1.58000e+02
9025 -1.57000e+02
9088 -1.55000e+02
9312 -1.54000e+02
9368 -1.53000e+02
9418 -1.52000e+02
9577 -1.51000e+02
9630 -1.49000e+02
9899 -1.48000e+02
9981 -1.48000e+02
"function evaluation" "best-so-far f(x)"
1 -3.03000e+02
6 -3.02000e+02
67 -3.01000e+02
101 -3.00000e+02
137 -2.99000e+02
200 -2.98000e+02
228 -2.97000e+02
282 -2.96000e+02
331 -2.95000e+02
415 -2.94000e+02
485 -2.93000e+02
522 -2.92000e+02
620 -2.91000e+02
639 -2.90000e+02
685 -2.89000e+02
704 -2.88000e+02
745 -2.87000e+02
758 -2.86000e+02
806 -2.85000e+02
871 -2.84000e+02
890 -2.83000e+02
930 -2.82000e+02
992 -2.81000e+02
1059 -2.80000e+02
1120 -2.79000e+02
1146 -2.78000e+02
1207 -2.77000e+02
1300 -2.76000e+02
1343 -2.75000e+02
1406 -2.74000e+02
1435 -2.73000e+02
1553 -2.72000e+02
1669 -2.71000e+02
1761 -2.70000e+02
1791 -2.69000e+02
1877 -2.68000e+02
1968 -2.67000e+02
2017 -2.66000e+02
2029 -2.65000e+02
2059 -2.64000e+02
2170 -2.63000e+02
2208 -2.62000e+02
2294 -2.61000e+02
2327 -2.60000e+02
2365 -2.59000e+02
2508 -2.56000e+02
2550 -2.55000e+02
2625 -2.54000e+02
2684 -2.53000e+02
2702 -2.52000e+02
2870 -2.51000e+02
2931 -2.50000e+02
2952 -2.49000e+02
3028 -2.48000e+02
3187 -2.47000e+02
3236 -2.46000e+02
3271 -2.45000e+02
3330 -2.44000e+02
3467 -2.43000e+02
3562 -2.42000e+02
3601 -2.41000e+02
3606 -2.40000e+02
3633 -2.39000e+02
3800 -2.38000e+02
3846 -2.37000e+02
3890 -2.36000e+02
3941 -2.35000e+02
3967 -2.34000e+02
4084 -2.33000e+02
4110 -2.32000e+02
4165 -2.31000e+02
4240 -2.30000e+02
4246 -2.29000e+02
4324 -2.28000e+02
4467 -2.27000e+02
4478 -2.26000e+02
4516 -2.25000e+02
4679 -2.24000e+02
4683 -2.23000e+02
4713 -2.22000e+02
4793 -2.21000e+02
4926 -2.20000e+02
4980 -2.19000e+02
5137 -2.18000e+02
5182 -2.17000e+02
5183 -2.16000e+02
5215 -2.15000e+02
5228 -2.14000e+02
5328 -2.13000e+02
5366 -2.12000e+02
5459 -2.10000e+02
5501 -2.09000e+02
5586 -2.08000e+02
5707 -2.07000e+02
5743 -2.06000e+02
5805 -2.05000e+02
5850 -2.04000e+02
5898 -2.03000e+02
6023 -2.02000e+02
6117 -2.01000e+02
6186 -2.00000e+02
6286 -1.99000e+02
6338 -1.97000e+02
6387 -1.95000e+02
6493 -1.94000e+02
6594 -1.93000e+02
6701 -1.91000e+02
6772 -1.90000e+02
6814 -1.89000e+02
6842 -1.88000e+02
6849 -1.87000e+02
6894 -1.86000e+02
6991 -1.84000e+02
7014 -1.83000e+02
7071 -1.82000e+02
7121 -1.81000e+02
7200 -1.80000e+02
7243 -1.79000e+02
7306 -1.78000e+02
7398 -1.77000e+02
7504 -1.75000e+02
7564 -1.74000e+02
7586 -1.73000e+02
7653 -1.72000e+02
7678 -1.71000e+02
7749 -1.70000e+02
7779 -1.69000e+02
7814 -1.68000e+02
7849 -1.67000e+02
7875 -1.66000e+02
8271 -1.65000e+02
8362 -1.64000e+02
8444 -1.63000e+02
8549 -1.62000e+02
8587 -1.61000e+02
8621 -1.60000e+02
8679 -1.59000e+02
8719 -1.58000e+02
8809 -1.57000e+02
8873 -1.56000e+02
8888 -1.55000e+02
8998 -1.54000e+02
9010 -1.52000e+02
9034 -1.51000e+02
9062 -1.50000e+02
9329 -1.49000e+02
9401 -1.48000e+02
9479 -1.47000e+02
9603 -1.46000e+02
9687 -1.45000e+02
9751 -1.44000e+02
9799 -1.43000e+02
9811 -1.42000e+02
9877 -1.41000e+02
9961 -1.40000e+02
9981 -1.40000e+02
"function evaluation" "best-so-far f(x)"
1 -3.03000e+02
11 -3.02000e+02
35 -3.00000e+02
79 -2.99000e+02
106 -2.98000e+02
179 -2.97000e+02
210 -2.96000e+02
234 -2.95000e+02
323 -2.94000e+02
468 -2.93000e+02
477 -2.92000e+02
507 -2.91000e+02
519 -2.90000e+02
597 -2.88000e+02
633 -2.87000e+02
678 -2.86000e+02
699 -2.85000e+02
712 -2.84000e+02
753 -2.83000e+02
755 -2.82000e+02
807 -2.81000e+02
882 -2.80000e+02
920 -2.79000e+02
969 -2.78000e+02
1045 -2.77000e+02
1081 -2.76000e+02
1178 -2.75000e+02
1211 -2.74000e+02
1330 -2.73000e+02
1401 -2.72000e+02
1457 -2.71000e+02
1488 -2.70000e+02
1515 -2.69000e+02
1611 -2.68000e+02
1665 -2.67000e+02
1691 -2.66000e+02
1735 -2.65000e+02
1794 -2.64000e+02
1873 -2.63000e+02
1918 -2.62000e+02
1988 -2.61000e+02
2105 -2.60000e+02
2110 -2.59000e+02
2154 -2.58000e+02
2204 -2.57000e+02
2247 -2.56000e+02
2313 -2.55000e+02
2373 -2.54000e+02
2414 -2.53000e+02
2448 -2.52000e+02
2471 -2.51000e+02
2518 -2.50000e+02
2591 -2.49000e+02
2600 -2.48000e+02
2706 -2.47000e+02
2831 -2.46000e+02
2847 -2.45000e+02
2866 -2.44000e+02
2895 -2.43000e+02
2905 -2.42000e+02
2937 -2.41000e+02
3044 -2.40000e+02
3093 -2.39000e+02
3177 -2.38000e+02
3316 -2.37000e+02
3353 -2.36000e+02
3432 -2.35000e+02
3611 -2.34000e+02
3678 -2.33000e+02
3715 -2.32000e+02
3773 -2.31000e+02
3891 -2.30000e+02
3934 -2.29000e+02
3969 -2.28000e+02
4017 -2.27000e+02
4072 -2.26000e+02
4336 -2.25000e+02
4425 -2.24000e+02
4472 -2.23000e+02
4664 -2.22000e+02
4714 -2.21000e+02
4851 -2.20000e+02
4875 -2.19000e+02
4911 -2.18000e+02
4928 -2.17000e+02
5019 -2.16000e+02
5117 -2.15000e+02
5138 -2.14000e+02
5201 -2.13000e+02
5217 -2.12000e+02
5219 -2.11000e+02
5257 -2.10000e+02
5345 -2.09000e+02
5380 -2.08000e+02
5499 -2.07000e+02
5604 -2.06000e+02
5716 -2.05000e+02
5744 -2.04000e+02
5866 -2.03000e+02
5912 -2.02000e+02
5946 -2.01000e+02
6061 -2.00000e+02
6093 -1.99000e+02
6123 -1.98000e+02
6195 -1.97000e+02
6282 -1.96000e+02
6320 -1.95000e+02
6389 -1.94000e+02
6425 -1.93000e+02
6467 -1.92000e+02
6520 -1.91000e+02
6581 -1.90000e+02
6612 -1.89000e+02
6746 -1.88000e+02
6808 -1.87000e+02
6856 -1.86000e+02
6900 -1.85000e+02
6909 -1.84000e+02
6939 -1.83000e+02
7205 -1.82000e+02
7348 -1.81000e+02
7417 -1.80000e+02
7504 -1.79000e+02
7534 -1.78000e+02
7554 -1.77000e+02
7584 -1.76000e+02
7593 -1.75000e+02
7764 -1.74000e+02
7773 -1.73000e+02
7845 -1.72000e+02
7870 -1.71000e+02
8006 -1.70000e+02
8117 -1.69000e+02
8208 -1.68000e+02
8303 -1.67000e+02
8373 -1.66000e+02
8549 -1.65000e+02
8611 -1.64000e+02
8687 -1.63000e+02
8704 -1.61000e+02
8716 -1.60000e+02
8740 -1.59000e+02
8868 -1.58000e+02
8889 -1.57000e+02
8931 -1.56000e+02
9050 -1.55000e+02
9076 -1.54000e+02
9128 -1.53000e+02
9154 -1.52000e+02
9246 -1.51000e+02
9253 -1.50000e+02
9397 -1.49000e+02
9484 -1.48000e+02
9636 -1.47000e+02
9715 -1.46000e+02
9740 -1.45000e+02
9981 -1.45000e+02
"function evaluation" "best-so-far f(x)"
1 -3.03000e+02
43 -3.02000e+02
78 -3.01000e+02
177 -2.99000e+02
295 -2.98000e+02
347 -2.97000e+02
404 -2.96000e+02
462 -2.95000e+02
482 -2.94000e+02
526 -2.93000e+02
574 -2.92000e+02
611 -2.91000e+02
690 -2.90000e+02
695 -2.89000e+02
783 -2.88000e+02
800 -2.87000e+02
825 -2.85000e+02
878 -2.84000e+02
940 -2.83000e+02
1012 -2.82000e+02
1027 -2.81000e+02
1158 -2.80000e+02
1159 -2.79000e+02
1198 -2.78000e+02
1238 -2.77000e+02
1246 -2.76000e+02
1270 -2.75000e+02
1308 -2.74000e+02
1351 -2.73000e+02
1372 -2.72000e+02
1418 -2.71000e+02
1441 -2.70000e+02
1512 -2.69000e+02
1525 -2.68000e+02
1531 -2.67000e+02
1558 -2.66000e+02
1630 -2.65000e+02
1656 -2.64000e+02
1763 -2.63000e+02
1790 -2.62000e+02
1816 -2.61000e+02
1868 -2.60000e+02
1891 -2.59000e+02
1938 -2.58000e+02
2006 -2.57000e+02
2093 -2.56000e+02
2113 -2.55000e+02
2123 -2.53000e+02
2147 -2.52000e+02
2270 -2.51000e+02
2285 -2.50000e+02
2312 -2.49000e+02
2334 -2.48000e+02
2438 -2.47000e+02
2463 -2.46000e+02
2508 -2.45000e+02
2519 -2.44000e+02
2543 -2.43000e+02
2620 -2.42000e+02
2629 -2.41000e+02
2719 -2.40000e+02
2768 -2.39000e+02
2846 -2.38000e+02
2979 -2.37000e+02
3009 -2.36000e+02
3061 -2.35000e+02
3110 -2.34000e+02
3193 -2.33000e+02
3267 -2.32000e+02
3299 -2.31000e+02
3364 -2.30000e+02
3400 -2.29000e+02
3508 -2.28000e+02
3625 -2.27000e+02
3641 -2.26000e+02
3676 -2.25000e+02
3837 -2.24000e+02
3954 -2.23000e+02
4058 -2.22000e+02
4083 -2.21000e+02
4116 -2.20000e+02
4209 -2.19000e+02
4240 -2.18000e+02
4279 -2.17000e+02
4400 -2.16000e+02
4436 -2.15000e+02
4438 -2.14000e+02
4517 -2.13000e+02
4654 -2.12000e+02
4724 -2.11000e+02
4740 -2.10000e+02
4780 -2.09000e+02
4832 -2.08000e+02
4877 -2.07000e+02
4975 -2.06000e+02
4979 -2.05000e+02
5060 -2.04000e+02
5203 -2.03000e+02
5204 -2.02000e+02
5445 -2.01000e+02
5533 -2.00000e+02
5586 -1.99000e+02
5645 -1.98000e+02
5684 -1.97000e+02
5961 -1.96000e+02
6013 -1.95000e+02
6098 -1.94000e+02
6157 -1.93000e+02
6311 -1.92000e+02
6348 -1.91000e+02
6381 -1.90000e+02
6396 -1.89000e+02
6570 -1.88000e+02
6631 -1.87000e+02
6681 -1.86000e+02
6767 -1.85000e+02
6867 -1.84000e+02
6946 -1.83000e+02
6989 -1.82000e+02
7001 -1.81000e+02
7004 -1.80000e+02
7071 -1.79000e+02
7187 -1.78000e+02
7222 -1.77000e+02
7299 -1.76000e+02
7329 -1.75000e+02
7346 -1.74000e+02
7413 -1.73000e+02
7424 -1.72000e+02
7557 -1.71000e+02
7592 -1.70000e+02
7653 -1.69000e+02
7733 -1.68000e+02
7781 -1.67000e+02
7799 -1.66000e+02
7811 -1.65000e+02
7937 -1.64000e+02
8031 -1.63000e+02
8062 -1.62000e+02
8084 -1.61000e+02
8117 -1.60000e+02
8146 -1.59000e+02
8171 -1.58000e+02
8231 -1.57000e+02
8282 -1.56000e+02
8328 -1.55000e+02
8427 -1.54000e+02
8596 -1.53000e+02
8699 -1.52000e+02
8762 -1.51000e+02
8827 -1.50000e+02
8847 -1.49000e+02
8863 -1.48000e+02
8892 -1.47000e+02
8970 -1.46000e+02
9006 -1.45000e+02
9125 -1.44000e+02
9144 -1.43000e+02
9159 -1.42000e+02
9247 -1.41000e+02
9429 -1.40000e+02
9474 -1.39000e+02
9563 -1.38000e+02
9633 -1.37000e+02
9849 -1.36000e+02
9928 -1.35000e+02
9981 -1.34000e+02
"function evaluation" "best-so-far f(x)"
1 -3.03000e+02
37 -3.02000e+02
82 -3.01000e+02
178 -3.00000e+02
217 -2.99000e+02
252 -2.98000e+02
304 -2.97000e+02
450 -2.96000e+02
496 -2.95000e+02
533 -2.94000e+02
577 -2.93000e+02
619 -2.92000e+02
652 -2.91000e+02
700 -2.89000e+02
776 -2.88000e+02
806 -2.85000e+02
816 -2.84000e+02
857 -2.83000e+02
913 -2.82000e+02
951 -2.81000e+02
1006 -2.80000e+02
1088 -2.79000e+02
1090 -2.78000e+02
1142 -2.77000e+02
1183 -2.76000e+02
1241 -2.75000e+02
1294 -2.74000e+02
1411 -2.73000e+02
1492 -2.72000e+02
1567 -2.71000e+02
1649 -2.70000e+02
1746 -2.69000e+02
1782 -2.68000e+02
1839 -2.67000e+02
1858 -2.66000e+02
1910 -2.65000e+02
1929 -2.64000e+02
1953 -2.63000e+02
1998 -2.62000e+02
2047 -2.61000e+02
2099 -2.60000e+02
2150 -2.59000e+02
2184 -2.58000e+02
2232 -2.57000e+02
2302 -2.56000e+02
2425 -2.55000e+02
2517 -2.54000e+02
2602 -2.53000e+02
2647 -2.52000e+02
2701 -2.51000e+02
2819 -2.50000e+02
2856 -2.49000e+02
2887 -2.48000e+02
2935 -2.47000e+02
3026 -2.46000e+02
3044 -2.45000e+02
3104 -2.44000e+02
3127 -2.42000e+02
3335 -2.41000e+02
3414 -2.40000e+02
3476 -2.39000e+02
3625 -2.38000e+02
3643 -2.37000e+02
3710 -2.36000e+02
3756 -2.35000e+02
3787 -2.34000e+02
3833 -2.33000e+02
3872 -2.32000e+02
3948 -2.31000e+02
4077 -2.30000e+02
4144 -2.29000e+02
4271 -2.28000e+02
4383 -2.27000e+02
4444 -2.26000e+02
4494 -2.25000e+02
4537 -2.24000e+02
4615 -2.23000e+02
4643 -2.22000e+02
4794 -2.21000e+02
5072 -2.20000e+02
5119 -2.19000e+02
5128 -2.18000e+02
5176 -2.17000e+02
5227 -2.16000e+02
5266 -2.15000e+02
5278 -2.14000e+02
5364 -2.13000e+02
5406 -2.12000e+02
5480 -2.11000e+02
5558 -2.10000e+02
5598 -2.09000e+02
5626 -2.08000e+02
5654 -2.07000e+02
5778 -2.06000e+02
5904 -2.05000e+02
5970 -2.04000e+02
6005 -2.03000e+02
6028 -2.02000e+02
6064 -2.01000e+02
6122 -2.00000e+02
6190 -1.99000e+02
6365 -1.98000e+02
6498 -1.97000e+02
6531 -1.96000e+02
6539 -1.95000e+02
6661 -1.94000e+02
6730 -1.92000e+02
6830 -1.91000e+02
6864 -1.90000e+02
7029 -1.89000e+02
7178 -1.88000e+02
7306 -1.87000e+02
7414 -1.86000e+02
7464 -1.85000e+02
7493 -1.84000e+02
7511 -1.83000e+02
7513 -1.82000e+02
7530 -1.81000e+02
7548 -1.80000e+02
7614 -1.79000e+02
7699 -1.78000e+02
7772 -1.77000e+02
7818 -1.76000e+02
7838 -1.75000e+02
7906 -1.74000e+02
8198 -1.73000e+02
8207 -1.72000e+02
8304 -1.71000e+02
8378 -1.70000e+02
8383 -1.69000e+02
8412 -1.68000e+02
8458 -1.67000e+02
8518 -1.66000e+02
8730 -1.65000e+02
8837 -1.64000e+02
8877 -1.63000e+02
8917 -1.62000e+02
8963 -1.61000e+02
8973 -1.60000e+02
9041 -1.59000e+02
9284 -1.58000e+02
9350 -1.57000e+02
9419 -1.56000e+02
9496 -1.55000e+02
9543 -1.54000e+02
9615 -1.53000e+02
9683 -1.52000e+02
9745 -1.51000e+02
9800 -1.50000e+02
9817 -1.49000e+02
9913 -1.48000e+02
9958 -1.47000e+02
9981 -1.47000e+02
"function evaluation" "best-so-far f(x)"
1 -3.03000e+02
18 -3.02000e+02
49 -3.01000e+02
96 -3.00000e+02
151 -2.99000e+02
202 -2.98000e+02
274 -2.97000e+02
349 -2.96000e+02
406 -2.95000e+02
432 -2.94000e+02
499 -2.93000e+02
560 -2.92000e+02
742 -2.90000e+02
774 -2.89000e+02
810 -2.88000e+02
827 -2.87000e+02
829 -2.86000e+02
860 -2.85000e+02
885 -2.84000e+02
922 -2.83000e+02
1092 -2.82000e+02
1153 -2.81000e+02
1178 -2.80000e+02
1204 -2.79000e+02
1231 -2.78000e+02
1275 -2.77000e+02
1284 -2.76000e+02
1384 -2.75000e+02
1403 -2.74000e+02
1453 -2.73000e+02
1499 -2.72000e+02
1557 -2.71000e+02
1574 -2.70000e+02
1577 -2.69000e+02
1587 -2.68000e+02
1622 -2.67000e+02
1633 -2.66000e+02
1642 -2.64000e+02
1816 -2.63000e+02
2046 -2.62000e+02
2211 -2.61000e+02
2249 -2.60000e+02
2285 -2.59000e+02
2303 -2.58000e+02
2376 -2.57000e+02
2390 -2.56000e+02
2504 -2.55000e+02
2627 -2.54000e+02
2686 -2.53000e+02
2773 -2.51000e+02
2815 -2.50000e+02
2820 -2.49000e+02
2889 -2.48000e+02
2992 -2.47000e+02
3137 -2.46000e+02
3141 -2.45000e+02
3176 -2.44000e+02
3203 -2.43000e+02
3253 -2.42000e+02
3294 -2.41000e+02
3326 -2.40000e+02
3397 -2.39000e+02
3432 -2.38000e+02
3490 -2.37000e+02
3506 -2.36000e+02
3511 -2.35000e+02
3620 -2.34000e+02
3646 -2.33000e+02
3693 -2.32000e+02
3846 -2.31000e+02
3906 -2.30000e+02
3985 -2.29000e+02
4116 -2.28000e+02
4222 -2.27000e+02
4305 -2.26000e+02
4323 -2.25000e+02
4388 -2.24000e+02
4509 -2.23000e+02
4598 -2.22000e+02
4634 -2.21000e+02
4735 -2.19000e+02
4767 -2.18000e+02
4794 -2.17000e+02
4809 -2.16000e+02
4827 -2.15000e+02
4910 -2.14000e+02
4987 -2.13000e+02
5263 -2.12000e+02
5288 -2.11000e+02
5398 -2.10000e+02
5427 -2.09000e+02
5438 -2.08000e+02
5461 -2.07000e+02
5536 -2.06000e+02
5678 -2.05000e+02
5810 -2.04000e+02
5844 -2.03000e+02
5961 -2.02000e+02
5988 -2.01000e+02
5997 -2.00000e+02
6014 -1.99000e+02
6101 -1.98000e+02
6249 -1.97000e+02
6335 -1.96000e+02
6372 -1.95000e+02
6380 -1.94000e+02
6425 -1.92000e+02
6555 -1.91000e+02
6608 -1.90000e+02
6690 -1.88000e+02
6716 -1.87000e+02
6720 -1.86000e+02
6780 -1.85000e+02
6845 -1.84000e+02
6929 -1.83000e+02
7027 -1.82000e+02
7107 -1.81000e+02
7112 -1.80000e+02
7156 -1.79000e+02
7191 -1.78000e+02
7199 -1.77000e+02
7262 -1.76000e+02
7288 -1.75000e+02
7361 -1.74000e+02
7428 -1.73000e+02
7594 -1.72000e+02
7697 -1.71000e+02
7768 -1.70000e+02
7972 -1.69000e+02
8070 -1.68000e+02
8096 -1.67000e+02
8116 -1.66000e+02
8152 -1.65000e+02
8190 -1.64000e+02
8232 -1.63000e+02
8293 -1.62000e+02
8326 -1.61000e+02
8500 -1.60000e+02
8629 -1.59000e+02
8690 -1.58000e+02
8835 -1.57000e+02
8884 -1.56000e+02
8970 -1.55000e+02
8994 -1.54000e+02
9238 -1.53000e+02
9326 -1.52000e+02
9474 -1.51000e+02
9543 -1.50000e+02
9682 -1.49000e+02
9842 -1.47000e+02
9952 -1.46000e+02
9981 -1.46000e+02
"function evaluation" "best-so-far f(x)"
1 -3.03000e+02
11 -3.02000e+02
17 -3.01000e+02
36 -3.00000e+02
89 -2.99000e+02
172 -2.98000e+02
231 -2.97000e+02
234 -2.96000e+02
258 -2.95000e+02
386 -2.94000e+02
423 -2.93000e+02
439 -2.92000e+02
502 -2.91000e+02
563 -2.90000e+02
600 -2.89000e+02
657 -2.88000e+02
777 -2.87000e+02
784 -2.86000e+02
823 -2.85000e+02
846 -2.84000e+02
871 -2.83000e+02
956 -2.82000e+02
979 -2.81000e+02
1057 -2.80000e+02
1075 -2.79000e+02
1222 -2.78000e+02
1226 -2.77000e+02
1234 -2.76000e+02
1335 -2.74000e+02
1411 -2.73000e+02
1443 -2.72000e+02
1551 -2.71000e+02
1559 -2.70000e+02
1579 -2.69000e+02
1656 -2.68000e+02
1701 -2.67000e+02
1718 -2.66000e+02
1765 -2.65000e+02
1871 -2.64000e+02
1904 -2.63000e+02
2013 -2.62000e+02
2022 -2.61000e+02
2054 -2.60000e+02
2123 -2.59000e+02
2194 -2.58000e+02
2288 -2.57000e+02
2305 -2.56000e+02
2323 -2.55000e+02
2356 -2.54000e+02
2371 -2.53000e+02
2397 -2.52000e+02
2460 -2.51000e+02
2515 -2.50000e+02
2539 -2.49000e+02
2593 -2.48000e+02
2668 -2.47000e+02
2835 -2.46000e+02
2911 -2.45000e+02
3036 -2.44000e+02
3089 -2.43000e+02
3126 -2.42000e+02
3186 -2.41000e+02
3251 -2.40000e+02
3269 -2.39000e+02
3293 -2.38000e+02
3350 -2.37000e+02
3424 -2.36000e+02
3527 -2.35000e+02
3550 -2.34000e+02
3677 -2.33000e+02
3692 -2.32000e+02
3775 -2.30000e+02
3845 -2.29000e+02
3868 -2.28000e+02
3968 -2.27000e+02
4011 -2.26000e+02
4052 -2.25000e+02
4191 -2.24000e+02
4238 -2.23000e+02
4370 -2.22000e+02
4401 -2.21000e+02
4430 -2.20000e+02
4516 -2.19000e+02
4560 -2.18000e+02
4622 -2.17000e+02
4774 -2.16000e+02
4884 -2.15000e+02
4913 -2.14000e+02
4969 -2.13000e+02
5015 -2.12000e+02
5032 -2.11000e+02
5085 -2.10000e+02
5218 -2.09000e+02
5288 -2.08000e+02
5341 -2.07000e+02
5388 -2.06000e+02
5490 -2.05000e+02
5582 -2.04000e+02
5659 -2.03000e+02
5724 -2.02000e+02
5744 -2.01000e+02
5800 -2.00000e+02
5895 -1.99000e+02
5897 -1.97000e+02
6072 -1.96000e+02
6142 -1.95000e+02
6158 -1.94000e+02
6194 -1.93000e+02
6262 -1.92000e+02
6357 -1.91000e+02
6542 -1.90000e+02
6623 -1.88000e+02
6737 -1.87000e+02
6774 -1.86000e+02
6848 -1.85000e+02
6861 -1.84000e+02
6867 -1.83000e+02
6941 -1.82000e+02
7067 -1.81000e+02
7149 -1.80000e+02
7161 -1.79000e+02
7214 -1.78000e+02
7287 -1.77000e+02
7425 -1.76000e+02
7435 -1.75000e+02
7466 -1.74000e+02
7623 -1.73000e+02
7697 -1.72000e+02
7760 -1.71000e+02
7814 -1.70000e+02
7856 -1.69000e+02
7900 -1.68000e+02
7965 -1.67000e+02
8010 -1.66000e+02
8104 -1.65000e+02
8176 -1.64000e+02
8191 -1.63000e+02
8236 -1.62000e+02
8268 -1.61000e+02
8382 -1.60000e+02
8416 -1.59000e+02
8670 -1.58000e+02
8776 -1.57000e+02
8802 -1.56000e+02
8953 -1.55000e+02
8978 -1.54000e+02
9033 -1.53000e+02
9127 -1.52000e+02
9264 -1.51000e+02
9295 -1.50000e+02
9318 -1.49000e+02
9355 -1.48000e+02
9425 -1.47000e+02
9467 -1.46000e+02
9500 -1.45000e+02
9609 -1.44000e+02
9775 -1.43000e+02
9951 -1.42000e+02
9973 -1.41000e+02
9981 -1.41000e+02
