"function evaluation" "best-so-far f(x)"
1 -3.03000e+02
70 -3.02000e+02
109 -3.01000e+02
249 -3.00000e+02
334 -2.99000e+02
349 -2.98000e+02
425 -2.97000e+02
460 -2.96000e+02
464 -2.95000e+02
477 -2.93000e+02
530 -2.92000e+02
593 -2.91000e+02
636 -2.90000e+02
681 -2.89000e+02
703 -2.88000e+02
731 -2.87000e+02
799 -2.86000e+02
803 -2.85000e+02
849 -2.84000e+02
891 -2.83000e+02
949 -2.82000e+02
982 -2.81000e+02
989 -2.80000e+02
1051 -2.79000e+02
1076 -2.78000e+02
1084 -2.77000e+02
1145 -2.76000e+02
1221 -2.75000e+02
1287 -2.74000e+02
1327 -2.73000e+02
1375 -2.72000e+02
1401 -2.71000e+02
1453 -2.70000e+02
1505 -2.69000e+02
1569 -2.68000e+02
1607 -2.67000e+02
1642 -2.66000e+02
1654 -2.65000e+02
1712 -2.63000e+02
1779 -2.61000e+02
1820 -2.60000e+02
1838 -2.59000e+02
1862 -2.58000e+02
1884 -2.57000e+02
1948 -2.56000e+02
2032 -2.55000e+02
2140 -2.54000e+02
2151 -2.53000e+02
2168 -2.52000e+02
2241 -2.51000e+02
2328 -2.50000e+02
2368 -2.49000e+02
2404 -2.48000e+02
2428 -2.47000e+02
2516 -2.46000e+02
2563 -2.45000e+02
2637 -2.44000e+02
2640 -2.43000e+02
2713 -2.42000e+02
2780 -2.41000e+02
2784 -2.40000e+02
2800 -2.39000e+02
2831 -2.38000e+02
2854 -2.37000e+02
2929 -2.36000e+02
3066 -2.35000e+02
3101 -2.34000e+02
3133 -2.32000e+02
3208 -2.31000e+02
3246 -2.30000e+02
3268 -2.29000e+02
3332 -2.28000e+02
3364 -2.27000e+02
3423 -2.26000e+02
3473 -2.25000e+02
3478 -2.24000e+02
3501 -2.23000e+02
3504 -2.22000e+02
3601 -2.21000e+02
3640 -2.20000e+02
3676 -2.19000e+02
3709 -2.18000e+02
3754 -2.17000e+02
3802 -2.16000e+02
3866 -2.15000e+02
3977 -2.14000e+02
4081 -2.13000e+02
4164 -2.12000e+02
4210 -2.11000e+02
4286 -2.10000e+02
4317 -2.09000e+02
4326 -2.08000e+02
4364 -2.07000e+02
4374 -2.06000e+02
4472 -2.05000e+02
4475 -2.04000e+02
4526 -2.03000e+02
4590 -2.02000e+02
4625 -2.01000e+02
4666 -2.00000e+02
4783 -1.99000e+02
4884 -1.98000e+02
5072 -1.97000e+02
5124 -1.96000e+02
5131 -1.95000e+02
5152 -1.94000e+02
5236 -1.93000e+02
5264 -1.92000e+02
5308 -1.91000e+02
5408 -1.90000e+02
5479 -1.89000e+02
5483 -1.88000e+02
5549 -1.87000e+02
5569 -1.86000e+02
5595 -1.84000e+02
5646 -1.83000e+02
5785 -1.82000e+02
5791 -1.81000e+02
5842 -1.80000e+02
5879 -1.79000e+02
6018 -1.78000e+02
6132 -1.76000e+02
6198 -1.75000e+02
6234 -1.74000e+02
6265 -1.73000e+02
6271 -1.72000e+02
6273 -1.71000e+02
6341 -1.70000e+02
6411 -1.69000e+02
6452 -1.68000e+02
6545 -1.67000e+02
6628 -1.66000e+02
6653 -1.65000e+02
6703 -1.64000e+02
6775 -1.63000e+02
6814 -1.62000e+02
6827 -1.61000e+02
6831 -1.60000e+02
6929 -1.59000e+02
6941 -1.58000e+02
6963 -1.57000e+02
7028 -1.56000e+02
7075 -1.55000e+02
7103 -1.54000e+02
7241 -1.53000e+02
7266 -1.52000e+02
7389 -1.51000e+02
7391 -1.50000e+02
7527 -1.49000e+02
7714 -1.48000e+02
7788 -1.47000e+02
7851 -1.46000e+02
7862 -1.45000e+02
7917 -1.44000e+02
7958 -1.43000e+02
8076 -1.42000e+02
8125 -1.40000e+02
8171 -1.38000e+02
8231 -1.37000e+02
8393 -1.36000e+02
8657 -1.35000e+02
8689 -1.34000e+02
8751 -1.33000e+02
8869 -1.32000e+02
8891 -1.31000e+02
8976 -1.30000e+02
8988 -1.29000e+02
9011 -1.28000e+02
9072 -1.27000e+02
9137 -1.26000e+02
9171 -1.25000e+02
9222 -1.23000e+02
9266 -1.22000e+02
9339 -1.21000e+02
9402 -1.20000e+02
9518 -1.19000e+02
9604 -1.18000e+02
9685 -1.17000e+02
9699 -1.16000e+02
9740 -1.15000e+02
9771 -1.14000e+02
9842 -1.13000e+02
9878 -1.12000e+02
9981 -1.12000e+02
"function evaluation" "best-so-far f(x)"
1 -3.03000e+02
61 -3.02000e+02
82 -3.01000e+02
151 -3.00000e+02
187 -2.99000e+02
238 -2.98000e+02
306 -2.97000e+02
348 -2.96000e+02
362 -2.95000e+02
435 -2.94000e+02
459 -2.93000e+02
477 -2.92000e+02
497 -2.91000e+02
563 -2.90000e+02
573 -2.89000e+02
590 -2.88000e+02
653 -2.87000e+02
684 -2.86000e+02
737 -2.85000e+02
814 -2.84000e+02
831 -2.83000e+02
843 -2.82000e+02
907 -2.81000e+02
918 -2.80000e+02
931 -2.79000e+02
1015 -2.78000e+02
1064 -2.77000e+02
1150 -2.76000e+02
1222 -2.74000e+02
1237 -2.73000e+02
1258 -2.72000e+02
1275 -2.71000e+02
1351 -2.69000e+02
1457 -2.68000e+02
1463 -2.66000e+02
1569 -2.65000e+02
1612 -2.64000e+02
1645 -2.62000e+02
1687 -2.61000e+02
1765 -2.60000e+02
1780 -2.59000e+02
1844 -2.58000e+02
1877 -2.57000e+02
1907 -2.56000e+02
1937 -2.55000e+02
1999 -2.54000e+02
2031 -2.53000e+02
2065 -2.52000e+02
2108 -2.51000e+02
2128 -2.50000e+02
2199 -2.49000e+02
2288 -2.48000e+02
2334 -2.47000e+02
2481 -2.46000e+02
2573 -2.45000e+02
2634 -2.44000e+02
2704 -2.43000e+02
2785 -2.42000e+02
2799 -2.41000e+02
2823 -2.40000e+02
2850 -2.39000e+02
2859 -2.38000e+02
3041 -2.37000e+02
3050 -2.36000e+02
3123 -2.35000e+02
3179 -2.34000e+02
3245 -2.33000e+02
3305 -2.32000e+02
3375 -2.31000e+02
3427 -2.30000e+02
3450 -2.29000e+02
3529 -2.28000e+02
3543 -2.27000e+02
3590 -2.26000e+02
3601 -2.25000e+02
3613 -2.24000e+02
3616 -2.23000e+02
3692 -2.22000e+02
3712 -2.21000e+02
3762 -2.20000e+02
3772 -2.19000e+02
3841 -2.18000e+02
3849 -2.17000e+02
3909 -2.16000e+02
3965 -2.15000e+02
3997 -2.14000e+02
4109 -2.13000e+02
4153 -2.12000e+02
4235 -2.11000e+02
4307 -2.10000e+02
4361 -2.09000e+02
4385 -2.08000e+02
4395 -2.07000e+02
4467 -2.06000e+02
4497 -2.05000e+02
4567 -2.04000e+02
4578 -2.03000e+02
4660 -2.02000e+02
4732 -2.01000e+02
4763 -2.00000e+02
4787 -1.99000e+02
4802 -1.98000e+02
4877 -1.97000e+02
4910 -1.96000e+02
5042 -1.95000e+02
5082 -1.94000e+02
5090 -1.93000e+02
5135 -1.92000e+02
5193 -1.91000e+02
5218 -1.90000e+02
5262 -1.89000e+02
5311 -1.88000e+02
5475 -1.87000e+02
5548 -1.86000e+02
5584 -1.85000e+02
5625 -1.84000e+02
5752 -1.83000e+02
5757 -1.82000e+02
5799 -1.81000e+02
5866 -1.80000e+02
5908 -1.79000e+02
5986 -1.78000e+02
6057 -1.77000e+02
6073 -1.76000e+02
6205 -1.75000e+02
6220 -1.74000e+02
6268 -1.73000e+02
6396 -1.72000e+02
6420 -1.71000e+02
6422 -1.70000e+02
6479 -1.69000e+02
6614 -1.68000e+02
6716 -1.67000e+02
6762 -1.66000e+02
6823 -1.65000e+02
6931 -1.64000e+02
7046 -1.63000e+02
7104 -1.62000e+02
7194 -1.61000e+02
7200 -1.60000e+02
7291 -1.59000e+02
7350 -1.58000e+02
7442 -1.57000e+02
7499 -1.55000e+02
7654 -1.54000e+02
7771 -1.53000e+02
7791 -1.52000e+02
7871 -1.51000e+02
7889 -1.50000e+02
7939 -1.49000e+02
7972 -1.48000e+02
8118 -1.47000e+02
8242 -1.46000e+02
8256 -1.45000e+02
8290 -1.44000e+02
8366 -1.43000e+02
8626 -1.42000e+02
8681 -1.41000e+02
8827 -1.39000e+02
8923 -1.38000e+02
8999 -1.37000e+02
9110 -1.36000e+02
9136 -1.35000e+02
9173 -1.34000e+02
9260 -1.33000e+02
9339 -1.32000e+02
9429 -1.31000e+02
9506 -1.30000e+02
9560 -1.29000e+02
9565 -1.28000e+02
9619 -1.27000e+02
9717 -1.26000e+02
9740 -1.25000e+02
9760 -1.24000e+02
9798 -1.23000e+02
9883 -1.22000e+02
9915 -1.21000e+02
9981 -1.21000e+02
"function evaluation" "best-so-far f(x)"
1 -3.03000e+02
6 -3.02000e+02
111 -3.01000e+02
125 -3.00000e+02
151 -2.98000e+02
204 -2.97000e+02
237 -2.96000e+02
287 -2.95000e+02
300 -2.94000e+02
326 -2.93000e+02
355 -2.92000e+02
442 -2.91000e+02
480 -2.90000e+02
550 -2.89000e+02
560 -2.88000e+02
645 -2.87000e+02
672 -2.86000e+02
701 -2.85000e+02
738 -2.84000e+02
791 -2.83000e+02
841 -2.82000e+02
863 -2.81000e+02
889 -2.80000e+02
926 -2.79000e+02
963 -2.78000e+02
1087 -2.77000e+02
1126 -2.76000e+02
1161 -2.75000e+02
1213 -2.74000e+02
1237 -2.73000e+02
1298 -2.72000e+02
1358 -2.71000e+02
1366 -2.70000e+02
1398 -2.69000e+02
1428 -2.68000e+02
1472 -2.67000e+02
1480 -2.66000e+02
1577 -2.65000e+02
1618 -2.64000e+02
1627 -2.63000e+02
1658 -2.62000e+02
1738 -2.61000e+02
1756 -2.60000e+02
1784 -2.59000e+02
1826 -2.58000e+02
1855 -2.57000e+02
1934 -2.56000e+02
1952 -2.55000e+02
2009 -2.54000e+02
2023 -2.53000e+02
2054 -2.52000e+02
2087 -2.51000e+02
2169 -2.50000e+02
2205 -2.49000e+02
2213 -2.48000e+02
2255 -2.47000e+02
2312 -2.46000e+02
2329 -2.45000e+02
2397 -2.44000e+02
2434 -2.43000e+02
2657 -2.42000e+02
2720 -2.41000e+02
2753 -2.40000e+02
2767 -2.39000e+02
2790 -2.38000e+02
2819 -2.37000e+02
2861 -2.36000e+02
2892 -2.35000e+02
2917 -2.34000e+02
2956 -2.33000e+02
2981 -2.32000e+02
3002 -2.31000e+02
3101 -2.30000e+02
3132 -2.29000e+02
3214 -2.28000e+02
3243 -2.27000e+02
3313 -2.26000e+02
3351 -2.24000e+02
3400 -2.23000e+02
3458 -2.22000e+02
3516 -2.21000e+02
3543 -2.20000e+02
3665 -2.19000e+02
3814 -2.18000e+02
3845 -2.17000e+02
4021 -2.16000e+02
4065 -2.15000e+02
4184 -2.14000e+02
4219 -2.13000e+02
4264 -2.12000e+02
4308 -2.11000e+02
4330 -2.10000e+02
4346 -2.09000e+02
4385 -2.08000e+02
4438 -2.07000e+02
4498 -2.06000e+02
4538 -2.05000e+02
4678 -2.04000e+02
4720 -2.03000e+02
4759 -2.02000e+02
4779 -2.01000e+02
4878 -2.00000e+02
4911 -1.99000e+02
4956 -1.98000e+02
4988 -1.97000e+02
5034 -1.96000e+02
5161 -1.95000e+02
5197 -1.94000e+02
5254 -1.93000e+02
5330 -1.92000e+02
5409 -1.91000e+02
5434 -1.90000e+02
5526 -1.89000e+02
5554 -1.88000e+02
5612 -1.87000e+02
5681 -1.86000e+02
5725 -1.85000e+02
5775 -1.84000e+02
5796 -1.83000e+02
5854 -1.82000e+02
5880 -1.81000e+02
5883 -1.80000e+02
5975 -1.79000e+02
6019 -1.78000e+02
6048 -1.77000e+02
6050 -1.76000e+02
6205 -1.75000e+02
6277 -1.74000e+02
6349 -1.73000e+02
6399 -1.72000e+02
6463 -1.71000e+02
6499 -1.70000e+02
6568 -1.69000e+02
6737 -1.68000e+02
6804 -1.67000e+02
6861 -1.66000e+02
6870 -1.65000e+02
6891 -1.64000e+02
6933 -1.63000e+02
6996 -1.62000e+02
7050 -1.61000e+02
7227 -1.60000e+02
7273 -1.59000e+02
7305 -1.58000e+02
7368 -1.57000e+02
7454 -1.56000e+02
7499 -1.55000e+02
7616 -1.54000e+02
7678 -1.53000e+02
7685 -1.52000e+02
7741 -1.51000e+02
7768 -1.50000e+02
7797 -1.49000e+02
7850 -1.48000e+02
7886 -1.47000e+02
7925 -1.46000e+02
8030 -1.45000e+02
8130 -1.44000e+02
8168 -1.43000e+02
8183 -1.42000e+02
8286 -1.41000e+02
8333 -1.40000e+02
8379 -1.39000e+02
8521 -1.38000e+02
8641 -1.37000e+02
8815 -1.36000e+02
8828 -1.35000e+02
8888 -1.34000e+02
8934 -1.33000e+02
8947 -1.32000e+02
9018 -1.31000e+02
9059 -1.30000e+02
9113 -1.29000e+02
9201 -1.28000e+02
9267 -1.27000e+02
9294 -1.26000e+02
9324 -1.25000e+02
9448 -1.24000e+02
9478 -1.23000e+02
9494 -1.22000e+02
9551 -1.21000e+02
9750 -1.20000e+02
9841 -1.19000e+02
9971 -1.18000e+02
9981 -1.18000e+02
"function evaluation" "best-so-far f(x)"
1 -3.03000e+02
3 -3.02000e+02
128 -3.01000e+02
179 -3.00000e+02
197 -2.99000e+02
219 -2.98000e+02
241 -2.97000e+02
268 -2.96000e+02
304 -2.95000e+02
312 -2.94000e+02
352 -2.93000e+02
384 -2.92000e+02
465 -2.91000e+02
535 -2.90000e+02
581 -2.89000e+02
610 -2.87000e+02
643 -2.86000e+02
682 -2.85000e+02
722 -2.84000e+02
765 -2.83000e+02
809 -2.82000e+02
842 -2.81000e+02
915 -2.80000e+02
944 -2.79000e+02
985 -2.78000e+02
998 -2.77000e+02
1084 -2.76000e+02
1140 -2.75000e+02
1153 -2.74000e+02
1290 -2.73000e+02
1347 -2.71000e+02
1399 -2.70000e+02
1451 -2.69000e+02
1458 -2.68000e+02
1551 -2.67000e+02
1576 -2.66000e+02
1601 -2.65000e+02
1661 -2.64000e+02
1737 -2.63000e+02
1759 -2.62000e+02
1776 -2.61000e+02
1810 -2.60000e+02
1869 -2.59000e+02
1928 -2.58000e+02
1950 -2.57000e+02
1970 -2.56000e+02
2085 -2.55000e+02
2144 -2.54000e+02
2162 -2.53000e+02
2197 -2.52000e+02
2227 -2.51000e+02
2251 -2.50000e+02
2364 -2.49000e+02
2409 -2.48000e+02
2494 -2.47000e+02
2579 -2.46000e+02
2619 -2.45000e+02
2654 -2.44000e+02
2727 -2.43000e+02
2766 -2.42000e+02
2823 -2.41000e+02
2858 -2.40000e+02
2867 -2.39000e+02
2916 -2.38000e+02
2960 -2.37000e+02
2979 -2.36000e+02
3048 -2.35000e+02
3112 -2.34000e+02
3138 -2.33000e+02
3230 -2.32000e+02
3319 -2.31000e+02
3426 -2.30000e+02
3430 -2.28000e+02
3472 -2.27000e+02
3499 -2.26000e+02
3562 -2.25000e+02
3623 -2.24000e+02
3713 -2.23000e+02
3765 -2.22000e+02
3805 -2.21000e+02
3814 -2.20000e+02
3847 -2.19000e+02
3940 -2.18000e+02
3959 -2.17000e+02
4046 -2.16000e+02
4169 -2.15000e+02
4199 -2.14000e+02
4268 -2.13000e+02
4367 -2.12000e+02
4432 -2.11000e+02
4502 -2.10000e+02
4544 -2.09000e+02
4650 -2.08000e+02
4697 -2.07000e+02
4738 -2.06000e+02
4830 -2.05000e+02
4899 -2.04000e+02
5017 -2.03000e+02
5036 -2.02000e+02
5188 -2.01000e+02
5228 -2.00000e+02
5331 -1.99000e+02
5407 -1.98000e+02
5448 -1.97000e+02
5485 -1.95000e+02
5595 -1.94000e+02
5600 -1.93000e+02
5724 -1.92000e+02
5738 -1.91000e+02
5778 -1.90000e+02
5808 -1.89000e+02
5853 -1.88000e+02
5892 -1.87000e+02
5945 -1.86000e+02
5983 -1.85000e+02
6135 -1.84000e+02
6246 -1.83000e+02
6401 -1.82000e+02
6474 -1.81000e+02
6493 -1.80000e+02
6573 -1.79000e+02
6617 -1.78000e+02
6714 -1.77000e+02
6748 -1.76000e+02
6779 -1.75000e+02
6797 -1.74000e+02
6818 -1.73000e+02
6926 -1.72000e+02
6982 -1.71000e+02
7024 -1.70000e+02
7145 -1.69000e+02
7233 -1.68000e+02
7291 -1.67000e+02
7310 -1.66000e+02
7351 -1.65000e+02
7403 -1.64000e+02
7442 -1.63000e+02
7450 -1.62000e+02
7472 -1.61000e+02
7535 -1.60000e+02
7567 -1.58000e+02
7641 -1.57000e+02
7706 -1.56000e+02
7734 -1.55000e+02
7806 -1.54000e+02
7920 -1.53000e+02
7945 -1.52000e+02
7976 -1.51000e+02
7998 -1.50000e+02
8045 -1.49000e+02
8054 -1.48000e+02
8109 -1.47000e+02
8170 -1.46000e+02
8227 -1.45000e+02
8327 -1.44000e+02
8354 -1.43000e+02
8431 -1.42000e+02
8449 -1.41000e+02
8455 -1.40000e+02
8529 -1.39000e+02
8546 -1.37000e+02
8609 -1.36000e+02
8652 -1.35000e+02
8667 -1.34000e+02
8685 -1.33000e+02
8851 -1.32000e+02
8886 -1.31000e+02
8897 -1.30000e+02
8957 -1.29000e+02
8986 -1.28000e+02
9092 -1.27000e+02
9191 -1.26000e+02
9303 -1.25000e+02
9322 -1.24000e+02
9399 -1.23000e+02
9448 -1.22000e+02
9552 -1.21000e+02
9591 -1.20000e+02
9798 -1.19000e+02
9873 -1.18000e+02
9956 -1.17000e+02
9981 -1.17000e+02
"function evaluation" "best-so-far f(x)"
1 -3.03000e+02
8 -3.02000e+02
60 -3.01000e+02
161 -3.00000e+02
228 -2.99000e+02
273 -2.98000e+02
332 -2.97000e+02
392 -2.96000e+02
434 -2.95000e+02
457 -2.94000e+02
477 -2.93000e+02
488 -2.92000e+02
509 -2.91000e+02
548 -2.90000e+02
614 -2.89000e+02
665 -2.88000e+02
686 -2.87000e+02
768 -2.86000e+02
804 -2.85000e+02
818 -2.84000e+02
836 -2.83000e+02
843 -2.82000e+02
909 -2.81000e+02
1060 -2.80000e+02
1122 -2.79000e+02
1207 -2.78000e+02
1275 -2.77000e+02
1294 -2.76000e+02
1357 -2.75000e+02
1433 -2.73000e+02
1485 -2.72000e+02
1561 -2.71000e+02
1601 -2.70000e+02
1616 -2.69000e+02
1681 -2.68000e+02
1780 -2.67000e+02
1818 -2.66000e+02
1943 -2.65000e+02
1961 -2.64000e+02
2006 -2.63000e+02
2082 -2.62000e+02
2142 -2.61000e+02
2187 -2.60000e+02
2214 -2.59000e+02
2312 -2.58000e+02
2396 -2.56000e+02
2410 -2.55000e+02
2442 -2.54000e+02
2484 -2.53000e+02
2530 -2.52000e+02
2572 -2.51000e+02
2602 -2.50000e+02
2619 -2.49000e+02
2663 -2.48000e+02
2728 -2.47000e+02
2774 -2.46000e+02
2826 -2.45000e+02
2922 -2.44000e+02
2949 -2.43000e+02
3022 -2.42000e+02
3065 -2.41000e+02
3079 -2.40000e+02
3109 -2.39000e+02
3125 -2.38000e+02
3157 -2.37000e+02
3206 -2.36000e+02
3303 -2.35000e+02
3324 -2.34000e+02
3366 -2.33000e+02
3388 -2.32000e+02
3449 -2.31000e+02
3460 -2.30000e+02
3502 -2.29000e+02
3544 -2.28000e+02
3551 -2.27000e+02
3592 -2.26000e+02
3621 -2.25000e+02
3667 -2.24000e+02
3738 -2.23000e+02
3753 -2.22000e+02
3767 -2.21000e+02
3809 -2.20000e+02
3878 -2.19000e+02
3942 -2.18000e+02
3947 -2.17000e+02
3989 -2.16000e+02
4021 -2.15000e+02
4103 -2.14000e+02
4168 -2.13000e+02
4227 -2.12000e+02
4293 -2.11000e+02
4325 -2.10000e+02
4335 -2.09000e+02
4358 -2.08000e+02
4429 -2.07000e+02
4504 -2.06000e+02
4569 -2.05000e+02
4644 -2.04000e+02
4774 -2.03000e+02
4780 -2.02000e+02
4842 -2.01000e+02
4886 -2.00000e+02
4893 -1.99000e+02
4980 -1.98000e+02
5046 -1.97000e+02
5055 -1.96000e+02
5141 -1.95000e+02
5236 -1.94000e+02
5247 -1.93000e+02
5268 -1.92000e+02
5289 -1.91000e+02
5371 -1.90000e+02
5418 -1.89000e+02
5425 -1.88000e+02
5466 -1.87000e+02
5656 -1.86000e+02
5745 -1.85000e+02
5790 -1.84000e+02
5841 -1.83000e+02
5854 -1.82000e+02
5909 -1.81000e+02
5948 -1.80000e+02
5957 -1.78000e+02
5991 -1.77000e+02
6045 -1.76000e+02
6059 -1.75000e+02
6118 -1.74000e+02
6152 -1.73000e+02
6243 -1.72000e+02
6333 -1.70000e+02
6400 -1.69000e+02
6434 -1.68000e+02
6491 -1.67000e+02
6579 -1.66000e+02
6595 -1.65000e+02
6650 -1.64000e+02
6729 -1.63000e+02
6842 -1.62000e+02
6879 -1.61000e+02
6937 -1.60000e+02
6947 -1.59000e+02
7034 -1.58000e+02
7152 -1.57000e+02
7285 -1.56000e+02
7348 -1.55000e+02
7411 -1.54000e+02
7484 -1.53000e+02
7535 -1.52000e+02
7568 -1.51000e+02
7603 -1.50000e+02
7743 -1.49000e+02
7762 -1.48000e+02
7767 -1.47000e+02
7797 -1.46000e+02
7853 -1.45000e+02
7892 -1.44000e+02
7901 -1.43000e+02
7947 -1.42000e+02
8045 -1.41000e+02
8133 -1.40000e+02
8209 -1.39000e+02
8242 -1.38000e+02
8289 -1.37000e+02
8355 -1.36000e+02
8401 -1.35000e+02
8513 -1.34000e+02
8598 -1.33000e+02
8617 -1.32000e+02
8658 -1.31000e+02
8673 -1.30000e+02
8698 -1.29000e+02
8812 -1.28000e+02
8884 -1.27000e+02
8991 -1.26000e+02
9091 -1.25000e+02
9152 -1.24000e+02
9221 -1.23000e+02
9264 -1.22000e+02
9293 -1.21000e+02
9416 -1.20000e+02
9451 -1.19000e+02
9520 -1.18000e+02
9549 -1.17000e+02
9614 -1.16000e+02
9695 -1.15000e+02
9753 -1.14000e+02
9825 -1.13000e+02
9857 -1.12000e+02
9910 -1.11000e+02
9981 -1.11000e+02
"function evaluation" "best-so-far f(x)"
1 -3.03000e+02
40 -3.02000e+02
45 -3.01000e+02
91 -3.00000e+02
158 -2.99000e+02
197 -2.98000e+02
212 -2.97000e+02
261 -2.96000e+02
267 -2.95000e+02
329 -2.94000e+02
385 -2.93000e+02
396 -2.92000e+02
456 -2.91000e+02
473 -2.90000e+02
603 -2.89000e+02
626 -2.88000e+02
667 -2.87000e+02
671 -2.86000e+02
688 -2.85000e+02
735 -2.84000e+02
785 -2.83000e+02
881 -2.82000e+02
904 -2.81000e+02
957 -2.80000e+02
981 -2.79000e+02
1016 -2.78000e+02
1064 -2.77000e+02
1083 -2.76000e+02
1133 -2.75000e+02
1156 -2.74000e+02
1181 -2.73000e+02
1239 -2.72000e+02
1272 -2.71000e+02
1323 -2.70000e+02
1364 -2.69000e+02
1427 -2.68000e+02
1454 -2.67000e+02
1524 -2.66000e+02
1556 -2.64000e+02
1610 -2.63000e+02
1829 -2.62000e+02
1889 -2.61000e+02
1925 -2.60000e+02
1980 -2.59000e+02
2041 -2.58000e+02
2047 -2.57000e+02
2092 -2.56000e+02
2119 -2.54000e+02
2211 -2.53000e+02
2250 -2.52000e+02
2297 -2.51000e+02
2361 -2.50000e+02
2434 -2.49000e+02
2450 -2.48000e+02
2476 -2.47000e+02
2481 -2.46000e+02
2509 -2.45000e+02
2520 -2.44000e+02
2558 -2.43000e+02
2609 -2.42000e+02
2622 -2.41000e+02
2636 -2.40000e+02
2719 -2.39000e+02
2760 -2.38000e+02
2798 -2.37000e+02
2870 -2.36000e+02
2904 -2.35000e+02
2931 -2.34000e+02
2983 -2.33000e+02
3034 -2.32000e+02
3101 -2.31000e+02
3151 -2.30000e+02
3174 -2.29000e+02
3270 -2.28000e+02
3316 -2.26000e+02
3321 -2.25000e+02
3338 -2.24000e+02
3419 -2.23000e+02
3459 -2.22000e+02
3460 -2.21000e+02
3523 -2.20000e+02
3579 -2.19000e+02
3669 -2.18000e+02
3678 -2.17000e+02
3682 -2.16000e+02
3748 -2.15000e+02
3784 -2.14000e+02
3795 -2.12000e+02
3877 -2.11000e+02
3902 -2.10000e+02
3956 -2.09000e+02
3979 -2.08000e+02
3998 -2.07000e+02
4100 -2.06000e+02
4181 -2.05000e+02
4269 -2.04000e+02
4310 -2.03000e+02
4334 -2.02000e+02
4336 -2.01000e+02
4411 -2.00000e+02
4441 -1.99000e+02
4486 -1.98000e+02
4515 -1.97000e+02
4589 -1.96000e+02
4628 -1.95000e+02
4649 -1.94000e+02
4703 -1.93000e+02
4739 -1.92000e+02
4766 -1.91000e+02
4930 -1.90000e+02
5016 -1.89000e+02
5060 -1.88000e+02
5153 -1.87000e+02
5216 -1.86000e+02
5311 -1.85000e+02
5403 -1.84000e+02
5474 -1.83000e+02
5533 -1.82000e+02
5566 -1.81000e+02
5614 -1.80000e+02
5719 -1.79000e+02
5832 -1.78000e+02
5868 -1.77000e+02
5920 -1.76000e+02
5933 -1.75000e+02
5985 -1.74000e+02
6060 -1.73000e+02
6175 -1.72000e+02
6209 -1.71000e+02
6266 -1.70000e+02
6349 -1.69000e+02
6368 -1.68000e+02
6519 -1.67000e+02
6533 -1.66000e+02
6658 -1.65000e+02
6691 -1.64000e+02
6753 -1.63000e+02
6799 -1.62000e+02
6892 -1.61000e+02
6941 -1.60000e+02
6996 -1.59000e+02
7136 -1.58000e+02
7147 -1.57000e+02
7176 -1.56000e+02
7330 -1.55000e+02
7447 -1.54000e+02
7459 -1.53000e+02
7475 -1.52000e+02
7520 -1.51000e+02
7545 -1.50000e+02
7577 -1.49000e+02
7595 -1.48000e+02
7597 -1.47000e+02
7710 -1.46000e+02
7748 -1.45000e+02
7812 -1.44000e+02
7933 -1.43000e+02
7995 -1.42000e+02
8031 -1.41000e+02
8050 -1.40000e+02
8138 -1.39000e+02
8176 -1.38000e+02
8252 -1.37000e+02
8284 -1.36000e+02
8324 -1.35000e+02
8510 -1.34000e+02
8622 -1.33000e+02
8645 -1.32000e+02
8658 -1.31000e+02
8736 -1.30000e+02
8746 -1.29000e+02
8906 -1.28000e+02
8977 -1.27000e+02
9011 -1.26000e+02
9140 -1.25000e+02
9195 -1.23000e+02
9321 -1.22000e+02
9383 -1.21000e+02
9478 -1.20000e+02
9533 -1.19000e+02
9623 -1.18000e+02
9690 -1.17000e+02
9734 -1.16000e+02
9826 -1.15000e+02
9932 -1.14000e+02
9945 -1.13000e+02
9961 -1.12000e+02
9981 -1.12000e+02
"function evaluation" "best-so-far f(x)"
1 -3.03000e+02
7 -3.02000e+02
38 -3.01000e+02
116 -3.00000e+02
151 -2.99000e+02
177 -2.98000e+02
226 -2.97000e+02
251 -2.96000e+02
299 -2.95000e+02
316 -2.94000e+02
341 -2.92000e+02
373 -2.91000e+02
375 -2.90000e+02
405 -2.89000e+02
460 -2.88000e+02
463 -2.87000e+02
480 -2.86000e+02
510 -2.85000e+02
569 -2.84000e+02
597 -2.83000e+02
644 -2.82000e+02
700 -2.81000e+02
754 -2.80000e+02
779 -2.79000e+02
830 -2.78000e+02
905 -2.77000e+02
911 -2.76000e+02
980 -2.74000e+02
1029 -2.73000e+02
1036 -2.72000e+02
1076 -2.71000e+02
1115 -2.70000e+02
1145 -2.69000e+02
1184 -2.68000e+02
1198 -2.67000e+02
1206 -2.66000e+02
1297 -2.65000e+02
1326 -2.64000e+02
1405 -2.63000e+02
1415 -2.62000e+02
1492 -2.61000e+02
1592 -2.60000e+02
1627 -2.59000e+02
1692 -2.58000e+02
1694 -2.57000e+02
1730 -2.56000e+02
1770 -2.55000e+02
1821 -2.54000e+02
1851 -2.53000e+02
1880 -2.51000e+02
1901 -2.50000e+02
1929 -2.49000e+02
1946 -2.48000e+02
1970 -2.47000e+02
2044 -2.46000e+02
2080 -2.45000e+02
2113 -2.44000e+02
2160 -2.43000e+02
2212 -2.42000e+02
2270 -2.41000e+02
2304 -2.40000e+02
2361 -2.38000e+02
2403 -2.37000e+02
2460 -2.36000e+02
2507 -2.35000e+02
2668 -2.34000e+02
2701 -2.33000e+02
2702 -2.32000e+02
2759 -2.31000e+02
2888 -2.30000e+02
2923 -2.29000e+02
2966 -2.28000e+02
2967 -2.27000e+02
3027 -2.26000e+02
3090 -2.25000e+02
3159 -2.24000e+02
3216 -2.23000e+02
3313 -2.22000e+02
3337 -2.21000e+02
3404 -2.20000e+02
3469 -2.19000e+02
3574 -2.18000e+02
3615 -2.17000e+02
3658 -2.16000e+02
3754 -2.15000e+02
3825 -2.14000e+02
3835 -2.13000e+02
3867 -2.12000e+02
3916 -2.11000e+02
3965 -2.10000e+02
3979 -2.09000e+02
4033 -2.08000e+02
4055 -2.07000e+02
4100 -2.06000e+02
4115 -2.05000e+02
4173 -2.04000e+02
4186 -2.03000e+02
4211 -2.02000e+02
4230 -2.01000e+02
4338 -2.00000e+02
4383 -1.99000e+02
4457 -1.98000e+02
4545 -1.96000e+02
4682 -1.95000e+02
4746 -1.94000e+02
4776 -1.93000e+02
4798 -1.92000e+02
4805 -1.91000e+02
4847 -1.90000e+02
4931 -1.89000e+02
4943 -1.88000e+02
5039 -1.87000e+02
5218 -1.86000e+02
5303 -1.85000e+02
5398 -1.84000e+02
5521 -1.83000e+02
5575 -1.82000e+02
5656 -1.80000e+02
5696 -1.79000e+02
5745 -1.78000e+02
5816 -1.77000e+02
5838 -1.76000e+02
5870 -1.75000e+02
5959 -1.74000e+02
5990 -1.73000e+02
6025 -1.72000e+02
6065 -1.71000e+02
6157 -1.70000e+02
6211 -1.69000e+02
6240 -1.68000e+02
6416 -1.67000e+02
6493 -1.66000e+02
6509 -1.65000e+02
6531 -1.64000e+02
6558 -1.63000e+02
6589 -1.61000e+02
6638 -1.60000e+02
6676 -1.59000e+02
6778 -1.58000e+02
6837 -1.57000e+02
6930 -1.56000e+02
6950 -1.55000e+02
7027 -1.54000e+02
7061 -1.53000e+02
7163 -1.52000e+02
7313 -1.51000e+02
7340 -1.50000e+02
7353 -1.49000e+02
7396 -1.48000e+02
7413 -1.47000e+02
7463 -1.46000e+02
7517 -1.45000e+02
7606 -1.44000e+02
7675 -1.43000e+02
7750 -1.42000e+02
7851 -1.41000e+02
7902 -1.40000e+02
7968 -1.39000e+02
8026 -1.38000e+02
8083 -1.37000e+02
8140 -1.36000e+02
8255 -1.35000e+02
8347 -1.34000e+02
8377 -1.33000e+02
8459 -1.31000e+02
8645 -1.30000e+02
8646 -1.29000e+02
8864 -1.28000e+02
8876 -1.27000e+02
8942 -1.26000e+02
9061 -1.25000e+02
9259 -1.24000e+02
9307 -1.23000e+02
9345 -1.22000e+02
9373 -1.21000e+02
9394 -1.20000e+02
9410 -1.19000e+02
9472 -1.18000e+02
9552 -1.17000e+02
9595 -1.16000e+02
9751 -1.15000e+02
9940 -1.14000e+02
9979 -1.13000e+02
9981 -1.13000e+02
"function evaluation" "best-so-far f(x)"
1 -3.03000e+02
34 -3.02000e+02
80 -3.01000e+02
86 -3.00000e+02
131 -2.99000e+02
160 -2.98000e+02
177 -2.97000e+02
255 -2.96000e+02
366 -2.95000e+02
435 -2.94000e+02
453 -2.93000e+02
507 -2.92000e+02
551 -2.91000e+02
601 -2.90000e+02
628 -2.89000e+02
638 -2.88000e+02
678 -2.87000e+02
705 -2.86000e+02
746 -2.85000e+02
794 -2.84000e+02
861 -2.83000e+02
966 -2.82000e+02
1002 -2.81000e+02
1014 -2.80000e+02
1091 -2.79000e+02
1099 -2.78000e+02
1156 -2.77000e+02
1184 -2.76000e+02
1233 -2.75000e+02
1238 -2.74000e+02
1257 -2.73000e+02
1300 -2.72000e+02
1394 -2.71000e+02
1406 -2.70000e+02
1478 -2.68000e+02
1493 -2.67000e+02
1547 -2.66000e+02
1657 -2.65000e+02
1691 -2.64000e+02
1937 -2.63000e+02
2032 -2.62000e+02
2101 -2.61000e+02
2113 -2.60000e+02
2198 -2.59000e+02
2242 -2.58000e+02
2360 -2.57000e+02
2426 -2.56000e+02
2446 -2.55000e+02
2455 -2.54000e+02
2468 -2.53000e+02
2538 -2.52000e+02
2578 -2.51000e+02
2637 -2.50000e+02
2654 -2.49000e+02
2713 -2.48000e+02
2814 -2.47000e+02
2844 -2.46000e+02
2895 -2.45000e+02
3016 -2.44000e+02
3058 -2.43000e+02
3161 -2.42000e+02
3210 -2.40000e+02
3232 -2.39000e+02
3253 -2.38000e+02
3296 -2.37000e+02
3323 -2.36000e+02
3366 -2.35000e+02
3422 -2.34000e+02
3504 -2.32000e+02
3549 -2.31000e+02
3558 -2.30000e+02
3646 -2.29000e+02
3677 -2.28000e+02
3712 -2.27000e+02
3763 -2.26000e+02
3790 -2.25000e+02
3808 -2.24000e+02
3833 -2.23000e+02
3864 -2.22000e+02
3887 -2.21000e+02
3965 -2.20000e+02
4029 -2.19000e+02
4045 -2.18000e+02
4074 -2.17000e+02
4157 -2.16000e+02
4209 -2.15000e+02
4256 -2.14000e+02
4269 -2.13000e+02
4302 -2.12000e+02
4318 -2.11000e+02
4325 -2.10000e+02
4395 -2.09000e+02
4469 -2.07000e+02
4558 -2.06000e+02
4605 -2.05000e+02
4650 -2.04000e+02
4685 -2.03000e+02
4745 -2.02000e+02
4822 -2.01000e+02
4888 -2.00000e+02
4946 -1.99000e+02
4995 -1.98000e+02
5012 -1.97000e+02
5098 -1.96000e+02
5112 -1.95000e+02
5170 -1.94000e+02
5199 -1.93000e+02
5308 -1.92000e+02
5372 -1.91000e+02
5455 -1.89000e+02
5501 -1.88000e+02
5540 -1.87000e+02
5569 -1.86000e+02
5685 -1.85000e+02
5739 -1.84000e+02
5753 -1.83000e+02
5791 -1.82000e+02
5886 -1.81000e+02
5936 -1.80000e+02
5968 -1.79000e+02
6118 -1.78000e+02
6177 -1.77000e+02
6202 -1.76000e+02
6231 -1.75000e+02
6288 -1.74000e+02
6339 -1.73000e+02
6443 -1.72000e+02
6495 -1.71000e+02
6515 -1.70000e+02
6576 -1.69000e+02
6600 -1.68000e+02
6699 -1.67000e+02
6980 -1.66000e+02
7045 -1.65000e+02
7095 -1.64000e+02
7138 -1.63000e+02
7183 -1.62000e+02
7388 -1.61000e+02
7399 -1.60000e+02
7467 -1.59000e+02
7550 -1.58000e+02
7606 -1.57000e+02
7749 -1.56000e+02
7756 -1.55000e+02
7818 -1.54000e+02
7910 -1.53000e+02
7982 -1.52000e+02
8032 -1.51000e+02
8051 -1.50000e+02
8098 -1.49000e+02
8114 -1.48000e+02
8237 -1.47000e+02
8242 -1.46000e+02
8308 -1.45000e+02
8312 -1.44000e+02
8373 -1.43000e+02
8434 -1.42000e+02
8559 -1.41000e+02
8595 -1.40000e+02
8604 -1.39000e+02
8661 -1.38000e+02
8772 -1.37000e+02
8840 -1.36000e+02
8907 -1.35000e+02
8991 -1.34000e+02
9027 -1.33000e+02
9070 -1.32000e+02
9220 -1.31000e+02
9295 -1.30000e+02
9418 -1.29000e+02
9519 -1.28000e+02
9560 -1.27000e+02
9587 -1.26000e+02
9665 -1.24000e+02
9753 -1.23000e+02
9783 -1.22000e+02
9897 -1.21000e+02
9944 -1.20000e+02
9977 -1.19000e+02
9981 -1.19000e+02
"function evaluation" "best-so-far f(x)"
1 -3.03000e+02
32 -3.02000e+02
57 -3.01000e+02
119 -3.00000e+02
139 -2.99000e+02
223 -2.98000e+02
433 -2.97000e+02
470 -2.96000e+02
499 -2.95000e+02
529 -2.94000e+02
578 -2.93000e+02
616 -2.92000e+02
659 -2.91000e+02
749 -2.90000e+02
787 -2.89000e+02
803 -2.88000e+02
806 -2.87000e+02
854 -2.86000e+02
896 -2.85000e+02
908 -2.84000e+02
988 -2.83000e+02
1032 -2.82000e+02
1112 -2.81000e+02
1165 -2.79000e+02
1201 -2.78000e+02
1317 -2.77000e+02
1384 -2.76000e+02
1401 -2.75000e+02
1436 -2.74000e+02
1471 -2.73000e+02
1502 -2.72000e+02
1565 -2.71000e+02
1587 -2.70000e+02
1600 -2.69000e+02
1646 -2.68000e+02
1677 -2.67000e+02
1719 -2.66000e+02
1790 -2.65000e+02
1832 -2.64000e+02
1892 -2.63000e+02
2004 -2.62000e+02
2029 -2.60000e+02
2059 -2.59000e+02
2095 -2.58000e+02
2102 -2.57000e+02
2150 -2.56000e+02
2223 -2.55000e+02
2225 -2.54000e+02
2243 -2.53000e+02
2295 -2.52000e+02
2437 -2.51000e+02
2464 -2.50000e+02
2529 -2.49000e+02
2559 -2.48000e+02
2582 -2.47000e+02
2629 -2.46000e+02
2686 -2.45000e+02
2752 -2.44000e+02
2762 -2.43000e+02
2837 -2.42000e+02
2987 -2.41000e+02
3009 -2.40000e+02
3098 -2.39000e+02
3185 -2.38000e+02
3239 -2.37000e+02
3376 -2.36000e+02
3452 -2.35000e+02
3484 -2.34000e+02
3575 -2.33000e+02
3594 -2.32000e+02
3646 -2.31000e+02
3690 -2.30000e+02
3744 -2.29000e+02
3943 -2.28000e+02
3950 -2.27000e+02
3972 -2.26000e+02
3999 -2.25000e+02
4049 -2.24000e+02
4099 -2.23000e+02
4121 -2.22000e+02
4223 -2.21000e+02
4246 -2.20000e+02
4292 -2.19000e+02
4375 -2.18000e+02
4377 -2.17000e+02
4420 -2.16000e+02
4421 -2.15000e+02
4467 -2.14000e+02
4526 -2.13000e+02
4550 -2.12000e+02
4676 -2.11000e+02
4826 -2.10000e+02
4872 -2.09000e+02
4907 -2.08000e+02
4942 -2.07000e+02
5004 -2.06000e+02
5064 -2.05000e+02
5202 -2.04000e+02
5219 -2.02000e+02
5282 -2.01000e+02
5303 -2.00000e+02
5344 -1.99000e+02
5402 -1.98000e+02
5413 -1.97000e+02
5426 -1.96000e+02
5470 -1.95000e+02
5527 -1.94000e+02
5574 -1.93000e+02
5690 -1.92000e+02
5727 -1.91000e+02
5741 -1.90000e+02
5779 -1.89000e+02
5856 -1.88000e+02
5896 -1.87000e+02
5980 -1.86000e+02
6088 -1.85000e+02
6148 -1.84000e+02
6207 -1.83000e+02
6245 -1.82000e+02
6325 -1.81000e+02
6374 -1.80000e+02
6438 -1.78000e+02
6519 -1.77000e+02
6628 -1.76000e+02
6716 -1.75000e+02
6756 -1.74000e+02
6783 -1.73000e+02
6879 -1.72000e+02
6897 -1.71000e+02
6987 -1.70000e+02
6991 -1.69000e+02
7173 -1.68000e+02
7267 -1.67000e+02
7374 -1.66000e+02
7490 -1.65000e+02
7535 -1.64000e+02
7576 -1.63000e+02
7632 -1.62000e+02
7656 -1.61000e+02
7713 -1.60000e+02
7811 -1.59000e+02
7837 -1.58000e+02
7925 -1.57000e+02
7936 -1.56000e+02
7984 -1.55000e+02
8104 -1.54000e+02
8177 -1.53000e+02
8259 -1.52000e+02
8315 -1.50000e+02
8427 -1.49000e+02
8457 -1.48000e+02
8464 -1.47000e+02
8535 -1.46000e+02
8559 -1.45000e+02
8676 -1.44000e+02
8787 -1.43000e+02
8810 -1.42000e+02
8879 -1.41000e+02
8930 -1.40000e+02
8947 -1.39000e+02
9067 -1.38000e+02
9088 -1.37000e+02
9143 -1.36000e+02
9180 -1.35000e+02
9247 -1.34000e+02
9337 -1.33000e+02
9379 -1.32000e+02
9431 -1.31000e+02
9468 -1.30000e+02
9470 -1.29000e+02
9522 -1.28000e+02
9550 -1.27000e+02
9587 -1.26000e+02
9633 -1.25000e+02
9858 -1.24000e+02
9981 -1.24000e+02
"function evaluation" "best-so-far f(x)"
1 -3.03000e+02
9 -3.02000e+02
36 -3.01000e+02
161 -3.00000e+02
216 -2.99000e+02
247 -2.98000e+02
298 -2.97000e+02
333 -2.96000e+02
356 -2.95000e+02
408 -2.93000e+02
452 -2.92000e+02
473 -2.91000e+02
550 -2.90000e+02
599 -2.89000e+02
679 -2.88000e+02
695 -2.87000e+02
698 -2.86000e+02
736 -2.85000e+02
756 -2.84000e+02
834 -2.83000e+02
838 -2.82000e+02
851 -2.81000e+02
873 -2.80000e+02
942 -2.79000e+02
1026 -2.78000e+02
1075 -2.76000e+02
1094 -2.75000e+02
1148 -2.74000e+02
1166 -2.73000e+02
1208 -2.72000e+02
1308 -2.71000e+02
1343 -2.70000e+02
1394 -2.69000e+02
1435 -2.68000e+02
1488 -2.67000e+02
1567 -2.66000e+02
1580 -2.65000e+02
1596 -2.64000e+02
1620 -2.63000e+02
1709 -2.62000e+02
1753 -2.61000e+02
1843 -2.60000e+02
1948 -2.59000e+02
2038 -2.58000e+02
2121 -2.57000e+02
2186 -2.56000e+02
2216 -2.54000e+02
2262 -2.53000e+02
2327 -2.52000e+02
2425 -2.51000e+02
2512 -2.50000e+02
2749 -2.49000e+02
2773 -2.48000e+02
2849 -2.47000e+02
2854 -2.46000e+02
2964 -2.45000e+02
3009 -2.44000e+02
3036 -2.43000e+02
3073 -2.42000e+02
3111 -2.41000e+02
3158 -2.40000e+02
3247 -2.39000e+02
3277 -2.38000e+02
3374 -2.37000e+02
3438 -2.36000e+02
3538 -2.35000e+02
3652 -2.34000e+02
3703 -2.33000e+02
3763 -2.32000e+02
3831 -2.31000e+02
3854 -2.30000e+02
3882 -2.29000e+02
3953 -2.28000e+02
4025 -2.27000e+02
4094 -2.26000e+02
4133 -2.25000e+02
4134 -2.24000e+02
4169 -2.23000e+02
4181 -2.22000e+02
4201 -2.21000e+02
4282 -2.20000e+02
4357 -2.19000e+02
4416 -2.18000e+02
4448 -2.17000e+02
4498 -2.16000e+02
4556 -2.15000e+02
4577 -2.14000e+02
4624 -2.13000e+02
4657 -2.12000e+02
4760 -2.11000e+02
5055 -2.10000e+02
5079 -2.09000e+02
5205 -2.08000e+02
5287 -2.07000e+02
5292 -2.06000e+02
5361 -2.05000e+02
5430 -2.04000e+02
5594 -2.03000e+02
5616 -2.02000e+02
5646 -2.01000e+02
5682 -2.00000e+02
5725 -1.99000e+02
5753 -1.98000e+02
5756 -1.97000e+02
5871 -1.95000e+02
5894 -1.94000e+02
5959 -1.93000e+02
5978 -1.92000e+02
6072 -1.91000e+02
6138 -1.90000e+02
6176 -1.89000e+02
6184 -1.88000e+02
6309 -1.87000e+02
6373 -1.86000e+02
6461 -1.85000e+02
6492 -1.84000e+02
6521 -1.83000e+02
6539 -1.82000e+02
6545 -1.81000e+02
6587 -1.80000e+02
6647 -1.79000e+02
6689 -1.78000e+02
6804 -1.77000e+02
6840 -1.76000e+02
6885 -1.75000e+02
6959 -1.74000e+02
7071 -1.73000e+02
7165 -1.72000e+02
7213 -1.71000e+02
7297 -1.70000e+02
7351 -1.69000e+02
7395 -1.68000e+02
7413 -1.67000e+02
7503 -1.66000e+02
7607 -1.65000e+02
7637 -1.64000e+02
7708 -1.63000e+02
7755 -1.62000e+02
7824 -1.61000e+02
7950 -1.60000e+02
8052 -1.59000e+02
8087 -1.58000e+02
8200 -1.57000e+02
8276 -1.56000e+02
8298 -1.55000e+02
8333 -1.54000e+02
8379 -1.53000e+02
8484 -1.52000e+02
8541 -1.51000e+02
8646 -1.50000e+02
8806 -1.49000e+02
8956 -1.48000e+02
8995 -1.47000e+02
9105 -1.46000e+02
9146 -1.45000e+02
9208 -1.44000e+02
9241 -1.42000e+02
9289 -1.41000e+02
9295 -1.40000e+02
9296 -1.39000e+02
9352 -1.38000e+02
9365 -1.37000e+02
9461 -1.36000e+02
9596 -1.35000e+02
9903 -1.34000e+02
9981 -1.34000e+02
"function evaluation" "best-so-far f(x)"
1 -3.03000e+02
19 -3.02000e+02
165 -3.01000e+02
182 -3.00000e+02
192 -2.99000e+02
356 -2.98000e+02
454 -2.97000e+02
499 -2.96000e+02
512 -2.95000e+02
618 -2.94000e+02
662 -2.93000e+02
675 -2.92000e+02
685 -2.91000e+02
732 -2.90000e+02
814 -2.89000e+02
899 -2.88000e+02
913 -2.87000e+02
933 -2.86000e+02
961 -2.85000e+02
1026 -2.84000e+02
1068 -2.83000e+02
1134 -2.82000e+02
1236 -2.81000e+02
1252 -2.80000e+02
1315 -2.79000e+02
1323 -2.78000e+02
1352 -2.77000e+02
1373 -2.76000e+02
1427 -2.75000e+02
1569 -2.74000e+02
1676 -2.73000e+02
1728 -2.72000e+02
1767 -2.71000e+02
1830 -2.70000e+02
1951 -2.69000e+02
1976 -2.68000e+02
1986 -2.67000e+02
2009 -2.66000e+02
2102 -2.65000e+02
2128 -2.64000e+02
2169 -2.63000e+02
2222 -2.62000e+02
2270 -2.61000e+02
2333 -2.60000e+02
2393 -2.59000e+02
2428 -2.58000e+02
2506 -2.57000e+02
2526 -2.56000e+02
2569 -2.55000e+02
2609 -2.54000e+02
2656 -2.53000e+02
2683 -2.52000e+02
2716 -2.51000e+02
2872 -2.50000e+02
2978 -2.49000e+02
3032 -2.48000e+02
3046 -2.47000e+02
3099 -2.46000e+02
3155 -2.45000e+02
3200 -2.44000e+02
3209 -2.43000e+02
3260 -2.42000e+02
3318 -2.41000e+02
3341 -2.39000e+02
3400 -2.38000e+02
3456 -2.37000e+02
3481 -2.35000e+02
3522 -2.34000e+02
3550 -2.33000e+02
3605 -2.32000e+02
3688 -2.31000e+02
3742 -2.30000e+02
3865 -2.29000e+02
3912 -2.28000e+02
3972 -2.27000e+02
4081 -2.26000e+02
4127 -2.25000e+02
4135 -2.24000e+02
4199 -2.23000e+02
4263 -2.22000e+02
4287 -2.21000e+02
4433 -2.20000e+02
4487 -2.19000e+02
4556 -2.18000e+02
4610 -2.17000e+02
4692 -2.16000e+02
4753 -2.15000e+02
4795 -2.14000e+02
4831 -2.13000e+02
4886 -2.12000e+02
4942 -2.11000e+02
4980 -2.10000e+02
5021 -2.09000e+02
5041 -2.08000e+02
5085 -2.07000e+02
5139 -2.06000e+02
5273 -2.05000e+02
5337 -2.04000e+02
5411 -2.03000e+02
5422 -2.02000e+02
5470 -2.00000e+02
5509 -1.99000e+02
5522 -1.98000e+02
5550 -1.97000e+02
5560 -1.96000e+02
5626 -1.95000e+02
5627 -1.94000e+02
5764 -1.93000e+02
5813 -1.92000e+02
5824 -1.91000e+02
5834 -1.90000e+02
5910 -1.89000e+02
5987 -1.88000e+02
6022 -1.87000e+02
6083 -1.86000e+02
6097 -1.85000e+02
6153 -1.84000e+02
6204 -1.83000e+02
6237 -1.82000e+02
6276 -1.81000e+02
6323 -1.80000e+02
6333 -1.79000e+02
6334 -1.78000e+02
6346 -1.77000e+02
6379 -1.75000e+02
6413 -1.74000e+02
6421 -1.73000e+02
6486 -1.72000e+02
6536 -1.71000e+02
6581 -1.70000e+02
6631 -1.68000e+02
6662 -1.67000e+02
6727 -1.66000e+02
6804 -1.65000e+02
6878 -1.64000e+02
6934 -1.63000e+02
6987 -1.62000e+02
7138 -1.61000e+02
7203 -1.60000e+02
7405 -1.59000e+02
7445 -1.58000e+02
7484 -1.57000e+02
7529 -1.56000e+02
7700 -1.55000e+02
7746 -1.54000e+02
7775 -1.53000e+02
7792 -1.52000e+02
7869 -1.51000e+02
7903 -1.50000e+02
8024 -1.49000e+02
8050 -1.48000e+02
8079 -1.47000e+02
8090 -1.46000e+02
8133 -1.45000e+02
8207 -1.44000e+02
8290 -1.43000e+02
8314 -1.42000e+02
8417 -1.41000e+02
8477 -1.40000e+02
8601 -1.39000e+02
8614 -1.38000e+02
8694 -1.37000e+02
8702 -1.36000e+02
8834 -1.35000e+02
8845 -1.34000e+02
8875 -1.33000e+02
8909 -1.32000e+02
9049 -1.31000e+02
9206 -1.30000e+02
9298 -1.29000e+02
9344 -1.28000e+02
9462 -1.27000e+02
9467 -1.26000e+02
9486 -1.25000e+02
9620 -1.24000e+02
9686 -1.23000e+02
9691 -1.22000e+02
9823 -1.21000e+02
9890 -1.20000e+02
9948 -1.19000e+02
9981 -1.19000e+02
"function evaluation" "best-so-far f(x)"
1 -3.03000e+02
54 -3.02000e+02
149 -3.01000e+02
195 -3.00000e+02
241 -2.99000e+02
309 -2.98000e+02
357 -2.97000e+02
379 -2.96000e+02
410 -2.95000e+02
530 -2.94000e+02
540 -2.93000e+02
568 -2.92000e+02
629 -2.91000e+02
671 -2.90000e+02
708 -2.89000e+02
773 -2.88000e+02
804 -2.86000e+02
835 -2.85000e+02
846 -2.84000e+02
885 -2.83000e+02
939 -2.82000e+02
1004 -2.81000e+02
1064 -2.80000e+02
1107 -2.79000e+02
1166 -2.78000e+02
1237 -2.77000e+02
1286 -2.76000e+02
1348 -2.75000e+02
1411 -2.74000e+02
1421 -2.73000e+02
1443 -2.72000e+02
1522 -2.71000e+02
1545 -2.70000e+02
1633 -2.69000e+02
1645 -2.68000e+02
1710 -2.67000e+02
1774 -2.66000e+02
1844 -2.65000e+02
1863 -2.64000e+02
1900 -2.63000e+02
1972 -2.62000e+02
1985 -2.61000e+02
2057 -2.59000e+02
2073 -2.58000e+02
2110 -2.57000e+02
2118 -2.56000e+02
2163 -2.55000e+02
2262 -2.54000e+02
2284 -2.52000e+02
2340 -2.51000e+02
2417 -2.50000e+02
2580 -2.49000e+02
2615 -2.48000e+02
2692 -2.47000e+02
2712 -2.46000e+02
2781 -2.45000e+02
2804 -2.44000e+02
2829 -2.43000e+02
2853 -2.42000e+02
2919 -2.41000e+02
2982 -2.40000e+02
3000 -2.39000e+02
3063 -2.38000e+02
3081 -2.37000e+02
3104 -2.36000e+02
3153 -2.35000e+02
3256 -2.34000e+02
3291 -2.33000e+02
3343 -2.32000e+02
3365 -2.31000e+02
3426 -2.30000e+02
3468 -2.29000e+02
3479 -2.28000e+02
3500 -2.27000e+02
3522 -2.26000e+02
3668 -2.25000e+02
3791 -2.24000e+02
3849 -2.23000e+02
3900 -2.22000e+02
3964 -2.21000e+02
3967 -2.20000e+02
4028 -2.19000e+02
4109 -2.18000e+02
4148 -2.17000e+02
4208 -2.16000e+02
4258 -2.15000e+02
4320 -2.14000e+02
4382 -2.13000e+02
4399 -2.12000e+02
4484 -2.11000e+02
4565 -2.10000e+02
4720 -2.09000e+02
4841 -2.08000e+02
4862 -2.07000e+02
4883 -2.06000e+02
4934 -2.05000e+02
5093 -2.04000e+02
5128 -2.03000e+02
5189 -2.02000e+02
5226 -2.01000e+02
5268 -2.00000e+02
5339 -1.98000e+02
5380 -1.97000e+02
5402 -1.96000e+02
5486 -1.95000e+02
5557 -1.94000e+02
5575 -1.93000e+02
5600 -1.92000e+02
5635 -1.91000e+02
5822 -1.90000e+02
5922 -1.89000e+02
5932 -1.88000e+02
5962 -1.87000e+02
6044 -1.86000e+02
6061 -1.84000e+02
6065 -1.83000e+02
6149 -1.82000e+02
6192 -1.81000e+02
6248 -1.80000e+02
6287 -1.79000e+02
6292 -1.78000e+02
6336 -1.77000e+02
6398 -1.76000e+02
6576 -1.75000e+02
6638 -1.73000e+02
6641 -1.72000e+02
6894 -1.71000e+02
6931 -1.70000e+02
6945 -1.69000e+02
7017 -1.68000e+02
7069 -1.67000e+02
7117 -1.66000e+02
7162 -1.65000e+02
7221 -1.64000e+02
7265 -1.63000e+02
7317 -1.62000e+02
7372 -1.61000e+02
7429 -1.60000e+02
7453 -1.59000e+02
7585 -1.58000e+02
7646 -1.57000e+02
7741 -1.56000e+02
7774 -1.55000e+02
7830 -1.54000e+02
7856 -1.53000e+02
7913 -1.52000e+02
8083 -1.51000e+02
8112 -1.50000e+02
8251 -1.49000e+02
8290 -1.48000e+02
8352 -1.47000e+02
8506 -1.46000e+02
8518 -1.45000e+02
8551 -1.44000e+02
8652 -1.43000e+02
8752 -1.42000e+02
8780 -1.41000e+02
8790 -1.40000e+02
8821 -1.39000e+02
8879 -1.38000e+02
8908 -1.37000e+02
8936 -1.36000e+02
8948 -1.35000e+02
9026 -1.34000e+02
9058 -1.33000e+02
9138 -1.32000e+02
9284 -1.31000e+02
9376 -1.30000e+02
9516 -1.29000e+02
9583 -1.28000e+02
9616 -1.27000e+02
9661 -1.26000e+02
9721 -1.25000e+02
9796 -1.24000e+02
9888 -1.23000e+02
9945 -1.22000e+02
9963 -1.21000e+02
9978 -1.20000e+02
9981 -1.20000e+02
"function evaluation" "best-so-far f(x)"
1 -3.03000e+02
5 -3.02000e+02
14 -3.01000e+02
66 -3.00000e+02
103 -2.99000e+02
119 -2.98000e+02
143 -2.97000e+02
159 -2.96000e+02
190 -2.95000e+02
220 -2.94000e+02
225 -2.93000e+02
229 -2.92000e+02
293 -2.91000e+02
334 -2.90000e+02
386 -2.89000e+02
464 -2.88000e+02
522 -2.87000e+02
557 -2.86000e+02
597 -2.85000e+02
635 -2.84000e+02
655 -2.83000e+02
690 -2.82000e+02
755 -2.81000e+02
811 -2.80000e+02
841 -2.79000e+02
867 -2.77000e+02
971 -2.76000e+02
990 -2.75000e+02
1034 -2.74000e+02
1101 -2.73000e+02
1102 -2.72000e+02
1239 -2.71000e+02
1287 -2.70000e+02
1337 -2.69000e+02
1376 -2.68000e+02
1408 -2.67000e+02
1475 -2.66000e+02
1526 -2.65000e+02
1556 -2.64000e+02
1616 -2.63000e+02
1630 -2.62000e+02
1672 -2.61000e+02
1716 -2.60000e+02
1717 -2.59000e+02
1755 -2.58000e+02
1790 -2.57000e+02
1851 -2.56000e+02
1890 -2.55000e+02
1898 -2.54000e+02
1914 -2.53000e+02
1983 -2.52000e+02
1993 -2.51000e+02
2047 -2.50000e+02
2063 -2.47000e+02
2089 -2.46000e+02
2155 -2.45000e+02
2207 -2.44000e+02
2265 -2.43000e+02
2389 -2.42000e+02
2477 -2.41000e+02
2539 -2.40000e+02
2566 -2.39000e+02
2711 -2.37000e+02
2748 -2.36000e+02
2763 -2.35000e+02
2770 -2.34000e+02
2815 -2.32000e+02
2847 -2.31000e+02
2891 -2.30000e+02
2996 -2.29000e+02
3043 -2.28000e+02
3174 -2.27000e+02
3187 -2.26000e+02
3206 -2.25000e+02
3291 -2.24000e+02
3346 -2.23000e+02
3382 -2.22000e+02
3457 -2.21000e+02
3489 -2.20000e+02
3495 -2.19000e+02
3508 -2.18000e+02
3576 -2.16000e+02
3591 -2.14000e+02
3599 -2.12000e+02
3689 -2.11000e+02
3733 -2.10000e+02
3863 -2.09000e+02
3886 -2.08000e+02
4012 -2.07000e+02
4018 -2.06000e+02
4069 -2.05000e+02
4125 -2.04000e+02
4187 -2.03000e+02
4257 -2.02000e+02
4352 -2.01000e+02
4416 -2.00000e+02
4438 -1.99000e+02
4439 -1.98000e+02
4471 -1.97000e+02
4475 -1.96000e+02
4606 -1.95000e+02
4656 -1.94000e+02
4698 -1.93000e+02
4748 -1.92000e+02
4770 -1.91000e+02
4804 -1.90000e+02
4870 -1.89000e+02
4876 -1.88000e+02
4977 -1.87000e+02
5028 -1.86000e+02
5191 -1.85000e+02
5245 -1.84000e+02
5362 -1.83000e+02
5432 -1.82000e+02
5499 -1.81000e+02
5629 -1.80000e+02
5648 -1.79000e+02
5673 -1.78000e+02
5792 -1.77000e+02
5818 -1.76000e+02
5863 -1.75000e+02
5940 -1.74000e+02
6048 -1.73000e+02
6076 -1.72000e+02
6105 -1.71000e+02
6167 -1.70000e+02
6290 -1.69000e+02
6304 -1.68000e+02
6310 -1.67000e+02
6385 -1.66000e+02
6483 -1.65000e+02
6509 -1.64000e+02
6592 -1.63000e+02
6660 -1.62000e+02
6702 -1.61000e+02
6779 -1.60000e+02
6824 -1.59000e+02
6867 -1.58000e+02
6896 -1.57000e+02
6987 -1.56000e+02
7012 -1.55000e+02
7074 -1.54000e+02
7085 -1.53000e+02
7121 -1.52000e+02
7285 -1.51000e+02
7327 -1.50000e+02
7406 -1.48000e+02
7531 -1.47000e+02
7595 -1.46000e+02
7684 -1.45000e+02
7720 -1.44000e+02
7788 -1.43000e+02
7884 -1.42000e+02
8012 -1.41000e+02
8086 -1.40000e+02
8119 -1.39000e+02
8123 -1.38000e+02
8165 -1.36000e+02
8215 -1.35000e+02
8261 -1.34000e+02
8277 -1.33000e+02
8432 -1.32000e+02
8477 -1.31000e+02
8554 -1.30000e+02
8598 -1.29000e+02
8621 -1.28000e+02
8640 -1.26000e+02
8666 -1.25000e+02
8744 -1.24000e+02
8797 -1.23000e+02
8955 -1.22000e+02
9010 -1.21000e+02
9038 -1.20000e+02
9096 -1.19000e+02
9108 -1.18000e+02
9186 -1.17000e+02
9297 -1.16000e+02
9337 -1.15000e+02
9370 -1.14000e+02
9449 -1.13000e+02
9631 -1.12000e+02
9943 -1.11000e+02
9981 -1.11000e+02
"function evaluation" "best-so-far f(x)"
1 -3.03000e+02
16 -3.02000e+02
48 -3.01000e+02
54 -3.00000e+02
73 -2.99000e+02
95 -2.98000e+02
111 -2.97000e+02
148 -2.96000e+02
178 -2.95000e+02
211 -2.94000e+02
258 -2.93000e+02
265 -2.92000e+02
369 -2.91000e+02
503 -2.90000e+02
542 -2.88000e+02
551 -2.87000e+02
598 -2.86000e+02
656 -2.85000e+02
657 -2.84000e+02
726 -2.83000e+02
751 -2.82000e+02
904 -2.81000e+02
943 -2.80000e+02
1009 -2.79000e+02
1031 -2.78000e+02
1120 -2.77000e+02
1196 -2.76000e+02
1251 -2.75000e+02
1301 -2.74000e+02
1324 -2.73000e+02
1391 -2.71000e+02
1425 -2.70000e+02
1445 -2.69000e+02
1471 -2.68000e+02
1530 -2.67000e+02
1563 -2.66000e+02
1591 -2.65000e+02
1672 -2.64000e+02
1760 -2.62000e+02
1811 -2.61000e+02
1896 -2.60000e+02
1951 -2.59000e+02
2001 -2.57000e+02
2038 -2.56000e+02
2086 -2.55000e+02
2089 -2.54000e+02
2192 -2.53000e+02
2246 -2.52000e+02
2279 -2.51000e+02
2339 -2.50000e+02
2382 -2.49000e+02
2414 -2.48000e+02
2419 -2.47000e+02
2473 -2.46000e+02
2513 -2.44000e+02
2514 -2.43000e+02
2524 -2.42000e+02
2601 -2.41000e+02
2628 -2.40000e+02
2652 -2.39000e+02
2674 -2.38000e+02
2696 -2.37000e+02
2744 -2.36000e+02
2814 -2.35000e+02
2880 -2.34000e+02
2985 -2.33000e+02
2999 -2.32000e+02
3057 -2.31000e+02
3106 -2.30000e+02
3128 -2.29000e+02
3170 -2.28000e+02
3230 -2.27000e+02
3239 -2.26000e+02
3349 -2.25000e+02
3401 -2.24000e+02
3422 -2.23000e+02
3460 -2.22000e+02
3485 -2.21000e+02
3549 -2.20000e+02
3569 -2.19000e+02
3604 -2.18000e+02
3651 -2.17000e+02
3710 -2.16000e+02
3758 -2.15000e+02
3799 -2.14000e+02
3900 -2.13000e+02
3927 -2.12000e+02
3978 -2.11000e+02
4123 -2.10000e+02
4181 -2.09000e+02
4274 -2.07000e+02
4332 -2.06000e+02
4351 -2.05000e+02
4416 -2.04000e+02
4575 -2.03000e+02
4645 -2.02000e+02
4661 -2.00000e+02
4664 -1.99000e+02
4765 -1.98000e+02
4811 -1.97000e+02
4832 -1.96000e+02
4891 -1.95000e+02
4974 -1.94000e+02
5022 -1.93000e+02
5074 -1.92000e+02
5101 -1.91000e+02
5151 -1.90000e+02
5171 -1.88000e+02
5184 -1.87000e+02
5231 -1.86000e+02
5240 -1.85000e+02
5283 -1.84000e+02
5353 -1.83000e+02
5407 -1.82000e+02
5455 -1.81000e+02
5521 -1.80000e+02
5585 -1.79000e+02
5606 -1.78000e+02
5648 -1.77000e+02
5702 -1.76000e+02
5819 -1.75000e+02
5916 -1.74000e+02
5929 -1.73000e+02
5955 -1.72000e+02
6040 -1.71000e+02
6072 -1.70000e+02
6147 -1.69000e+02
6162 -1.68000e+02
6186 -1.67000e+02
6237 -1.66000e+02
6272 -1.65000e+02
6337 -1.64000e+02
6350 -1.63000e+02
6415 -1.62000e+02
6449 -1.61000e+02
6471 -1.60000e+02
6622 -1.59000e+02
6698 -1.58000e+02
6837 -1.57000e+02
6866 -1.56000e+02
7103 -1.55000e+02
7180 -1.54000e+02
7226 -1.53000e+02
7364 -1.52000e+02
7447 -1.51000e+02
7473 -1.50000e+02
7492 -1.49000e+02
7541 -1.48000e+02
7610 -1.47000e+02
7665 -1.46000e+02
7750 -1.45000e+02
7771 -1.44000e+02
7963 -1.43000e+02
8040 -1.42000e+02
8082 -1.41000e+02
8141 -1.40000e+02
8174 -1.39000e+02
8317 -1.38000e+02
8362 -1.37000e+02
8430 -1.36000e+02
8460 -1.35000e+02
8505 -1.34000e+02
8531 -1.32000e+02
8639 -1.31000e+02
8688 -1.30000e+02
8846 -1.29000e+02
8853 -1.28000e+02
8944 -1.27000e+02
8970 -1.26000e+02
9011 -1.25000e+02
9094 -1.24000e+02
9104 -1.23000e+02
9150 -1.22000e+02
9236 -1.21000e+02
9290 -1.20000e+02
9336 -1.19000e+02
9390 -1.17000e+02
9484 -1.16000e+02
9491 -1.15000e+02
9577 -1.14000e+02
9658 -1.13000e+02
9717 -1.12000e+02
9771 -1.11000e+02
9781 -1.10000e+02
9830 -1.09000e+02
9858 -1.08000e+02
9866 -1.07000e+02
9981 -1.07000e+02
"function evaluation" "best-so-far f(x)"
1 -3.03000e+02
44 -3.02000e+02
85 -3.01000e+02
136 -3.00000e+02
160 -2.99000e+02
191 -2.98000e+02
198 -2.97000e+02
205 -2.96000e+02
275 -2.95000e+02
293 -2.94000e+02
368 -2.93000e+02
374 -2.92000e+02
380 -2.91000e+02
435 -2.90000e+02
440 -2.89000e+02
465 -2.88000e+02
582 -2.87000e+02
615 -2.86000e+02
649 -2.85000e+02
744 -2.84000e+02
782 -2.83000e+02
798 -2.82000e+02
843 -2.81000e+02
1068 -2.80000e+02
1097 -2.79000e+02
1143 -2.78000e+02
1203 -2.77000e+02
1204 -2.76000e+02
1320 -2.75000e+02
1376 -2.74000e+02
1453 -2.73000e+02
1524 -2.72000e+02
1633 -2.71000e+02
1674 -2.70000e+02
1680 -2.69000e+02
1703 -2.68000e+02
1775 -2.67000e+02
1841 -2.66000e+02
1847 -2.65000e+02
1911 -2.64000e+02
1964 -2.63000e+02
2027 -2.62000e+02
2080 -2.61000e+02
2101 -2.60000e+02
2180 -2.59000e+02
2309 -2.58000e+02
2344 -2.57000e+02
2379 -2.56000e+02
2447 -2.55000e+02
2469 -2.54000e+02
2554 -2.53000e+02
2569 -2.52000e+02
2632 -2.51000e+02
2667 -2.50000e+02
2725 -2.49000e+02
2771 -2.48000e+02
2831 -2.47000e+02
2921 -2.46000e+02
2998 -2.45000e+02
3031 -2.44000e+02
3150 -2.43000e+02
3186 -2.42000e+02
3232 -2.41000e+02
3276 -2.40000e+02
3321 -2.39000e+02
3381 -2.38000e+02
3407 -2.37000e+02
3470 -2.36000e+02
3510 -2.35000e+02
3546 -2.34000e+02
3594 -2.33000e+02
3678 -2.32000e+02
3852 -2.31000e+02
3863 -2.30000e+02
3936 -2.29000e+02
3945 -2.28000e+02
4006 -2.27000e+02
4108 -2.26000e+02
4189 -2.25000e+02
4192 -2.24000e+02
4239 -2.23000e+02
4305 -2.22000e+02
4342 -2.21000e+02
4448 -2.20000e+02
4504 -2.19000e+02
4588 -2.18000e+02
4618 -2.17000e+02
4674 -2.16000e+02
4770 -2.15000e+02
4793 -2.14000e+02
4870 -2.13000e+02
4935 -2.12000e+02
4996 -2.11000e+02
5061 -2.10000e+02
5115 -2.09000e+02
5156 -2.08000e+02
5244 -2.07000e+02
5267 -2.06000e+02
5345 -2.05000e+02
5420 -2.04000e+02
5463 -2.03000e+02
5555 -2.02000e+02
5624 -2.01000e+02
5664 -2.00000e+02
5668 -1.99000e+02
5718 -1.98000e+02
5784 -1.97000e+02
5793 -1.96000e+02
5836 -1.95000e+02
5881 -1.94000e+02
5930 -1.93000e+02
5980 -1.92000e+02
6033 -1.91000e+02
6137 -1.90000e+02
6207 -1.89000e+02
6240 -1.88000e+02
6301 -1.87000e+02
6350 -1.86000e+02
6393 -1.85000e+02
6404 -1.84000e+02
6448 -1.82000e+02
6488 -1.81000e+02
6574 -1.80000e+02
6620 -1.79000e+02
6687 -1.78000e+02
6729 -1.77000e+02
6779 -1.76000e+02
6806 -1.75000e+02
6851 -1.74000e+02
6859 -1.73000e+02
6941 -1.72000e+02
6998 -1.71000e+02
7099 -1.70000e+02
7113 -1.69000e+02
7158 -1.68000e+02
7211 -1.67000e+02
7450 -1.66000e+02
7476 -1.65000e+02
7510 -1.64000e+02
7686 -1.63000e+02
7706 -1.62000e+02
7802 -1.61000e+02
7809 -1.60000e+02
7810 -1.59000e+02
7834 -1.58000e+02
7847 -1.57000e+02
7880 -1.56000e+02
7986 -1.55000e+02
8175 -1.54000e+02
8201 -1.53000e+02
8230 -1.52000e+02
8282 -1.51000e+02
8352 -1.50000e+02
8416 -1.49000e+02
8515 -1.48000e+02
8531 -1.47000e+02
8538 -1.46000e+02
8634 -1.45000e+02
8789 -1.44000e+02
8830 -1.43000e+02
8919 -1.42000e+02
8937 -1.41000e+02
8956 -1.40000e+02
9064 -1.39000e+02
9099 -1.38000e+02
9210 -1.37000e+02
9281 -1.36000e+02
9331 -1.35000e+02
9481 -1.34000e+02
9537 -1.33000e+02
9597 -1.32000e+02
9717 -1.31000e+02
9795 -1.30000e+02
9890 -1.29000e+02
9932 -1.28000e+02
9945 -1.27000e+02
9981 -1.27000e+02
"function evaluation" "best-so-far f(x)"
1 -3.03000e+02
39 -3.02000e+02
49 -3.01000e+02
114 -3.00000e+02
140 -2.99000e+02
148 -2.98000e+02
191 -2.97000e+02
248 -2.96000e+02
268 -2.95000e+02
295 -2.94000e+02
331 -2.93000e+02
358 -2.92000e+02
381 -2.91000e+02
443 -2.90000e+02
477 -2.89000e+02
497 -2.88000e+02
540 -2.87000e+02
605 -2.86000e+02
639 -2.85000e+02
688 -2.84000e+02
729 -2.83000e+02
827 -2.82000e+02
861 -2.81000e+02
943 -2.80000e+02
951 -2.79000e+02
1004 -2.78000e+02
1110 -2.77000e+02
1145 -2.76000e+02
1173 -2.75000e+02
1252 -2.74000e+02
1297 -2.73000e+02
1363 -2.72000e+02
1402 -2.71000e+02
1410 -2.70000e+02
1428 -2.69000e+02
1603 -2.68000e+02
1668 -2.67000e+02
1716 -2.66000e+02
1840 -2.65000e+02
1888 -2.64000e+02
1968 -2.63000e+02
2017 -2.62000e+02
2034 -2.61000e+02
2081 -2.60000e+02
2139 -2.59000e+02
2147 -2.58000e+02
2228 -2.57000e+02
2247 -2.56000e+02
2347 -2.55000e+02
2421 -2.54000e+02
2477 -2.53000e+02
2504 -2.52000e+02
2515 -2.51000e+02
2538 -2.50000e+02
2590 -2.49000e+02
2658 -2.48000e+02
2755 -2.47000e+02
2771 -2.46000e+02
2780 -2.45000e+02
2821 -2.44000e+02
2867 -2.43000e+02
2917 -2.42000e+02
2947 -2.41000e+02
2996 -2.40000e+02
3024 -2.39000e+02
3072 -2.38000e+02
3138 -2.37000e+02
3289 -2.36000e+02
3311 -2.35000e+02
3385 -2.34000e+02
3406 -2.33000e+02
3407 -2.32000e+02
3453 -2.31000e+02
3486 -2.30000e+02
3500 -2.29000e+02
3553 -2.28000e+02
3605 -2.27000e+02
3625 -2.26000e+02
3667 -2.25000e+02
3683 -2.24000e+02
3711 -2.23000e+02
3757 -2.22000e+02
3849 -2.21000e+02
3998 -2.20000e+02
4071 -2.19000e+02
4088 -2.18000e+02
4174 -2.17000e+02
4201 -2.16000e+02
4206 -2.15000e+02
4289 -2.14000e+02
4334 -2.13000e+02
4408 -2.12000e+02
4456 -2.11000e+02
4581 -2.10000e+02
4669 -2.09000e+02
4678 -2.08000e+02
4752 -2.07000e+02
4865 -2.06000e+02
4924 -2.05000e+02
5143 -2.04000e+02
5169 -2.03000e+02
5204 -2.02000e+02
5232 -2.01000e+02
5319 -2.00000e+02
5413 -1.99000e+02
5439 -1.98000e+02
5579 -1.97000e+02
5606 -1.96000e+02
5670 -1.95000e+02
5713 -1.94000e+02
5788 -1.93000e+02
5802 -1.92000e+02
5835 -1.91000e+02
5919 -1.90000e+02
5961 -1.89000e+02
6133 -1.88000e+02
6190 -1.87000e+02
6259 -1.86000e+02
6285 -1.85000e+02
6331 -1.84000e+02
6412 -1.83000e+02
6451 -1.82000e+02
6511 -1.81000e+02
6531 -1.80000e+02
6535 -1.78000e+02
6562 -1.77000e+02
6585 -1.76000e+02
6606 -1.75000e+02
6626 -1.74000e+02
6703 -1.73000e+02
6722 -1.72000e+02
6752 -1.71000e+02
6759 -1.70000e+02
6819 -1.69000e+02
6867 -1.68000e+02
6915 -1.67000e+02
6973 -1.66000e+02
7038 -1.65000e+02
7083 -1.64000e+02
7125 -1.63000e+02
7144 -1.62000e+02
7279 -1.61000e+02
7291 -1.60000e+02
7310 -1.59000e+02
7352 -1.58000e+02
7396 -1.57000e+02
7440 -1.56000e+02
7507 -1.55000e+02
7569 -1.54000e+02
7620 -1.53000e+02
7685 -1.52000e+02
7757 -1.51000e+02
7835 -1.50000e+02
7941 -1.49000e+02
7985 -1.48000e+02
8001 -1.47000e+02
8047 -1.46000e+02
8122 -1.45000e+02
8250 -1.44000e+02
8275 -1.43000e+02
8347 -1.42000e+02
8465 -1.41000e+02
8516 -1.40000e+02
8632 -1.39000e+02
8738 -1.38000e+02
8759 -1.37000e+02
8768 -1.36000e+02
8881 -1.35000e+02
8998 -1.34000e+02
9179 -1.33000e+02
9253 -1.32000e+02
9300 -1.31000e+02
9423 -1.30000e+02
9587 -1.29000e+02
9695 -1.28000e+02
9760 -1.27000e+02
9766 -1.26000e+02
9790 -1.25000e+02
9818 -1.24000e+02
9867 -1.23000e+02
9936 -1.22000e+02
9981 -1.22000e+02
"function evaluation" "best-so-far f(x)"
1 -3.03000e+02
23 -3.02000e+02
98 -3.01000e+02
181 -3.00000e+02
216 -2.99000e+02
250 -2.98000e+02
297 -2.97000e+02
402 -2.96000e+02
472 -2.95000e+02
501 -2.94000e+02
518 -2.93000e+02
593 -2.92000e+02
666 -2.91000e+02
703 -2.90000e+02
743 -2.89000e+02
812 -2.88000e+02
866 -2.87000e+02
926 -2.86000e+02
981 -2.85000e+02
1097 -2.84000e+02
1120 -2.83000e+02
1237 -2.82000e+02
1300 -2.81000e+02
1345 -2.80000e+02
1386 -2.79000e+02
1433 -2.78000e+02
1466 -2.77000e+02
1523 -2.76000e+02
1551 -2.75000e+02
1552 -2.74000e+02
1633 -2.73000e+02
1691 -2.72000e+02
1737 -2.71000e+02
1796 -2.70000e+02
1846 -2.69000e+02
1927 -2.68000e+02
2007 -2.67000e+02
2024 -2.66000e+02
2033 -2.65000e+02
2132 -2.63000e+02
2165 -2.62000e+02
2170 -2.61000e+02
2197 -2.60000e+02
2337 -2.59000e+02
2370 -2.58000e+02
2440 -2.57000e+02
2540 -2.56000e+02
2559 -2.55000e+02
2588 -2.54000e+02
2689 -2.53000e+02
2701 -2.52000e+02
2705 -2.51000e+02
2769 -2.50000e+02
2797 -2.49000e+02
2887 -2.48000e+02
2955 -2.47000e+02
2989 -2.46000e+02
3095 -2.45000e+02
3101 -2.44000e+02
3159 -2.43000e+02
3174 -2.42000e+02
3229 -2.41000e+02
3231 -2.40000e+02
3264 -2.39000e+02
3296 -2.38000e+02
3408 -2.37000e+02
3466 -2.36000e+02
3775 -2.35000e+02
3838 -2.34000e+02
3839 -2.33000e+02
3857 -2.32000e+02
3906 -2.31000e+02
3934 -2.30000e+02
3984 -2.29000e+02
4058 -2.28000e+02
4095 -2.27000e+02
4139 -2.26000e+02
4200 -2.25000e+02
4230 -2.24000e+02
4275 -2.23000e+02
4302 -2.22000e+02
4382 -2.21000e+02
4412 -2.20000e+02
4491 -2.19000e+02
4596 -2.18000e+02
4620 -2.17000e+02
4725 -2.16000e+02
4737 -2.15000e+02
4799 -2.14000e+02
4846 -2.13000e+02
4961 -2.12000e+02
5009 -2.11000e+02
5111 -2.10000e+02
5176 -2.09000e+02
5270 -2.07000e+02
5317 -2.06000e+02
5482 -2.04000e+02
5492 -2.03000e+02
5527 -2.02000e+02
5606 -2.01000e+02
5681 -2.00000e+02
5695 -1.99000e+02
5714 -1.98000e+02
5779 -1.97000e+02
5801 -1.96000e+02
5867 -1.95000e+02
5916 -1.94000e+02
5986 -1.93000e+02
6039 -1.92000e+02
6163 -1.91000e+02
6198 -1.90000e+02
6210 -1.89000e+02
6243 -1.88000e+02
6281 -1.87000e+02
6319 -1.86000e+02
6388 -1.85000e+02
6456 -1.84000e+02
6525 -1.83000e+02
6579 -1.82000e+02
6606 -1.81000e+02
6683 -1.80000e+02
6688 -1.79000e+02
6759 -1.78000e+02
6802 -1.77000e+02
6906 -1.76000e+02
6973 -1.75000e+02
6986 -1.74000e+02
7060 -1.73000e+02
7085 -1.72000e+02
7190 -1.71000e+02
7205 -1.70000e+02
7241 -1.69000e+02
7353 -1.68000e+02
7377 -1.67000e+02
7442 -1.66000e+02
7565 -1.65000e+02
7609 -1.64000e+02
7800 -1.63000e+02
7815 -1.62000e+02
7939 -1.61000e+02
7975 -1.60000e+02
8083 -1.59000e+02
8172 -1.58000e+02
8180 -1.57000e+02
8259 -1.56000e+02
8293 -1.55000e+02
8375 -1.54000e+02
8381 -1.53000e+02
8437 -1.52000e+02
8476 -1.51000e+02
8629 -1.50000e+02
8647 -1.49000e+02
8710 -1.48000e+02
8724 -1.47000e+02
8792 -1.46000e+02
8862 -1.45000e+02
8880 -1.44000e+02
8890 -1.43000e+02
8955 -1.42000e+02
8968 -1.41000e+02
9114 -1.39000e+02
9197 -1.38000e+02
9293 -1.37000e+02
9353 -1.36000e+02
9369 -1.35000e+02
9455 -1.34000e+02
9534 -1.33000e+02
9562 -1.32000e+02
9595 -1.31000e+02
9623 -1.30000e+02
9633 -1.29000e+02
9658 -1.28000e+02
9797 -1.27000e+02
9906 -1.26000e+02
9966 -1.25000e+02
9981 -1.25000e+02
"function evaluation" "best-so-far f(x)"
1 -3.03000e+02
12 -3.02000e+02
29 -3.01000e+02
124 -3.00000e+02
171 -2.99000e+02
182 -2.98000e+02
240 -2.97000e+02
246 -2.96000e+02
294 -2.95000e+02
322 -2.94000e+02
467 -2.93000e+02
481 -2.92000e+02
588 -2.91000e+02
623 -2.89000e+02
651 -2.88000e+02
694 -2.87000e+02
711 -2.86000e+02
720 -2.84000e+02
775 -2.83000e+02
807 -2.81000e+02
815 -2.80000e+02
885 -2.79000e+02
905 -2.78000e+02
976 -2.77000e+02
979 -2.76000e+02
1025 -2.75000e+02
1075 -2.74000e+02
1127 -2.73000e+02
1197 -2.72000e+02
1218 -2.71000e+02
1263 -2.70000e+02
1351 -2.68000e+02
1408 -2.67000e+02
1415 -2.66000e+02
1459 -2.65000e+02
1500 -2.64000e+02
1543 -2.63000e+02
1548 -2.62000e+02
1578 -2.61000e+02
1616 -2.59000e+02
1709 -2.58000e+02
1760 -2.57000e+02
1773 -2.56000e+02
1832 -2.55000e+02
1892 -2.54000e+02
1917 -2.53000e+02
1930 -2.52000e+02
1969 -2.51000e+02
2006 -2.50000e+02
2015 -2.49000e+02
2050 -2.48000e+02
2088 -2.47000e+02
2103 -2.46000e+02
2120 -2.45000e+02
2161 -2.43000e+02
2176 -2.42000e+02
2236 -2.41000e+02
2266 -2.40000e+02
2308 -2.39000e+02
2356 -2.38000e+02
2400 -2.37000e+02
2542 -2.36000e+02
2573 -2.35000e+02
2639 -2.34000e+02
2744 -2.33000e+02
2817 -2.32000e+02
2843 -2.31000e+02
2915 -2.30000e+02
3032 -2.29000e+02
3077 -2.28000e+02
3189 -2.27000e+02
3257 -2.26000e+02
3327 -2.25000e+02
3335 -2.24000e+02
3478 -2.23000e+02
3506 -2.22000e+02
3549 -2.21000e+02
3610 -2.20000e+02
3661 -2.19000e+02
3748 -2.18000e+02
3917 -2.17000e+02
3920 -2.16000e+02
4005 -2.15000e+02
4041 -2.14000e+02
4117 -2.13000e+02
4170 -2.12000e+02
4192 -2.11000e+02
4249 -2.10000e+02
4338 -2.09000e+02
4400 -2.08000e+02
4402 -2.06000e+02
4589 -2.05000e+02
4653 -2.04000e+02
4754 -2.03000e+02
4832 -2.02000e+02
4833 -2.01000e+02
4932 -2.00000e+02
4972 -1.99000e+02
5047 -1.98000e+02
5107 -1.97000e+02
5137 -1.94000e+02
5258 -1.93000e+02
5273 -1.92000e+02
5292 -1.91000e+02
5316 -1.90000e+02
5353 -1.89000e+02
5389 -1.88000e+02
5430 -1.87000e+02
5518 -1.86000e+02
5564 -1.85000e+02
5568 -1.84000e+02
5640 -1.83000e+02
5729 -1.82000e+02
5763 -1.81000e+02
5816 -1.80000e+02
5891 -1.79000e+02
5962 -1.78000e+02
5985 -1.77000e+02
6064 -1.76000e+02
6109 -1.75000e+02
6204 -1.74000e+02
6213 -1.73000e+02
6288 -1.72000e+02
6302 -1.71000e+02
6381 -1.70000e+02
6430 -1.69000e+02
6469 -1.68000e+02
6477 -1.67000e+02
6692 -1.66000e+02
6731 -1.65000e+02
6844 -1.64000e+02
6963 -1.63000e+02
7115 -1.62000e+02
7266 -1.61000e+02
7313 -1.60000e+02
7343 -1.59000e+02
7407 -1.58000e+02
7539 -1.57000e+02
7654 -1.55000e+02
7761 -1.54000e+02
7808 -1.53000e+02
7899 -1.52000e+02
7924 -1.51000e+02
7951 -1.50000e+02
7989 -1.49000e+02
8027 -1.48000e+02
8087 -1.47000e+02
8221 -1.46000e+02
8298 -1.45000e+02
8368 -1.44000e+02
8442 -1.43000e+02
8680 -1.42000e+02
8701 -1.41000e+02
8917 -1.40000e+02
9021 -1.39000e+02
9033 -1.38000e+02
9051 -1.37000e+02
9116 -1.36000e+02
9233 -1.35000e+02
9311 -1.34000e+02
9335 -1.33000e+02
9406 -1.32000e+02
9456 -1.31000e+02
9550 -1.30000e+02
9577 -1.29000e+02
9613 -1.28000e+02
9703 -1.27000e+02
9911 -1.26000e+02
9960 -1.25000e+02
9981 -1.25000e+02
"function evaluation" "best-so-far f(x)"
1 -3.03000e+02
10 -3.02000e+02
30 -3.01000e+02
100 -3.00000e+02
139 -2.99000e+02
153 -2.98000e+02
256 -2.97000e+02
289 -2.96000e+02
307 -2.95000e+02
330 -2.94000e+02
364 -2.93000e+02
442 -2.92000e+02
540 -2.91000e+02
560 -2.90000e+02
605 -2.89000e+02
622 -2.88000e+02
647 -2.87000e+02
687 -2.86000e+02
744 -2.85000e+02
771 -2.84000e+02
786 -2.83000e+02
819 -2.82000e+02
833 -2.81000e+02
902 -2.80000e+02
1000 -2.78000e+02
1153 -2.77000e+02
1173 -2.76000e+02
1240 -2.75000e+02
1256 -2.73000e+02
1264 -2.72000e+02
1277 -2.71000e+02
1309 -2.70000e+02
1382 -2.69000e+02
1443 -2.68000e+02
1474 -2.67000e+02
1533 -2.66000e+02
1594 -2.65000e+02
1627 -2.64000e+02
1703 -2.63000e+02
1722 -2.62000e+02
1762 -2.61000e+02
1811 -2.60000e+02
1875 -2.59000e+02
1946 -2.57000e+02
2087 -2.56000e+02
2116 -2.55000e+02
2179 -2.54000e+02
2272 -2.53000e+02
2377 -2.52000e+02
2448 -2.51000e+02
2518 -2.50000e+02
2532 -2.49000e+02
2587 -2.48000e+02
2603 -2.47000e+02
2651 -2.46000e+02
2746 -2.45000e+02
2766 -2.44000e+02
2835 -2.43000e+02
2931 -2.42000e+02
2990 -2.41000e+02
3060 -2.40000e+02
3078 -2.39000e+02
3174 -2.38000e+02
3228 -2.37000e+02
3280 -2.36000e+02
3337 -2.35000e+02
3368 -2.34000e+02
3399 -2.33000e+02
3454 -2.32000e+02
3566 -2.31000e+02
3618 -2.30000e+02
3640 -2.29000e+02
3766 -2.28000e+02
3786 -2.27000e+02
3895 -2.26000e+02
4020 -2.25000e+02
4049 -2.24000e+02
4127 -2.23000e+02
4154 -2.22000e+02
4187 -2.21000e+02
4242 -2.20000e+02
4279 -2.19000e+02
4419 -2.18000e+02
4484 -2.17000e+02
4567 -2.15000e+02
4585 -2.14000e+02
4770 -2.13000e+02
4809 -2.12000e+02
4828 -2.11000e+02
4881 -2.10000e+02
4904 -2.09000e+02
4928 -2.08000e+02
4951 -2.06000e+02
4962 -2.05000e+02
4994 -2.04000e+02
5068 -2.03000e+02
5121 -2.02000e+02
5168 -2.01000e+02
5176 -2.00000e+02
5349 -1.99000e+02
5410 -1.98000e+02
5441 -1.97000e+02
5569 -1.96000e+02
5708 -1.95000e+02
5742 -1.93000e+02
5783 -1.92000e+02
5876 -1.91000e+02
5890 -1.90000e+02
5939 -1.89000e+02
6023 -1.88000e+02
6071 -1.87000e+02
6124 -1.86000e+02
6270 -1.84000e+02
6303 -1.83000e+02
6380 -1.82000e+02
6411 -1.81000e+02
6417 -1.80000e+02
6475 -1.79000e+02
6530 -1.78000e+02
6555 -1.77000e+02
6627 -1.76000e+02
6717 -1.75000e+02
6900 -1.74000e+02
6980 -1.73000e+02
7042 -1.72000e+02
7173 -1.71000e+02
7193 -1.70000e+02
7309 -1.69000e+02
7374 -1.68000e+02
7426 -1.67000e+02
7503 -1.66000e+02
7578 -1.65000e+02
7600 -1.64000e+02
7670 -1.63000e+02
7768 -1.62000e+02
7907 -1.61000e+02
8057 -1.60000e+02
8073 -1.59000e+02
8144 -1.58000e+02
8194 -1.57000e+02
8252 -1.56000e+02
8317 -1.55000e+02
8341 -1.54000e+02
8391 -1.53000e+02
8450 -1.52000e+02
8520 -1.51000e+02
8553 -1.50000e+02
8597 -1.49000e+02
8654 -1.48000e+02
8675 -1.47000e+02
8695 -1.46000e+02
8731 -1.45000e+02
8743 -1.44000e+02
8806 -1.43000e+02
8884 -1.42000e+02
8908 -1.41000e+02
9144 -1.40000e+02
9180 -1.39000e+02
9240 -1.38000e+02
9271 -1.37000e+02
9335 -1.36000e+02
9387 -1.35000e+02
9432 -1.34000e+02
9466 -1.33000e+02
9528 -1.32000e+02
9628 -1.31000e+02
9718 -1.30000e+02
9730 -1.29000e+02
9792 -1.28000e+02
9823 -1.27000e+02
9830 -1.26000e+02
9895 -1.25000e+02
9981 -1.25000e+02
"function evaluation" "best-so-far f(x)"
1 -3.03000e+02
25 -3.02000e+02
92 -3.01000e+02
165 -3.00000e+02
208 -2.99000e+02
270 -2.98000e+02
328 -2.96000e+02
364 -2.94000e+02
407 -2.93000e+02
428 -2.91000e+02
484 -2.90000e+02
508 -2.89000e+02
529 -2.88000e+02
580 -2.87000e+02
610 -2.86000e+02
634 -2.85000e+02
657 -2.83000e+02
700 -2.82000e+02
717 -2.81000e+02
799 -2.80000e+02
842 -2.79000e+02
863 -2.78000e+02
877 -2.77000e+02
945 -2.76000e+02
994 -2.75000e+02
1073 -2.74000e+02
1118 -2.73000e+02
1158 -2.71000e+02
1303 -2.70000e+02
1376 -2.69000e+02
1407 -2.68000e+02
1426 -2.67000e+02
1493 -2.66000e+02
1543 -2.65000e+02
1621 -2.64000e+02
1622 -2.63000e+02
1669 -2.62000e+02
1731 -2.61000e+02
1786 -2.59000e+02
1827 -2.58000e+02
1868 -2.57000e+02
1906 -2.55000e+02
1942 -2.54000e+02
1967 -2.53000e+02
2036 -2.51000e+02
2056 -2.49000e+02
2121 -2.48000e+02
2181 -2.47000e+02
2183 -2.46000e+02
2193 -2.45000e+02
2259 -2.44000e+02
2309 -2.43000e+02
2341 -2.42000e+02
2365 -2.41000e+02
2401 -2.40000e+02
2489 -2.38000e+02
2573 -2.37000e+02
2601 -2.36000e+02
2627 -2.35000e+02
2718 -2.34000e+02
2755 -2.33000e+02
2773 -2.32000e+02
2799 -2.31000e+02
2814 -2.30000e+02
2838 -2.29000e+02
2848 -2.28000e+02
2923 -2.27000e+02
3116 -2.26000e+02
3200 -2.25000e+02
3281 -2.24000e+02
3346 -2.23000e+02
3410 -2.22000e+02
3467 -2.21000e+02
3505 -2.20000e+02
3509 -2.19000e+02
3541 -2.18000e+02
3620 -2.17000e+02
3710 -2.16000e+02
3738 -2.15000e+02
3776 -2.14000e+02
3856 -2.13000e+02
3878 -2.12000e+02
3978 -2.11000e+02
4022 -2.10000e+02
4049 -2.09000e+02
4107 -2.08000e+02
4177 -2.07000e+02
4240 -2.06000e+02
4352 -2.05000e+02
4386 -2.04000e+02
4433 -2.03000e+02
4488 -2.02000e+02
4504 -2.01000e+02
4565 -2.00000e+02
4617 -1.99000e+02
4770 -1.98000e+02
4816 -1.97000e+02
4893 -1.96000e+02
4996 -1.95000e+02
5059 -1.94000e+02
5103 -1.93000e+02
5230 -1.92000e+02
5322 -1.91000e+02
5408 -1.90000e+02
5462 -1.89000e+02
5504 -1.88000e+02
5576 -1.87000e+02
5602 -1.86000e+02
5618 -1.85000e+02
5709 -1.84000e+02
5855 -1.83000e+02
5882 -1.82000e+02
5956 -1.81000e+02
6102 -1.80000e+02
6168 -1.79000e+02
6194 -1.78000e+02
6355 -1.77000e+02
6446 -1.76000e+02
6493 -1.75000e+02
6560 -1.74000e+02
6643 -1.73000e+02
6682 -1.72000e+02
6825 -1.71000e+02
6858 -1.70000e+02
6939 -1.69000e+02
6998 -1.68000e+02
7030 -1.67000e+02
7068 -1.66000e+02
7087 -1.65000e+02
7208 -1.64000e+02
7268 -1.63000e+02
7355 -1.62000e+02
7363 -1.61000e+02
7413 -1.60000e+02
7501 -1.59000e+02
7538 -1.57000e+02
7662 -1.56000e+02
7694 -1.55000e+02
7732 -1.54000e+02
7756 -1.53000e+02
7859 -1.52000e+02
7943 -1.51000e+02
7960 -1.50000e+02
8118 -1.49000e+02
8164 -1.48000e+02
8289 -1.47000e+02
8334 -1.46000e+02
8362 -1.45000e+02
8410 -1.44000e+02
8449 -1.43000e+02
8595 -1.42000e+02
8653 -1.41000e+02
8737 -1.40000e+02
8812 -1.39000e+02
8860 -1.38000e+02
9009 -1.37000e+02
9061 -1.36000e+02
9108 -1.35000e+02
9222 -1.34000e+02
9326 -1.33000e+02
9372 -1.32000e+02
9525 -1.31000e+02
9638 -1.30000e+02
9692 -1.29000e+02
9723 -1.28000e+02
9756 -1.27000e+02
9788 -1.26000e+02
9808 -1.25000e+02
9859 -1.24000e+02
9921 -1.22000e+02
9957 -1.21000e+02
9981 -1.21000e+02
"function evaluation" "best-so-far f(x)"
1 -3.03000e+02
53 -3.02000e+02
116 -3.01000e+02
143 -3.00000e+02
180 -2.99000e+02
216 -2.98000e+02
219 -2.97000e+02
250 -2.96000e+02
304 -2.95000e+02
336 -2.94000e+02
390 -2.93000e+02
434 -2.92000e+02
491 -2.91000e+02
529 -2.90000e+02
542 -2.89000e+02
626 -2.88000e+02
688 -2.87000e+02
699 -2.86000e+02
751 -2.84000e+02
833 -2.83000e+02
855 -2.82000e+02
905 -2.81000e+02
996 -2.80000e+02
1024 -2.79000e+02
1058 -2.77000e+02
1139 -2.76000e+02
1195 -2.75000e+02
1199 -2.74000e+02
1233 -2.73000e+02
1288 -2.72000e+02
1299 -2.71000e+02
1344 -2.70000e+02
1377 -2.69000e+02
1452 -2.68000e+02
1494 -2.67000e+02
1527 -2.66000e+02
1535 -2.65000e+02
1544 -2.64000e+02
1564 -2.63000e+02
1588 -2.62000e+02
1606 -2.61000e+02
1644 -2.60000e+02
1683 -2.59000e+02
1733 -2.58000e+02
1749 -2.57000e+02
1761 -2.56000e+02
1821 -2.55000e+02
1887 -2.54000e+02
1944 -2.53000e+02
1984 -2.52000e+02
2072 -2.51000e+02
2116 -2.50000e+02
2183 -2.49000e+02
2306 -2.48000e+02
2329 -2.47000e+02
2351 -2.46000e+02
2392 -2.45000e+02
2402 -2.44000e+02
2462 -2.43000e+02
2465 -2.42000e+02
2477 -2.41000e+02
2509 -2.40000e+02
2588 -2.39000e+02
2610 -2.38000e+02
2630 -2.37000e+02
2699 -2.36000e+02
2732 -2.35000e+02
2783 -2.34000e+02
2844 -2.33000e+02
2911 -2.32000e+02
2937 -2.31000e+02
2985 -2.30000e+02
2998 -2.29000e+02
3132 -2.28000e+02
3155 -2.27000e+02
3192 -2.26000e+02
3255 -2.24000e+02
3320 -2.23000e+02
3346 -2.22000e+02
3382 -2.21000e+02
3472 -2.20000e+02
3514 -2.19000e+02
3628 -2.18000e+02
3779 -2.17000e+02
3785 -2.16000e+02
3851 -2.15000e+02
3878 -2.14000e+02
3931 -2.13000e+02
3998 -2.12000e+02
4001 -2.11000e+02
4063 -2.10000e+02
4129 -2.09000e+02
4227 -2.08000e+02
4271 -2.07000e+02
4376 -2.06000e+02
4470 -2.05000e+02
4634 -2.04000e+02
4672 -2.03000e+02
4725 -2.02000e+02
4784 -2.01000e+02
4806 -2.00000e+02
4886 -1.99000e+02
4896 -1.98000e+02
4992 -1.97000e+02
5021 -1.96000e+02
5054 -1.95000e+02
5151 -1.94000e+02
5196 -1.93000e+02
5235 -1.92000e+02
5243 -1.91000e+02
5373 -1.90000e+02
5420 -1.89000e+02
5472 -1.88000e+02
5522 -1.87000e+02
5615 -1.86000e+02
5674 -1.85000e+02
5711 -1.84000e+02
5738 -1.83000e+02
5770 -1.82000e+02
5798 -1.81000e+02
5837 -1.80000e+02
5880 -1.79000e+02
5913 -1.78000e+02
5937 -1.77000e+02
5969 -1.76000e+02
6037 -1.75000e+02
6078 -1.74000e+02
6127 -1.73000e+02
6151 -1.72000e+02
6164 -1.71000e+02
6210 -1.70000e+02
6242 -1.69000e+02
6315 -1.68000e+02
6408 -1.67000e+02
6454 -1.66000e+02
6480 -1.65000e+02
6555 -1.64000e+02
6657 -1.63000e+02
6708 -1.62000e+02
6796 -1.61000e+02
6884 -1.60000e+02
6901 -1.58000e+02
7046 -1.57000e+02
7082 -1.56000e+02
7210 -1.55000e+02
7313 -1.54000e+02
7494 -1.53000e+02
7511 -1.52000e+02
7515 -1.51000e+02
7527 -1.50000e+02
7663 -1.49000e+02
7782 -1.48000e+02
7809 -1.47000e+02
7871 -1.46000e+02
8085 -1.45000e+02
8157 -1.44000e+02
8308 -1.43000e+02
8350 -1.42000e+02
8398 -1.41000e+02
8545 -1.40000e+02
8587 -1.39000e+02
8631 -1.38000e+02
8683 -1.37000e+02
8695 -1.36000e+02
8765 -1.35000e+02
8850 -1.34000e+02
8865 -1.33000e+02
8995 -1.32000e+02
9113 -1.31000e+02
9178 -1.30000e+02
9221 -1.29000e+02
9261 -1.28000e+02
9325 -1.27000e+02
9453 -1.26000e+02
9503 -1.25000e+02
9541 -1.24000e+02
9615 -1.23000e+02
9666 -1.22000e+02
9749 -1.21000e+02
9834 -1.20000e+02
9838 -1.19000e+02
9981 -1.19000e+02
"function evaluation" "best-so-far f(x)"
1 -3.03000e+02
71 -3.02000e+02
88 -3.01000e+02
237 -3.00000e+02
289 -2.99000e+02
455 -2.98000e+02
491 -2.97000e+02
564 -2.96000e+02
678 -2.95000e+02
789 -2.94000e+02
825 -2.93000e+02
837 -2.92000e+02
917 -2.91000e+02
935 -2.90000e+02
1002 -2.89000e+02
1043 -2.88000e+02
1078 -2.87000e+02
1105 -2.86000e+02
1196 -2.85000e+02
1274 -2.84000e+02
1323 -2.83000e+02
1375 -2.82000e+02
1424 -2.81000e+02
1501 -2.80000e+02
1585 -2.79000e+02
1602 -2.78000e+02
1662 -2.77000e+02
1712 -2.76000e+02
1794 -2.75000e+02
1809 -2.74000e+02
1875 -2.73000e+02
1899 -2.72000e+02
1933 -2.71000e+02
2039 -2.70000e+02
2102 -2.69000e+02
2149 -2.68000e+02
2203 -2.67000e+02
2248 -2.66000e+02
2303 -2.65000e+02
2373 -2.64000e+02
2420 -2.63000e+02
2528 -2.62000e+02
2626 -2.61000e+02
2663 -2.60000e+02
2723 -2.59000e+02
2731 -2.58000e+02
2767 -2.57000e+02
2775 -2.56000e+02
2813 -2.55000e+02
2861 -2.54000e+02
3008 -2.53000e+02
3028 -2.52000e+02
3064 -2.51000e+02
3117 -2.50000e+02
3151 -2.49000e+02
3196 -2.48000e+02
3242 -2.47000e+02
3398 -2.46000e+02
3564 -2.45000e+02
3670 -2.44000e+02
3700 -2.43000e+02
3720 -2.42000e+02
3848 -2.41000e+02
3906 -2.40000e+02
3941 -2.39000e+02
3974 -2.38000e+02
4008 -2.37000e+02
4014 -2.36000e+02
4051 -2.35000e+02
4089 -2.34000e+02
4132 -2.33000e+02
4223 -2.32000e+02
4244 -2.31000e+02
4272 -2.30000e+02
4302 -2.29000e+02
4412 -2.28000e+02
4427 -2.27000e+02
4479 -2.26000e+02
4492 -2.25000e+02
4551 -2.24000e+02
4594 -2.23000e+02
4683 -2.22000e+02
4739 -2.20000e+02
4800 -2.19000e+02
4858 -2.18000e+02
4985 -2.17000e+02
5035 -2.16000e+02
5183 -2.15000e+02
5268 -2.14000e+02
5384 -2.13000e+02
5425 -2.12000e+02
5480 -2.11000e+02
5481 -2.10000e+02
5541 -2.09000e+02
5586 -2.08000e+02
5625 -2.07000e+02
5726 -2.06000e+02
5780 -2.05000e+02
5815 -2.04000e+02
5874 -2.03000e+02
5927 -2.02000e+02
6003 -2.01000e+02
6099 -2.00000e+02
6143 -1.98000e+02
6207 -1.97000e+02
6295 -1.96000e+02
6338 -1.95000e+02
6374 -1.94000e+02
6495 -1.93000e+02
6544 -1.92000e+02
6576 -1.91000e+02
6579 -1.90000e+02
6644 -1.89000e+02
6682 -1.88000e+02
6740 -1.87000e+02
6797 -1.86000e+02
6864 -1.85000e+02
6866 -1.84000e+02
6900 -1.83000e+02
6997 -1.82000e+02
7080 -1.81000e+02
7120 -1.80000e+02
7269 -1.79000e+02
7295 -1.78000e+02
7334 -1.77000e+02
7389 -1.76000e+02
7449 -1.75000e+02
7484 -1.74000e+02
7495 -1.73000e+02
7512 -1.72000e+02
7537 -1.71000e+02
7664 -1.70000e+02
7704 -1.69000e+02
7762 -1.68000e+02
7826 -1.67000e+02
7968 -1.66000e+02
7975 -1.64000e+02
8091 -1.63000e+02
8108 -1.62000e+02
8168 -1.61000e+02
8192 -1.60000e+02
8280 -1.59000e+02
8423 -1.58000e+02
8526 -1.57000e+02
8543 -1.56000e+02
8614 -1.55000e+02
8645 -1.54000e+02
8778 -1.53000e+02
8816 -1.52000e+02
8850 -1.51000e+02
8894 -1.50000e+02
9007 -1.49000e+02
9011 -1.48000e+02
9035 -1.47000e+02
9044 -1.46000e+02
9092 -1.45000e+02
9117 -1.44000e+02
9169 -1.43000e+02
9204 -1.42000e+02
9242 -1.41000e+02
9259 -1.40000e+02
9335 -1.39000e+02
9360 -1.38000e+02
9365 -1.37000e+02
9431 -1.36000e+02
9446 -1.35000e+02
9495 -1.34000e+02
9579 -1.33000e+02
9647 -1.32000e+02
9803 -1.31000e+02
9972 -1.30000e+02
9981 -1.30000e+02
"function evaluation" "best-so-far f(x)"
1 -3.03000e+02
28 -3.01000e+02
115 -3.00000e+02
157 -2.99000e+02
159 -2.98000e+02
206 -2.97000e+02
262 -2.96000e+02
358 -2.95000e+02
376 -2.94000e+02
407 -2.93000e+02
441 -2.92000e+02
545 -2.91000e+02
548 -2.90000e+02
575 -2.89000e+02
634 -2.88000e+02
670 -2.87000e+02
788 -2.86000e+02
854 -2.85000e+02
876 -2.84000e+02
877 -2.83000e+02
895 -2.82000e+02
902 -2.81000e+02
929 -2.80000e+02
953 -2.79000e+02
965 -2.78000e+02
1003 -2.77000e+02
1065 -2.76000e+02
1099 -2.75000e+02
1149 -2.74000e+02
1194 -2.73000e+02
1205 -2.72000e+02
1229 -2.71000e+02
1268 -2.70000e+02
1315 -2.69000e+02
1377 -2.68000e+02
1405 -2.67000e+02
1435 -2.66000e+02
1461 -2.65000e+02
1467 -2.64000e+02
1524 -2.63000e+02
1548 -2.62000e+02
1616 -2.61000e+02
1639 -2.60000e+02
1692 -2.59000e+02
1712 -2.58000e+02
1716 -2.57000e+02
1734 -2.56000e+02
1810 -2.55000e+02
1828 -2.54000e+02
1900 -2.53000e+02
1936 -2.52000e+02
1982 -2.51000e+02
2008 -2.50000e+02
2060 -2.49000e+02
2151 -2.48000e+02
2215 -2.47000e+02
2307 -2.46000e+02
2351 -2.45000e+02
2464 -2.44000e+02
2522 -2.43000e+02
2584 -2.42000e+02
2600 -2.41000e+02
2658 -2.40000e+02
2687 -2.39000e+02
2776 -2.38000e+02
2799 -2.37000e+02
2850 -2.36000e+02
2882 -2.35000e+02
2923 -2.34000e+02
2998 -2.33000e+02
3020 -2.32000e+02
3057 -2.31000e+02
3080 -2.30000e+02
3170 -2.29000e+02
3210 -2.28000e+02
3324 -2.26000e+02
3329 -2.25000e+02
3364 -2.24000e+02
3384 -2.23000e+02
3447 -2.22000e+02
3477 -2.21000e+02
3553 -2.20000e+02
3569 -2.19000e+02
3603 -2.18000e+02
3641 -2.16000e+02
3671 -2.15000e+02
3701 -2.14000e+02
3728 -2.13000e+02
3769 -2.12000e+02
3794 -2.11000e+02
3816 -2.10000e+02
3899 -2.09000e+02
3947 -2.08000e+02
3955 -2.07000e+02
4008 -2.06000e+02
4063 -2.05000e+02
4112 -2.04000e+02
4119 -2.03000e+02
4169 -2.02000e+02
4236 -2.01000e+02
4251 -2.00000e+02
4272 -1.99000e+02
4397 -1.98000e+02
4466 -1.97000e+02
4505 -1.96000e+02
4520 -1.95000e+02
4597 -1.94000e+02
4667 -1.93000e+02
4690 -1.92000e+02
4703 -1.91000e+02
4805 -1.90000e+02
4880 -1.89000e+02
4899 -1.88000e+02
4991 -1.87000e+02
5000 -1.86000e+02
5011 -1.85000e+02
5041 -1.84000e+02
5071 -1.83000e+02
5090 -1.81000e+02
5125 -1.80000e+02
5217 -1.79000e+02
5279 -1.78000e+02
5285 -1.77000e+02
5346 -1.76000e+02
5415 -1.75000e+02
5448 -1.74000e+02
5500 -1.73000e+02
5536 -1.72000e+02
5538 -1.71000e+02
5566 -1.70000e+02
5607 -1.69000e+02
5622 -1.68000e+02
5773 -1.67000e+02
5785 -1.66000e+02
5805 -1.65000e+02
5849 -1.64000e+02
5936 -1.63000e+02
6061 -1.62000e+02
6074 -1.61000e+02
6120 -1.60000e+02
6185 -1.59000e+02
6264 -1.58000e+02
6314 -1.57000e+02
6378 -1.56000e+02
6433 -1.55000e+02
6515 -1.54000e+02
6615 -1.53000e+02
6631 -1.52000e+02
6665 -1.51000e+02
6723 -1.50000e+02
6780 -1.49000e+02
6828 -1.48000e+02
6850 -1.47000e+02
6881 -1.46000e+02
6942 -1.45000e+02
7040 -1.44000e+02
7135 -1.43000e+02
7174 -1.42000e+02
7259 -1.41000e+02
7384 -1.40000e+02
7468 -1.39000e+02
7528 -1.38000e+02
7551 -1.37000e+02
7557 -1.36000e+02
7585 -1.35000e+02
7609 -1.34000e+02
7687 -1.33000e+02
7836 -1.32000e+02
7894 -1.31000e+02
7929 -1.30000e+02
7939 -1.29000e+02
7967 -1.28000e+02
8067 -1.26000e+02
8101 -1.25000e+02
8136 -1.24000e+02
8239 -1.23000e+02
8252 -1.22000e+02
8373 -1.21000e+02
8513 -1.20000e+02
8551 -1.19000e+02
8580 -1.18000e+02
8792 -1.17000e+02
8816 -1.16000e+02
8874 -1.15000e+02
8940 -1.14000e+02
8949 -1.13000e+02
8961 -1.12000e+02
9108 -1.11000e+02
9243 -1.10000e+02
9346 -1.09000e+02
9440 -1.08000e+02
9509 -1.07000e+02
9541 -1.06000e+02
9728 -1.05000e+02
9759 -1.04000e+02
9952 -1.03000e+02
9976 -1.02000e+02
9981 -1.02000e+02
"function evaluation" "best-so-far f(x)"
1 -3.03000e+02
7 -3.02000e+02
8 -3.01000e+02
23 -3.00000e+02
58 -2.99000e+02
68 -2.98000e+02
101 -2.97000e+02
123 -2.96000e+02
164 -2.95000e+02
228 -2.94000e+02
238 -2.93000e+02
301 -2.92000e+02
391 -2.91000e+02
447 -2.90000e+02
493 -2.89000e+02
525 -2.88000e+02
539 -2.87000e+02
576 -2.86000e+02
717 -2.84000e+02
731 -2.83000e+02
848 -2.82000e+02
881 -2.81000e+02
943 -2.79000e+02
997 -2.78000e+02
1032 -2.77000e+02
1070 -2.76000e+02
1123 -2.75000e+02
1196 -2.74000e+02
1256 -2.73000e+02
1274 -2.71000e+02
1298 -2.70000e+02
1459 -2.69000e+02
1475 -2.68000e+02
1557 -2.67000e+02
1645 -2.66000e+02
1717 -2.65000e+02
1802 -2.64000e+02
1849 -2.63000e+02
1966 -2.62000e+02
2072 -2.61000e+02
2141 -2.60000e+02
2176 -2.59000e+02
2223 -2.58000e+02
2259 -2.57000e+02
2348 -2.56000e+02
2359 -2.55000e+02
2381 -2.54000e+02
2410 -2.53000e+02
2433 -2.52000e+02
2449 -2.51000e+02
2499 -2.50000e+02
2524 -2.49000e+02
2561 -2.48000e+02
2616 -2.47000e+02
2677 -2.46000e+02
2703 -2.45000e+02
2792 -2.44000e+02
2815 -2.43000e+02
2839 -2.42000e+02
2873 -2.41000e+02
2970 -2.40000e+02
3006 -2.39000e+02
3082 -2.38000e+02
3121 -2.37000e+02
3148 -2.35000e+02
3161 -2.34000e+02
3199 -2.33000e+02
3272 -2.32000e+02
3300 -2.31000e+02
3359 -2.30000e+02
3414 -2.29000e+02
3420 -2.28000e+02
3476 -2.27000e+02
3544 -2.26000e+02
3614 -2.25000e+02
3636 -2.24000e+02
3705 -2.23000e+02
3714 -2.21000e+02
3755 -2.20000e+02
3838 -2.19000e+02
3918 -2.18000e+02
3925 -2.17000e+02
4002 -2.16000e+02
4075 -2.14000e+02
4140 -2.13000e+02
4188 -2.12000e+02
4246 -2.10000e+02
4385 -2.09000e+02
4387 -2.07000e+02
4395 -2.06000e+02
4438 -2.05000e+02
4487 -2.04000e+02
4510 -2.03000e+02
4519 -2.02000e+02
4598 -2.01000e+02
4680 -2.00000e+02
4809 -1.98000e+02
4849 -1.97000e+02
4857 -1.96000e+02
4898 -1.95000e+02
4911 -1.94000e+02
4936 -1.93000e+02
4983 -1.92000e+02
5036 -1.91000e+02
5127 -1.90000e+02
5132 -1.89000e+02
5208 -1.88000e+02
5354 -1.87000e+02
5395 -1.86000e+02
5440 -1.85000e+02
5496 -1.84000e+02
5553 -1.83000e+02
5620 -1.82000e+02
5750 -1.81000e+02
5810 -1.80000e+02
5826 -1.79000e+02
5945 -1.77000e+02
6041 -1.76000e+02
6212 -1.75000e+02
6265 -1.74000e+02
6354 -1.73000e+02
6399 -1.72000e+02
6412 -1.71000e+02
6447 -1.69000e+02
6506 -1.68000e+02
6604 -1.67000e+02
6671 -1.66000e+02
6701 -1.65000e+02
6736 -1.64000e+02
6772 -1.63000e+02
6849 -1.62000e+02
6857 -1.61000e+02
6982 -1.60000e+02
7030 -1.58000e+02
7079 -1.57000e+02
7121 -1.56000e+02
7152 -1.55000e+02
7168 -1.54000e+02
7239 -1.53000e+02
7319 -1.52000e+02
7330 -1.51000e+02
7344 -1.50000e+02
7380 -1.49000e+02
7457 -1.48000e+02
7535 -1.47000e+02
7660 -1.46000e+02
7669 -1.45000e+02
7761 -1.44000e+02
7818 -1.43000e+02
7847 -1.42000e+02
7966 -1.41000e+02
8068 -1.40000e+02
8103 -1.39000e+02
8135 -1.38000e+02
8186 -1.37000e+02
8323 -1.36000e+02
8389 -1.35000e+02
8390 -1.34000e+02
8451 -1.33000e+02
8563 -1.32000e+02
8634 -1.31000e+02
8707 -1.30000e+02
8774 -1.29000e+02
8799 -1.28000e+02
8859 -1.27000e+02
8900 -1.26000e+02
8977 -1.25000e+02
9077 -1.24000e+02
9129 -1.23000e+02
9174 -1.22000e+02
9289 -1.21000e+02
9369 -1.20000e+02
9457 -1.19000e+02
9563 -1.18000e+02
9576 -1.17000e+02
9790 -1.16000e+02
9812 -1.15000e+02
9833 -1.14000e+02
9895 -1.13000e+02
9917 -1.12000e+02
9945 -1.11000e+02
9981 -1.11000e+02
"function evaluation" "best-so-far f(x)"
1 -3.03000e+02
76 -3.02000e+02
103 -3.01000e+02
149 -3.00000e+02
173 -2.99000e+02
222 -2.98000e+02
252 -2.97000e+02
288 -2.96000e+02
373 -2.95000e+02
415 -2.94000e+02
569 -2.93000e+02
598 -2.92000e+02
698 -2.91000e+02
722 -2.90000e+02
736 -2.89000e+02
804 -2.88000e+02
866 -2.87000e+02
895 -2.86000e+02
972 -2.85000e+02
1080 -2.84000e+02
1179 -2.83000e+02
1222 -2.82000e+02
1288 -2.81000e+02
1365 -2.80000e+02
1404 -2.79000e+02
1413 -2.78000e+02
1514 -2.77000e+02
1527 -2.76000e+02
1542 -2.75000e+02
1596 -2.74000e+02
1614 -2.73000e+02
1665 -2.71000e+02
1676 -2.70000e+02
1727 -2.69000e+02
1800 -2.68000e+02
1810 -2.67000e+02
1821 -2.66000e+02
1879 -2.64000e+02
1901 -2.63000e+02
1956 -2.62000e+02
2057 -2.61000e+02
2164 -2.60000e+02
2199 -2.59000e+02
2208 -2.58000e+02
2235 -2.57000e+02
2270 -2.56000e+02
2330 -2.55000e+02
2390 -2.54000e+02
2425 -2.53000e+02
2535 -2.52000e+02
2584 -2.51000e+02
2636 -2.50000e+02
2708 -2.49000e+02
2756 -2.48000e+02
2784 -2.47000e+02
2831 -2.45000e+02
2852 -2.44000e+02
2875 -2.43000e+02
3004 -2.42000e+02
3008 -2.41000e+02
3032 -2.40000e+02
3170 -2.39000e+02
3308 -2.38000e+02
3406 -2.37000e+02
3569 -2.36000e+02
3624 -2.35000e+02
3637 -2.34000e+02
3639 -2.33000e+02
3718 -2.32000e+02
3769 -2.31000e+02
3901 -2.30000e+02
3927 -2.28000e+02
3985 -2.27000e+02
4014 -2.26000e+02
4097 -2.25000e+02
4156 -2.24000e+02
4206 -2.22000e+02
4259 -2.21000e+02
4290 -2.20000e+02
4368 -2.19000e+02
4394 -2.18000e+02
4438 -2.17000e+02
4526 -2.16000e+02
4560 -2.15000e+02
4600 -2.14000e+02
4906 -2.13000e+02
5017 -2.12000e+02
5049 -2.11000e+02
5090 -2.10000e+02
5092 -2.09000e+02
5128 -2.08000e+02
5152 -2.07000e+02
5318 -2.06000e+02
5359 -2.05000e+02
5383 -2.04000e+02
5395 -2.03000e+02
5585 -2.02000e+02
5649 -2.01000e+02
5678 -2.00000e+02
5710 -1.99000e+02
5854 -1.98000e+02
5951 -1.97000e+02
5968 -1.96000e+02
6065 -1.94000e+02
6117 -1.93000e+02
6162 -1.92000e+02
6190 -1.91000e+02
6329 -1.90000e+02
6357 -1.89000e+02
6442 -1.88000e+02
6521 -1.87000e+02
6580 -1.86000e+02
6618 -1.85000e+02
6724 -1.84000e+02
6769 -1.83000e+02
6812 -1.82000e+02
6853 -1.81000e+02
6897 -1.80000e+02
6923 -1.79000e+02
6958 -1.78000e+02
6996 -1.77000e+02
7015 -1.75000e+02
7095 -1.74000e+02
7138 -1.72000e+02
7224 -1.71000e+02
7254 -1.70000e+02
7310 -1.69000e+02
7397 -1.68000e+02
7463 -1.67000e+02
7504 -1.66000e+02
7521 -1.65000e+02
7620 -1.64000e+02
7678 -1.63000e+02
7736 -1.62000e+02
7785 -1.61000e+02
7797 -1.60000e+02
7874 -1.59000e+02
7930 -1.58000e+02
7976 -1.57000e+02
7995 -1.56000e+02
8023 -1.55000e+02
8070 -1.54000e+02
8157 -1.53000e+02
8278 -1.52000e+02
8296 -1.51000e+02
8334 -1.50000e+02
8396 -1.49000e+02
8460 -1.48000e+02
8513 -1.47000e+02
8633 -1.46000e+02
8811 -1.45000e+02
8851 -1.43000e+02
8951 -1.42000e+02
9061 -1.41000e+02
9110 -1.40000e+02
9152 -1.39000e+02
9159 -1.38000e+02
9186 -1.37000e+02
9238 -1.36000e+02
9395 -1.35000e+02
9427 -1.34000e+02
9508 -1.33000e+02
9556 -1.32000e+02
9586 -1.31000e+02
9630 -1.30000e+02
9670 -1.29000e+02
9684 -1.28000e+02
9742 -1.27000e+02
9876 -1.26000e+02
9955 -1.25000e+02
9981 -1.25000e+02
"function evaluation" "best-so-far f(x)"
1 -3.03000e+02
33 -3.02000e+02
60 -3.01000e+02
94 -3.00000e+02
98 -2.99000e+02
145 -2.98000e+02
194 -2.97000e+02
228 -2.96000e+02
248 -2.95000e+02
256 -2.94000e+02
331 -2.93000e+02
390 -2.92000e+02
434 -2.91000e+02
500 -2.90000e+02
549 -2.89000e+02
554 -2.88000e+02
579 -2.87000e+02
605 -2.86000e+02
654 -2.85000e+02
730 -2.84000e+02
756 -2.83000e+02
787 -2.82000e+02
817 -2.80000e+02
932 -2.79000e+02
991 -2.78000e+02
1008 -2.77000e+02
1054 -2.76000e+02
1139 -2.75000e+02
1171 -2.74000e+02
1241 -2.72000e+02
1254 -2.71000e+02
1280 -2.70000e+02
1343 -2.68000e+02
1394 -2.67000e+02
1496 -2.66000e+02
1526 -2.65000e+02
1571 -2.64000e+02
1616 -2.63000e+02
1706 -2.62000e+02
1778 -2.61000e+02
1823 -2.60000e+02
1890 -2.59000e+02
1906 -2.58000e+02
1909 -2.57000e+02
1986 -2.56000e+02
1995 -2.55000e+02
2042 -2.54000e+02
2080 -2.53000e+02
2122 -2.52000e+02
2179 -2.51000e+02
2244 -2.50000e+02
2290 -2.49000e+02
2385 -2.48000e+02
2483 -2.47000e+02
2521 -2.46000e+02
2527 -2.45000e+02
2595 -2.44000e+02
2643 -2.43000e+02
2659 -2.42000e+02
2665 -2.41000e+02
2716 -2.40000e+02
2751 -2.39000e+02
2762 -2.38000e+02
2811 -2.37000e+02
2816 -2.36000e+02
2882 -2.35000e+02
2926 -2.34000e+02
2963 -2.32000e+02
3029 -2.31000e+02
3127 -2.30000e+02
3162 -2.29000e+02
3216 -2.28000e+02
3265 -2.27000e+02
3356 -2.26000e+02
3420 -2.25000e+02
3467 -2.24000e+02
3589 -2.23000e+02
3731 -2.22000e+02
3765 -2.21000e+02
3830 -2.20000e+02
3882 -2.19000e+02
3895 -2.18000e+02
3931 -2.17000e+02
3985 -2.16000e+02
4063 -2.15000e+02
4120 -2.14000e+02
4186 -2.13000e+02
4334 -2.12000e+02
4341 -2.11000e+02
4391 -2.10000e+02
4437 -2.09000e+02
4610 -2.08000e+02
4683 -2.07000e+02
4690 -2.06000e+02
4772 -2.05000e+02
4774 -2.04000e+02
4776 -2.03000e+02
4858 -2.02000e+02
4886 -2.01000e+02
4913 -2.00000e+02
4931 -1.99000e+02
4963 -1.98000e+02
4996 -1.97000e+02
5014 -1.96000e+02
5063 -1.95000e+02
5123 -1.94000e+02
5163 -1.93000e+02
5190 -1.91000e+02
5263 -1.90000e+02
5286 -1.89000e+02
5293 -1.88000e+02
5350 -1.87000e+02
5391 -1.86000e+02
5441 -1.85000e+02
5449 -1.84000e+02
5468 -1.83000e+02
5511 -1.82000e+02
5584 -1.81000e+02
5622 -1.80000e+02
5671 -1.79000e+02
5742 -1.78000e+02
5767 -1.77000e+02
5827 -1.76000e+02
5917 -1.75000e+02
5967 -1.74000e+02
6055 -1.73000e+02
6087 -1.72000e+02
6112 -1.71000e+02
6284 -1.70000e+02
6319 -1.69000e+02
6396 -1.68000e+02
6461 -1.67000e+02
6700 -1.66000e+02
6745 -1.65000e+02
6774 -1.64000e+02
6936 -1.63000e+02
7008 -1.62000e+02
7025 -1.61000e+02
7109 -1.60000e+02
7132 -1.59000e+02
7234 -1.58000e+02
7335 -1.57000e+02
7426 -1.56000e+02
7518 -1.55000e+02
7611 -1.54000e+02
7656 -1.53000e+02
7743 -1.52000e+02
7863 -1.51000e+02
7959 -1.50000e+02
7981 -1.49000e+02
8063 -1.48000e+02
8141 -1.47000e+02
8161 -1.46000e+02
8168 -1.45000e+02
8215 -1.44000e+02
8288 -1.43000e+02
8376 -1.42000e+02
8390 -1.41000e+02
8468 -1.40000e+02
8613 -1.39000e+02
8665 -1.37000e+02
8741 -1.36000e+02
8776 -1.35000e+02
8826 -1.34000e+02
8871 -1.33000e+02
8949 -1.32000e+02
9053 -1.31000e+02
9099 -1.30000e+02
9105 -1.29000e+02
9111 -1.28000e+02
9145 -1.27000e+02
9284 -1.26000e+02
9430 -1.25000e+02
9478 -1.24000e+02
9544 -1.23000e+02
9631 -1.22000e+02
9648 -1.21000e+02
9718 -1.20000e+02
9733 -1.19000e+02
9956 -1.18000e+02
9974 -1.17000e+02
9981 -1.17000e+02
"function evaluation" "best-so-far f(x)"
1 -3.03000e+02
8 -3.02000e+02
51 -3.01000e+02
142 -3.00000e+02
162 -2.99000e+02
184 -2.98000e+02
238 -2.97000e+02
278 -2.96000e+02
284 -2.95000e+02
285 -2.94000e+02
366 -2.93000e+02
560 -2.92000e+02
617 -2.91000e+02
668 -2.90000e+02
691 -2.89000e+02
698 -2.88000e+02
729 -2.87000e+02
753 -2.86000e+02
829 -2.85000e+02
932 -2.84000e+02
940 -2.82000e+02
1005 -2.81000e+02
1088 -2.80000e+02
1095 -2.79000e+02
1137 -2.78000e+02
1177 -2.77000e+02
1215 -2.76000e+02
1265 -2.75000e+02
1305 -2.73000e+02
1350 -2.72000e+02
1379 -2.71000e+02
1384 -2.70000e+02
1400 -2.69000e+02
1430 -2.68000e+02
1466 -2.67000e+02
1524 -2.66000e+02
1541 -2.65000e+02
1610 -2.64000e+02
1611 -2.63000e+02
1662 -2.62000e+02
1769 -2.61000e+02
1842 -2.60000e+02
1851 -2.59000e+02
1869 -2.58000e+02
1944 -2.57000e+02
1994 -2.56000e+02
2046 -2.55000e+02
2233 -2.54000e+02
2282 -2.53000e+02
2339 -2.52000e+02
2351 -2.51000e+02
2368 -2.50000e+02
2443 -2.49000e+02
2458 -2.48000e+02
2517 -2.47000e+02
2629 -2.46000e+02
2648 -2.45000e+02
2776 -2.44000e+02
2836 -2.43000e+02
2859 -2.42000e+02
2934 -2.41000e+02
2990 -2.40000e+02
3114 -2.38000e+02
3167 -2.37000e+02
3214 -2.36000e+02
3278 -2.35000e+02
3340 -2.34000e+02
3378 -2.33000e+02
3429 -2.32000e+02
3497 -2.31000e+02
3547 -2.30000e+02
3586 -2.29000e+02
3682 -2.28000e+02
3734 -2.27000e+02
3768 -2.26000e+02
3807 -2.25000e+02
3822 -2.24000e+02
3845 -2.23000e+02
3851 -2.22000e+02
3885 -2.21000e+02
3937 -2.20000e+02
4001 -2.19000e+02
4016 -2.18000e+02
4063 -2.17000e+02
4098 -2.16000e+02
4144 -2.15000e+02
4203 -2.14000e+02
4245 -2.13000e+02
4259 -2.12000e+02
4334 -2.11000e+02
4420 -2.10000e+02
4461 -2.09000e+02
4507 -2.08000e+02
4553 -2.07000e+02
4612 -2.06000e+02
4721 -2.05000e+02
4728 -2.04000e+02
4735 -2.03000e+02
4818 -2.02000e+02
4888 -2.01000e+02
4922 -2.00000e+02
4952 -1.99000e+02
4965 -1.98000e+02
5012 -1.97000e+02
5127 -1.96000e+02
5170 -1.95000e+02
5276 -1.94000e+02
5346 -1.93000e+02
5385 -1.92000e+02
5507 -1.91000e+02
5565 -1.90000e+02
5594 -1.89000e+02
5615 -1.88000e+02
5672 -1.87000e+02
5785 -1.86000e+02
5801 -1.85000e+02
5839 -1.84000e+02
5895 -1.83000e+02
5960 -1.82000e+02
6025 -1.81000e+02
6065 -1.80000e+02
6168 -1.79000e+02
6200 -1.78000e+02
6239 -1.76000e+02
6270 -1.75000e+02
6305 -1.74000e+02
6441 -1.73000e+02
6531 -1.72000e+02
6594 -1.71000e+02
6636 -1.70000e+02
6656 -1.69000e+02
6778 -1.68000e+02
6885 -1.67000e+02
6892 -1.66000e+02
6966 -1.65000e+02
7012 -1.64000e+02
7049 -1.63000e+02
7150 -1.62000e+02
7199 -1.61000e+02
7239 -1.60000e+02
7273 -1.59000e+02
7407 -1.58000e+02
7501 -1.57000e+02
7512 -1.55000e+02
7623 -1.53000e+02
7803 -1.52000e+02
7906 -1.51000e+02
7913 -1.50000e+02
7994 -1.49000e+02
8096 -1.48000e+02
8173 -1.47000e+02
8307 -1.46000e+02
8410 -1.45000e+02
8442 -1.44000e+02
8478 -1.43000e+02
8558 -1.42000e+02
8620 -1.41000e+02
8679 -1.40000e+02
8734 -1.39000e+02
8848 -1.38000e+02
8885 -1.37000e+02
8925 -1.36000e+02
9011 -1.35000e+02
9140 -1.34000e+02
9201 -1.33000e+02
9274 -1.32000e+02
9291 -1.31000e+02
9378 -1.30000e+02
9524 -1.29000e+02
9563 -1.28000e+02
9673 -1.27000e+02
9732 -1.26000e+02
9800 -1.25000e+02
9878 -1.24000e+02
9968 -1.23000e+02
9981 -1.23000e+02
"function evaluation" "best-so-far f(x)"
1 -3.03000e+02
11 -3.02000e+02
37 -3.01000e+02
79 -3.00000e+02
98 -2.99000e+02
145 -2.98000e+02
270 -2.97000e+02
397 -2.96000e+02
477 -2.95000e+02
516 -2.94000e+02
590 -2.93000e+02
638 -2.92000e+02
668 -2.91000e+02
720 -2.90000e+02
749 -2.89000e+02
797 -2.88000e+02
879 -2.87000e+02
933 -2.86000e+02
990 -2.85000e+02
1052 -2.84000e+02
1066 -2.83000e+02
1082 -2.82000e+02
1145 -2.81000e+02
1188 -2.80000e+02
1227 -2.79000e+02
1331 -2.78000e+02
1373 -2.77000e+02
1412 -2.76000e+02
1477 -2.75000e+02
1503 -2.74000e+02
1504 -2.73000e+02
1544 -2.72000e+02
1574 -2.71000e+02
1593 -2.70000e+02
1595 -2.69000e+02
1642 -2.68000e+02
1662 -2.67000e+02
1764 -2.66000e+02
1809 -2.65000e+02
1869 -2.64000e+02
1904 -2.63000e+02
1941 -2.62000e+02
1954 -2.61000e+02
2004 -2.59000e+02
2167 -2.58000e+02
2255 -2.57000e+02
2290 -2.56000e+02
2383 -2.55000e+02
2456 -2.54000e+02
2481 -2.53000e+02
2577 -2.52000e+02
2600 -2.51000e+02
2622 -2.50000e+02
2642 -2.49000e+02
2673 -2.48000e+02
2730 -2.47000e+02
2764 -2.46000e+02
2824 -2.45000e+02
2829 -2.44000e+02
2881 -2.43000e+02
2911 -2.42000e+02
2997 -2.41000e+02
3092 -2.40000e+02
3130 -2.39000e+02
3198 -2.38000e+02
3229 -2.37000e+02
3293 -2.36000e+02
3307 -2.35000e+02
3395 -2.34000e+02
3581 -2.33000e+02
3653 -2.32000e+02
3685 -2.31000e+02
3735 -2.30000e+02
3788 -2.29000e+02
3820 -2.28000e+02
3866 -2.27000e+02
3897 -2.26000e+02
3965 -2.25000e+02
3974 -2.24000e+02
4002 -2.23000e+02
4107 -2.22000e+02
4176 -2.21000e+02
4179 -2.20000e+02
4231 -2.19000e+02
4286 -2.18000e+02
4350 -2.17000e+02
4426 -2.16000e+02
4462 -2.15000e+02
4534 -2.14000e+02
4577 -2.13000e+02
4586 -2.12000e+02
4652 -2.11000e+02
4732 -2.10000e+02
4753 -2.09000e+02
4833 -2.08000e+02
4860 -2.06000e+02
5019 -2.05000e+02
5067 -2.04000e+02
5133 -2.03000e+02
5166 -2.02000e+02
5182 -2.01000e+02
5234 -2.00000e+02
5260 -1.99000e+02
5314 -1.98000e+02
5362 -1.97000e+02
5449 -1.96000e+02
5500 -1.95000e+02
5572 -1.94000e+02
5658 -1.93000e+02
5742 -1.92000e+02
5880 -1.91000e+02
5884 -1.90000e+02
5913 -1.89000e+02
5953 -1.88000e+02
6024 -1.87000e+02
6151 -1.86000e+02
6177 -1.85000e+02
6193 -1.84000e+02
6350 -1.83000e+02
6443 -1.82000e+02
6508 -1.81000e+02
6561 -1.80000e+02
6665 -1.79000e+02
6710 -1.78000e+02
6726 -1.77000e+02
6810 -1.76000e+02
6895 -1.75000e+02
6911 -1.74000e+02
6945 -1.73000e+02
6997 -1.72000e+02
7072 -1.71000e+02
7215 -1.70000e+02
7264 -1.69000e+02
7328 -1.68000e+02
7331 -1.67000e+02
7502 -1.66000e+02
7515 -1.65000e+02
7607 -1.64000e+02
7727 -1.63000e+02
7812 -1.62000e+02
7958 -1.61000e+02
7995 -1.60000e+02
8037 -1.59000e+02
8063 -1.58000e+02
8115 -1.57000e+02
8120 -1.56000e+02
8169 -1.55000e+02
8234 -1.54000e+02
8271 -1.53000e+02
8369 -1.52000e+02
8440 -1.51000e+02
8518 -1.50000e+02
8743 -1.49000e+02
8771 -1.48000e+02
8812 -1.47000e+02
8874 -1.46000e+02
8937 -1.45000e+02
8987 -1.44000e+02
9036 -1.43000e+02
9044 -1.42000e+02
9115 -1.41000e+02
9116 -1.40000e+02
9156 -1.39000e+02
9225 -1.38000e+02
9279 -1.37000e+02
9315 -1.36000e+02
9343 -1.35000e+02
9348 -1.34000e+02
9470 -1.33000e+02
9554 -1.32000e+02
9595 -1.31000e+02
9649 -1.30000e+02
9688 -1.29000e+02
9812 -1.28000e+02
9916 -1.27000e+02
9937 -1.26000e+02
9981 -1.26000e+02
"function evaluation" "best-so-far f(x)"
1 -3.03000e+02
5 -3.02000e+02
31 -3.01000e+02
74 -3.00000e+02
104 -2.99000e+02
133 -2.98000e+02
162 -2.97000e+02
195 -2.96000e+02
221 -2.95000e+02
266 -2.94000e+02
305 -2.93000e+02
394 -2.92000e+02
543 -2.91000e+02
559 -2.90000e+02
582 -2.89000e+02
605 -2.88000e+02
618 -2.87000e+02
639 -2.86000e+02
685 -2.85000e+02
697 -2.84000e+02
729 -2.83000e+02
878 -2.82000e+02
927 -2.81000e+02
946 -2.80000e+02
1061 -2.79000e+02
1065 -2.78000e+02
1103 -2.77000e+02
1176 -2.76000e+02
1194 -2.75000e+02
1201 -2.74000e+02
1218 -2.73000e+02
1258 -2.72000e+02
1287 -2.71000e+02
1338 -2.70000e+02
1424 -2.69000e+02
1428 -2.68000e+02
1506 -2.67000e+02
1552 -2.66000e+02
1609 -2.65000e+02
1646 -2.64000e+02
1668 -2.63000e+02
1709 -2.62000e+02
1725 -2.61000e+02
1796 -2.60000e+02
1862 -2.59000e+02
1918 -2.58000e+02
1949 -2.57000e+02
1995 -2.56000e+02
2070 -2.55000e+02
2084 -2.54000e+02
2105 -2.53000e+02
2129 -2.52000e+02
2150 -2.51000e+02
2176 -2.50000e+02
2318 -2.49000e+02
2336 -2.48000e+02
2429 -2.47000e+02
2484 -2.46000e+02
2539 -2.45000e+02
2592 -2.44000e+02
2781 -2.42000e+02
2844 -2.41000e+02
2889 -2.40000e+02
2970 -2.39000e+02
3090 -2.38000e+02
3154 -2.37000e+02
3176 -2.36000e+02
3195 -2.35000e+02
3223 -2.34000e+02
3281 -2.33000e+02
3330 -2.32000e+02
3356 -2.31000e+02
3401 -2.30000e+02
3444 -2.29000e+02
3544 -2.28000e+02
3556 -2.27000e+02
3609 -2.26000e+02
3628 -2.25000e+02
3708 -2.24000e+02
3806 -2.23000e+02
3883 -2.22000e+02
3958 -2.21000e+02
3994 -2.20000e+02
4059 -2.19000e+02
4122 -2.18000e+02
4130 -2.17000e+02
4191 -2.16000e+02
4223 -2.15000e+02
4306 -2.14000e+02
4372 -2.13000e+02
4469 -2.12000e+02
4500 -2.11000e+02
4619 -2.10000e+02
4667 -2.09000e+02
4718 -2.08000e+02
4780 -2.07000e+02
4817 -2.06000e+02
4846 -2.05000e+02
4896 -2.04000e+02
4941 -2.03000e+02
4990 -2.02000e+02
5032 -2.01000e+02
5045 -2.00000e+02
5185 -1.99000e+02
5257 -1.98000e+02
5261 -1.97000e+02
5297 -1.96000e+02
5401 -1.95000e+02
5440 -1.94000e+02
5498 -1.93000e+02
5510 -1.92000e+02
5599 -1.91000e+02
5668 -1.90000e+02
5766 -1.89000e+02
5794 -1.88000e+02
5812 -1.87000e+02
5891 -1.85000e+02
5941 -1.84000e+02
5980 -1.83000e+02
6096 -1.82000e+02
6186 -1.81000e+02
6211 -1.80000e+02
6269 -1.79000e+02
6330 -1.78000e+02
6389 -1.77000e+02
6458 -1.76000e+02
6530 -1.75000e+02
6543 -1.74000e+02
6575 -1.73000e+02
6618 -1.72000e+02
6748 -1.71000e+02
6867 -1.70000e+02
6995 -1.69000e+02
7062 -1.68000e+02
7178 -1.67000e+02
7285 -1.66000e+02
7387 -1.65000e+02
7452 -1.64000e+02
7546 -1.63000e+02
7599 -1.62000e+02
7705 -1.61000e+02
7804 -1.60000e+02
7820 -1.59000e+02
7928 -1.58000e+02
8068 -1.57000e+02
8152 -1.56000e+02
8183 -1.55000e+02
8236 -1.54000e+02
8308 -1.53000e+02
8346 -1.52000e+02
8422 -1.51000e+02
8455 -1.49000e+02
8494 -1.48000e+02
8506 -1.47000e+02
8567 -1.46000e+02
8570 -1.45000e+02
8601 -1.44000e+02
8720 -1.43000e+02
8788 -1.42000e+02
8829 -1.41000e+02
8871 -1.40000e+02
8921 -1.39000e+02
9036 -1.38000e+02
9064 -1.37000e+02
9390 -1.35000e+02
9471 -1.34000e+02
9495 -1.33000e+02
9585 -1.32000e+02
9662 -1.31000e+02
9841 -1.30000e+02
9971 -1.29000e+02
9981 -1.29000e+02
"function evaluation" "best-so-far f(x)"
1 -3.03000e+02
129 -3.02000e+02
181 -3.01000e+02
258 -3.00000e+02
336 -2.99000e+02
348 -2.96000e+02
369 -2.95000e+02
382 -2.94000e+02
426 -2.93000e+02
502 -2.92000e+02
515 -2.91000e+02
549 -2.90000e+02
620 -2.88000e+02
658 -2.87000e+02
737 -2.86000e+02
805 -2.85000e+02
836 -2.84000e+02
872 -2.83000e+02
985 -2.82000e+02
986 -2.81000e+02
1017 -2.80000e+02
1096 -2.79000e+02
1168 -2.78000e+02
1184 -2.77000e+02
1234 -2.76000e+02
1241 -2.75000e+02
1276 -2.74000e+02
1284 -2.73000e+02
1334 -2.72000e+02
1356 -2.71000e+02
1402 -2.70000e+02
1516 -2.69000e+02
1531 -2.68000e+02
1545 -2.67000e+02
1560 -2.65000e+02
1595 -2.64000e+02
1653 -2.63000e+02
1733 -2.62000e+02
1806 -2.61000e+02
1857 -2.60000e+02
1890 -2.59000e+02
1978 -2.58000e+02
2074 -2.57000e+02
2110 -2.56000e+02
2139 -2.55000e+02
2148 -2.54000e+02
2189 -2.53000e+02
2253 -2.52000e+02
2256 -2.51000e+02
2300 -2.50000e+02
2486 -2.49000e+02
2516 -2.48000e+02
2535 -2.47000e+02
2560 -2.46000e+02
2594 -2.45000e+02
2624 -2.44000e+02
2663 -2.43000e+02
2676 -2.42000e+02
2752 -2.41000e+02
2786 -2.40000e+02
2828 -2.39000e+02
2853 -2.38000e+02
2900 -2.37000e+02
2903 -2.36000e+02
2939 -2.35000e+02
3014 -2.34000e+02
3034 -2.33000e+02
3037 -2.32000e+02
3092 -2.31000e+02
3103 -2.30000e+02
3128 -2.29000e+02
3193 -2.28000e+02
3337 -2.27000e+02
3340 -2.26000e+02
3409 -2.25000e+02
3487 -2.24000e+02
3560 -2.23000e+02
3594 -2.22000e+02
3621 -2.21000e+02
3665 -2.20000e+02
3682 -2.19000e+02
3723 -2.18000e+02
3739 -2.17000e+02
3763 -2.16000e+02
3862 -2.15000e+02
3895 -2.14000e+02
3909 -2.13000e+02
3939 -2.12000e+02
4040 -2.11000e+02
4199 -2.10000e+02
4223 -2.09000e+02
4253 -2.08000e+02
4328 -2.07000e+02
4383 -2.06000e+02
4429 -2.05000e+02
4469 -2.04000e+02
4563 -2.03000e+02
4656 -2.02000e+02
4703 -2.01000e+02
4723 -2.00000e+02
4750 -1.99000e+02
4762 -1.98000e+02
4820 -1.97000e+02
4831 -1.96000e+02
4891 -1.95000e+02
4968 -1.94000e+02
5015 -1.93000e+02
5053 -1.92000e+02
5126 -1.91000e+02
5233 -1.90000e+02
5285 -1.89000e+02
5336 -1.88000e+02
5385 -1.86000e+02
5458 -1.85000e+02
5517 -1.84000e+02
5567 -1.83000e+02
5622 -1.82000e+02
5710 -1.81000e+02
5804 -1.80000e+02
5866 -1.79000e+02
5867 -1.78000e+02
5882 -1.77000e+02
5895 -1.76000e+02
5984 -1.75000e+02
6000 -1.74000e+02
6049 -1.73000e+02
6058 -1.72000e+02
6192 -1.71000e+02
6200 -1.70000e+02
6249 -1.69000e+02
6266 -1.68000e+02
6322 -1.67000e+02
6368 -1.66000e+02
6396 -1.65000e+02
6439 -1.64000e+02
6507 -1.63000e+02
6580 -1.62000e+02
6714 -1.61000e+02
6778 -1.60000e+02
6854 -1.59000e+02
6890 -1.58000e+02
6947 -1.57000e+02
6983 -1.56000e+02
7026 -1.55000e+02
7084 -1.54000e+02
7124 -1.53000e+02
7150 -1.52000e+02
7165 -1.51000e+02
7302 -1.50000e+02
7463 -1.49000e+02
7491 -1.48000e+02
7528 -1.47000e+02
7604 -1.46000e+02
7781 -1.45000e+02
7875 -1.44000e+02
7930 -1.43000e+02
8017 -1.42000e+02
8319 -1.41000e+02
8360 -1.40000e+02
8463 -1.38000e+02
8499 -1.37000e+02
8520 -1.36000e+02
8607 -1.35000e+02
8681 -1.34000e+02
8738 -1.33000e+02
8810 -1.32000e+02
8910 -1.31000e+02
9009 -1.30000e+02
9085 -1.29000e+02
9279 -1.28000e+02
9333 -1.27000e+02
9356 -1.26000e+02
9423 -1.25000e+02
9451 -1.23000e+02
9470 -1.22000e+02
9542 -1.21000e+02
9672 -1.20000e+02
9718 -1.19000e+02
9741 -1.18000e+02
9759 -1.17000e+02
9778 -1.16000e+02
9880 -1.15000e+02
9954 -1.14000e+02
9975 -1.13000e+02
9981 -1.13000e+02
