"function evaluation" "best-so-far f(x)"
1 -3.03000e+02
24 -3.02000e+02
62 -3.00000e+02
141 -2.99000e+02
191 -2.98000e+02
353 -2.97000e+02
507 -2.96000e+02
557 -2.95000e+02
618 -2.94000e+02
714 -2.93000e+02
813 -2.92000e+02
858 -2.91000e+02
987 -2.90000e+02
1052 -2.89000e+02
1114 -2.88000e+02
1270 -2.87000e+02
1332 -2.86000e+02
1397 -2.85000e+02
1526 -2.84000e+02
1659 -2.83000e+02
1724 -2.82000e+02
1811 -2.81000e+02
1875 -2.80000e+02
1956 -2.79000e+02
1989 -2.78000e+02
2057 -2.76000e+02
2085 -2.75000e+02
2241 -2.74000e+02
2397 -2.73000e+02
2428 -2.72000e+02
2561 -2.71000e+02
2777 -2.70000e+02
2778 -2.69000e+02
2877 -2.68000e+02
2974 -2.67000e+02
2976 -2.66000e+02
3030 -2.65000e+02
3172 -2.64000e+02
3301 -2.63000e+02
3396 -2.62000e+02
3611 -2.61000e+02
3718 -2.60000e+02
3803 -2.59000e+02
3958 -2.58000e+02
4069 -2.57000e+02
4094 -2.56000e+02
4129 -2.55000e+02
4260 -2.54000e+02
4350 -2.53000e+02
4413 -2.52000e+02
4681 -2.51000e+02
4727 -2.50000e+02
4810 -2.48000e+02
4903 -2.47000e+02
5063 -2.46000e+02
5208 -2.45000e+02
5354 -2.44000e+02
5538 -2.43000e+02
5611 -2.42000e+02
5683 -2.41000e+02
5805 -2.40000e+02
5936 -2.39000e+02
6051 -2.38000e+02
6070 -2.37000e+02
6098 -2.36000e+02
6217 -2.35000e+02
6279 -2.34000e+02
6492 -2.33000e+02
6566 -2.32000e+02
6699 -2.31000e+02
6736 -2.30000e+02
6855 -2.29000e+02
6950 -2.28000e+02
7028 -2.27000e+02
7117 -2.26000e+02
7224 -2.25000e+02
7257 -2.24000e+02
7266 -2.23000e+02
7312 -2.22000e+02
7408 -2.21000e+02
7514 -2.20000e+02
7539 -2.19000e+02
7686 -2.18000e+02
7797 -2.17000e+02
8032 -2.16000e+02
8098 -2.15000e+02
8221 -2.14000e+02
8355 -2.12000e+02
8507 -2.11000e+02
8607 -2.10000e+02
8807 -2.09000e+02
8842 -2.08000e+02
9035 -2.07000e+02
9146 -2.06000e+02
9281 -2.05000e+02
9318 -2.04000e+02
9435 -2.03000e+02
9545 -2.02000e+02
9744 -2.01000e+02
9816 -2.00000e+02
9857 -1.99000e+02
9934 -1.98000e+02
9951 -1.98000e+02
"function evaluation" "best-so-far f(x)"
1 -3.03000e+02
14 -3.02000e+02
137 -3.01000e+02
144 -3.00000e+02
239 -2.99000e+02
287 -2.97000e+02
291 -2.96000e+02
361 -2.95000e+02
421 -2.94000e+02
463 -2.93000e+02
503 -2.92000e+02
541 -2.91000e+02
575 -2.90000e+02
751 -2.89000e+02
853 -2.88000e+02
1004 -2.86000e+02
1009 -2.85000e+02
1078 -2.84000e+02
1186 -2.83000e+02
1285 -2.82000e+02
1468 -2.81000e+02
1537 -2.79000e+02
1627 -2.78000e+02
1715 -2.77000e+02
1761 -2.76000e+02
1864 -2.75000e+02
1880 -2.74000e+02
2016 -2.73000e+02
2091 -2.72000e+02
2133 -2.71000e+02
2210 -2.70000e+02
2291 -2.69000e+02
2306 -2.68000e+02
2384 -2.67000e+02
2510 -2.66000e+02
2605 -2.65000e+02
2746 -2.64000e+02
2828 -2.63000e+02
2941 -2.62000e+02
3026 -2.61000e+02
3168 -2.60000e+02
3235 -2.59000e+02
3359 -2.58000e+02
3394 -2.57000e+02
3533 -2.56000e+02
3602 -2.55000e+02
3712 -2.54000e+02
3888 -2.53000e+02
4011 -2.52000e+02
4143 -2.51000e+02
4310 -2.50000e+02
4487 -2.48000e+02
4506 -2.47000e+02
4610 -2.46000e+02
4719 -2.45000e+02
4764 -2.44000e+02
4785 -2.43000e+02
4869 -2.42000e+02
4903 -2.41000e+02
4976 -2.40000e+02
5126 -2.39000e+02
5191 -2.38000e+02
5266 -2.36000e+02
5338 -2.35000e+02
5443 -2.34000e+02
5499 -2.33000e+02
5633 -2.32000e+02
5762 -2.31000e+02
5799 -2.30000e+02
5868 -2.29000e+02
6093 -2.28000e+02
6146 -2.27000e+02
6194 -2.26000e+02
6217 -2.25000e+02
6344 -2.24000e+02
6417 -2.23000e+02
6549 -2.22000e+02
6621 -2.21000e+02
6757 -2.20000e+02
6788 -2.19000e+02
6973 -2.18000e+02
6980 -2.17000e+02
7045 -2.16000e+02
7108 -2.15000e+02
7157 -2.14000e+02
7199 -2.13000e+02
7322 -2.12000e+02
7362 -2.11000e+02
7457 -2.10000e+02
7508 -2.09000e+02
7629 -2.08000e+02
7721 -2.07000e+02
7767 -2.06000e+02
7877 -2.05000e+02
8072 -2.04000e+02
8151 -2.03000e+02
8217 -2.02000e+02
8252 -2.01000e+02
8391 -2.00000e+02
8569 -1.99000e+02
8625 -1.98000e+02
8685 -1.97000e+02
8772 -1.96000e+02
8847 -1.95000e+02
9034 -1.94000e+02
9119 -1.93000e+02
9187 -1.92000e+02
9354 -1.91000e+02
9518 -1.90000e+02
9556 -1.89000e+02
9658 -1.88000e+02
9707 -1.87000e+02
9872 -1.84000e+02
9951 -1.84000e+02
"function evaluation" "best-so-far f(x)"
1 -3.03000e+02
18 -3.02000e+02
71 -3.01000e+02
175 -3.00000e+02
222 -2.99000e+02
351 -2.98000e+02
475 -2.97000e+02
477 -2.96000e+02
529 -2.95000e+02
558 -2.94000e+02
647 -2.93000e+02
717 -2.92000e+02
743 -2.91000e+02
834 -2.90000e+02
1000 -2.88000e+02
1051 -2.87000e+02
1198 -2.86000e+02
1227 -2.85000e+02
1236 -2.84000e+02
1246 -2.83000e+02
1331 -2.82000e+02
1571 -2.81000e+02
1596 -2.80000e+02
1602 -2.79000e+02
1679 -2.78000e+02
1732 -2.77000e+02
1835 -2.76000e+02
1851 -2.75000e+02
1896 -2.74000e+02
1968 -2.73000e+02
2011 -2.72000e+02
2228 -2.71000e+02
2258 -2.70000e+02
2273 -2.69000e+02
2389 -2.67000e+02
2471 -2.66000e+02
2593 -2.64000e+02
2701 -2.63000e+02
2759 -2.62000e+02
2859 -2.61000e+02
2864 -2.60000e+02
2931 -2.59000e+02
3042 -2.58000e+02
3132 -2.57000e+02
3183 -2.56000e+02
3307 -2.55000e+02
3453 -2.54000e+02
3526 -2.53000e+02
3577 -2.52000e+02
3611 -2.51000e+02
3616 -2.50000e+02
3746 -2.49000e+02
3773 -2.48000e+02
3822 -2.47000e+02
4201 -2.46000e+02
4276 -2.45000e+02
4346 -2.44000e+02
4389 -2.43000e+02
4473 -2.42000e+02
4585 -2.41000e+02
4641 -2.40000e+02
4643 -2.39000e+02
4756 -2.38000e+02
4775 -2.37000e+02
4889 -2.36000e+02
5025 -2.35000e+02
5049 -2.33000e+02
5105 -2.31000e+02
5260 -2.30000e+02
5304 -2.29000e+02
5414 -2.28000e+02
5548 -2.27000e+02
5556 -2.26000e+02
5597 -2.25000e+02
5660 -2.24000e+02
5741 -2.23000e+02
5933 -2.22000e+02
6019 -2.21000e+02
6192 -2.20000e+02
6340 -2.19000e+02
6413 -2.17000e+02
6550 -2.16000e+02
6591 -2.15000e+02
6604 -2.14000e+02
6640 -2.13000e+02
6745 -2.12000e+02
6925 -2.11000e+02
6996 -2.10000e+02
7125 -2.09000e+02
7238 -2.08000e+02
7321 -2.07000e+02
7455 -2.06000e+02
7529 -2.05000e+02
7686 -2.04000e+02
7790 -2.03000e+02
7807 -2.02000e+02
7935 -2.01000e+02
7952 -2.00000e+02
8036 -1.99000e+02
8185 -1.98000e+02
8294 -1.97000e+02
8414 -1.96000e+02
8529 -1.94000e+02
8643 -1.93000e+02
8704 -1.92000e+02
8934 -1.91000e+02
9002 -1.90000e+02
9048 -1.89000e+02
9155 -1.88000e+02
9238 -1.87000e+02
9274 -1.86000e+02
9348 -1.85000e+02
9382 -1.84000e+02
9595 -1.83000e+02
9756 -1.82000e+02
9909 -1.81000e+02
9951 -1.81000e+02
"function evaluation" "best-so-far f(x)"
1 -3.03000e+02
70 -3.02000e+02
173 -3.01000e+02
279 -3.00000e+02
326 -2.99000e+02
398 -2.98000e+02
516 -2.97000e+02
584 -2.96000e+02
735 -2.95000e+02
785 -2.94000e+02
899 -2.93000e+02
919 -2.92000e+02
987 -2.91000e+02
1073 -2.90000e+02
1233 -2.89000e+02
1327 -2.88000e+02
1516 -2.87000e+02
1604 -2.86000e+02
1740 -2.85000e+02
1816 -2.84000e+02
1942 -2.83000e+02
1990 -2.82000e+02
2032 -2.81000e+02
2065 -2.80000e+02
2115 -2.79000e+02
2133 -2.78000e+02
2146 -2.77000e+02
2287 -2.75000e+02
2479 -2.74000e+02
2581 -2.72000e+02
2734 -2.71000e+02
2843 -2.70000e+02
2875 -2.69000e+02
2992 -2.68000e+02
3035 -2.67000e+02
3140 -2.66000e+02
3192 -2.65000e+02
3296 -2.64000e+02
3369 -2.63000e+02
3408 -2.62000e+02
3481 -2.61000e+02
3554 -2.60000e+02
3649 -2.59000e+02
3724 -2.58000e+02
3864 -2.57000e+02
3908 -2.56000e+02
4101 -2.55000e+02
4257 -2.54000e+02
4453 -2.53000e+02
4495 -2.52000e+02
4563 -2.51000e+02
4699 -2.50000e+02
4743 -2.49000e+02
4840 -2.48000e+02
4860 -2.47000e+02
4952 -2.46000e+02
5059 -2.45000e+02
5161 -2.44000e+02
5306 -2.43000e+02
5375 -2.42000e+02
5416 -2.41000e+02
5558 -2.40000e+02
5628 -2.39000e+02
5704 -2.38000e+02
5768 -2.37000e+02
5893 -2.36000e+02
6075 -2.34000e+02
6147 -2.33000e+02
6249 -2.32000e+02
6307 -2.31000e+02
6490 -2.30000e+02
6525 -2.29000e+02
6588 -2.27000e+02
6628 -2.25000e+02
6768 -2.24000e+02
6836 -2.23000e+02
6969 -2.21000e+02
7166 -2.20000e+02
7295 -2.19000e+02
7472 -2.18000e+02
7518 -2.16000e+02
7639 -2.15000e+02
7731 -2.14000e+02
7881 -2.13000e+02
8048 -2.12000e+02
8244 -2.11000e+02
8357 -2.10000e+02
8432 -2.09000e+02
8518 -2.08000e+02
8647 -2.07000e+02
8755 -2.06000e+02
8924 -2.05000e+02
8964 -2.04000e+02
9071 -2.03000e+02
9138 -2.02000e+02
9224 -2.01000e+02
9366 -2.00000e+02
9415 -1.99000e+02
9482 -1.98000e+02
9609 -1.97000e+02
9723 -1.96000e+02
9843 -1.95000e+02
9951 -1.95000e+02
"function evaluation" "best-so-far f(x)"
1 -3.03000e+02
46 -3.02000e+02
49 -3.01000e+02
175 -3.00000e+02
309 -2.99000e+02
331 -2.97000e+02
401 -2.96000e+02
531 -2.95000e+02
623 -2.94000e+02
750 -2.93000e+02
775 -2.92000e+02
824 -2.91000e+02
943 -2.90000e+02
1023 -2.89000e+02
1180 -2.88000e+02
1276 -2.87000e+02
1343 -2.86000e+02
1399 -2.85000e+02
1524 -2.84000e+02
1614 -2.82000e+02
1740 -2.80000e+02
1918 -2.79000e+02
2018 -2.78000e+02
2123 -2.77000e+02
2313 -2.76000e+02
2389 -2.75000e+02
2539 -2.74000e+02
2601 -2.73000e+02
2710 -2.72000e+02
2875 -2.71000e+02
3058 -2.70000e+02
3153 -2.69000e+02
3237 -2.68000e+02
3594 -2.67000e+02
3807 -2.66000e+02
3842 -2.65000e+02
3935 -2.64000e+02
4043 -2.63000e+02
4115 -2.62000e+02
4367 -2.61000e+02
4386 -2.60000e+02
4472 -2.59000e+02
4535 -2.58000e+02
4591 -2.57000e+02
4646 -2.56000e+02
4752 -2.55000e+02
4870 -2.54000e+02
4947 -2.53000e+02
5111 -2.52000e+02
5165 -2.51000e+02
5208 -2.50000e+02
5255 -2.49000e+02
5314 -2.48000e+02
5467 -2.47000e+02
5515 -2.46000e+02
5571 -2.45000e+02
5681 -2.44000e+02
5859 -2.43000e+02
5958 -2.42000e+02
6052 -2.41000e+02
6065 -2.40000e+02
6093 -2.39000e+02
6144 -2.38000e+02
6239 -2.37000e+02
6324 -2.36000e+02
6425 -2.35000e+02
6507 -2.34000e+02
6571 -2.33000e+02
6660 -2.32000e+02
6748 -2.31000e+02
6850 -2.30000e+02
6917 -2.28000e+02
7031 -2.27000e+02
7043 -2.26000e+02
7047 -2.25000e+02
7224 -2.24000e+02
7333 -2.23000e+02
7455 -2.22000e+02
7662 -2.21000e+02
7727 -2.20000e+02
7892 -2.19000e+02
7952 -2.18000e+02
8024 -2.17000e+02
8141 -2.16000e+02
8225 -2.15000e+02
8293 -2.14000e+02
8442 -2.13000e+02
8448 -2.12000e+02
8526 -2.11000e+02
8618 -2.10000e+02
8821 -2.09000e+02
8886 -2.08000e+02
9098 -2.07000e+02
9174 -2.06000e+02
9198 -2.05000e+02
9245 -2.04000e+02
9442 -2.03000e+02
9487 -2.02000e+02
9585 -2.01000e+02
9735 -2.00000e+02
9818 -1.99000e+02
9905 -1.98000e+02
9951 -1.98000e+02
"function evaluation" "best-so-far f(x)"
1 -3.03000e+02
18 -3.02000e+02
34 -3.01000e+02
184 -3.00000e+02
327 -2.99000e+02
382 -2.98000e+02
470 -2.96000e+02
550 -2.95000e+02
696 -2.94000e+02
701 -2.93000e+02
782 -2.92000e+02
830 -2.91000e+02
839 -2.90000e+02
957 -2.89000e+02
1062 -2.88000e+02
1264 -2.87000e+02
1317 -2.86000e+02
1401 -2.85000e+02
1416 -2.84000e+02
1532 -2.83000e+02
1620 -2.82000e+02
1687 -2.81000e+02
1784 -2.80000e+02
1856 -2.79000e+02
1982 -2.78000e+02
1998 -2.77000e+02
2076 -2.76000e+02
2291 -2.75000e+02
2403 -2.74000e+02
2527 -2.73000e+02
2582 -2.72000e+02
2627 -2.71000e+02
2788 -2.69000e+02
2878 -2.68000e+02
2979 -2.67000e+02
3093 -2.66000e+02
3208 -2.65000e+02
3250 -2.64000e+02
3358 -2.62000e+02
3484 -2.61000e+02
3579 -2.60000e+02
3644 -2.59000e+02
3693 -2.58000e+02
3750 -2.57000e+02
3841 -2.56000e+02
3975 -2.55000e+02
4023 -2.54000e+02
4052 -2.53000e+02
4121 -2.52000e+02
4186 -2.50000e+02
4358 -2.49000e+02
4406 -2.48000e+02
4492 -2.47000e+02
4531 -2.46000e+02
4626 -2.45000e+02
4734 -2.44000e+02
4809 -2.43000e+02
4883 -2.42000e+02
5001 -2.41000e+02
5051 -2.40000e+02
5225 -2.39000e+02
5324 -2.38000e+02
5465 -2.37000e+02
5519 -2.36000e+02
5649 -2.35000e+02
5686 -2.34000e+02
5794 -2.33000e+02
5932 -2.32000e+02
5957 -2.31000e+02
5964 -2.30000e+02
6135 -2.29000e+02
6242 -2.28000e+02
6312 -2.26000e+02
6395 -2.25000e+02
6467 -2.24000e+02
6633 -2.23000e+02
6761 -2.22000e+02
6832 -2.21000e+02
6979 -2.20000e+02
7188 -2.19000e+02
7308 -2.18000e+02
7466 -2.17000e+02
7477 -2.16000e+02
7647 -2.15000e+02
7824 -2.14000e+02
7908 -2.13000e+02
8043 -2.12000e+02
8171 -2.11000e+02
8319 -2.10000e+02
8505 -2.09000e+02
8569 -2.08000e+02
8588 -2.07000e+02
8762 -2.06000e+02
8871 -2.05000e+02
9020 -2.04000e+02
9131 -2.03000e+02
9357 -2.02000e+02
9500 -2.01000e+02
9575 -2.00000e+02
9633 -1.98000e+02
9680 -1.97000e+02
9762 -1.96000e+02
9777 -1.95000e+02
9830 -1.94000e+02
9916 -1.93000e+02
9951 -1.93000e+02
"function evaluation" "best-so-far f(x)"
1 -3.03000e+02
4 -3.02000e+02
131 -3.01000e+02
227 -3.00000e+02
458 -2.99000e+02
527 -2.98000e+02
633 -2.97000e+02
764 -2.96000e+02
823 -2.95000e+02
932 -2.94000e+02
1020 -2.93000e+02
1131 -2.92000e+02
1159 -2.91000e+02
1197 -2.90000e+02
1309 -2.89000e+02
1319 -2.88000e+02
1419 -2.87000e+02
1474 -2.86000e+02
1607 -2.85000e+02
1675 -2.83000e+02
1711 -2.82000e+02
1815 -2.81000e+02
1847 -2.80000e+02
2011 -2.79000e+02
2150 -2.78000e+02
2237 -2.77000e+02
2409 -2.76000e+02
2415 -2.75000e+02
2472 -2.74000e+02
2488 -2.73000e+02
2647 -2.72000e+02
2716 -2.71000e+02
2847 -2.70000e+02
3036 -2.69000e+02
3043 -2.68000e+02
3210 -2.67000e+02
3279 -2.66000e+02
3399 -2.65000e+02
3459 -2.64000e+02
3486 -2.63000e+02
3614 -2.62000e+02
3734 -2.61000e+02
3866 -2.60000e+02
3981 -2.59000e+02
4069 -2.58000e+02
4165 -2.57000e+02
4280 -2.56000e+02
4334 -2.55000e+02
4434 -2.54000e+02
4563 -2.53000e+02
4643 -2.52000e+02
4709 -2.51000e+02
4776 -2.50000e+02
4850 -2.49000e+02
5018 -2.48000e+02
5146 -2.47000e+02
5229 -2.46000e+02
5292 -2.45000e+02
5449 -2.44000e+02
5541 -2.43000e+02
5682 -2.42000e+02
5784 -2.41000e+02
5820 -2.40000e+02
5866 -2.39000e+02
5940 -2.38000e+02
6061 -2.37000e+02
6157 -2.36000e+02
6213 -2.35000e+02
6321 -2.34000e+02
6384 -2.33000e+02
6504 -2.32000e+02
6592 -2.31000e+02
6745 -2.30000e+02
6961 -2.29000e+02
6997 -2.28000e+02
7008 -2.27000e+02
7086 -2.26000e+02
7152 -2.25000e+02
7280 -2.24000e+02
7295 -2.23000e+02
7366 -2.22000e+02
7434 -2.21000e+02
7554 -2.20000e+02
7584 -2.19000e+02
7702 -2.18000e+02
7727 -2.17000e+02
7807 -2.16000e+02
7871 -2.15000e+02
7995 -2.14000e+02
8011 -2.13000e+02
8090 -2.12000e+02
8126 -2.11000e+02
8282 -2.10000e+02
8401 -2.09000e+02
8485 -2.08000e+02
8496 -2.07000e+02
8535 -2.06000e+02
8634 -2.05000e+02
8724 -2.04000e+02
8777 -2.03000e+02
8859 -2.02000e+02
9111 -2.01000e+02
9164 -2.00000e+02
9285 -1.99000e+02
9298 -1.98000e+02
9442 -1.97000e+02
9689 -1.96000e+02
9725 -1.95000e+02
9782 -1.94000e+02
9951 -1.93000e+02
"function evaluation" "best-so-far f(x)"
1 -3.03000e+02
121 -3.02000e+02
194 -3.01000e+02
316 -3.00000e+02
390 -2.99000e+02
425 -2.98000e+02
572 -2.97000e+02
610 -2.96000e+02
676 -2.95000e+02
923 -2.94000e+02
1020 -2.93000e+02
1039 -2.92000e+02
1106 -2.91000e+02
1201 -2.90000e+02
1268 -2.89000e+02
1399 -2.88000e+02
1429 -2.87000e+02
1488 -2.86000e+02
1543 -2.84000e+02
1681 -2.83000e+02
1784 -2.82000e+02
1829 -2.81000e+02
2029 -2.80000e+02
2123 -2.79000e+02
2155 -2.78000e+02
2227 -2.77000e+02
2266 -2.76000e+02
2422 -2.74000e+02
2579 -2.73000e+02
2672 -2.72000e+02
2794 -2.71000e+02
2960 -2.70000e+02
3055 -2.69000e+02
3100 -2.68000e+02
3157 -2.66000e+02
3164 -2.65000e+02
3181 -2.64000e+02
3379 -2.63000e+02
3450 -2.62000e+02
3528 -2.61000e+02
3675 -2.60000e+02
3741 -2.59000e+02
4004 -2.58000e+02
4165 -2.57000e+02
4208 -2.56000e+02
4220 -2.55000e+02
4224 -2.54000e+02
4317 -2.53000e+02
4324 -2.52000e+02
4401 -2.51000e+02
4448 -2.50000e+02
4515 -2.49000e+02
4560 -2.48000e+02
4610 -2.47000e+02
4630 -2.46000e+02
4726 -2.45000e+02
4870 -2.44000e+02
5030 -2.43000e+02
5268 -2.42000e+02
5379 -2.41000e+02
5395 -2.40000e+02
5467 -2.39000e+02
5591 -2.38000e+02
5646 -2.37000e+02
5709 -2.36000e+02
5799 -2.35000e+02
5818 -2.34000e+02
5874 -2.33000e+02
6024 -2.32000e+02
6082 -2.31000e+02
6130 -2.30000e+02
6190 -2.29000e+02
6245 -2.28000e+02
6358 -2.26000e+02
6426 -2.25000e+02
6505 -2.24000e+02
6532 -2.23000e+02
6643 -2.22000e+02
6764 -2.21000e+02
6815 -2.20000e+02
6966 -2.19000e+02
7072 -2.18000e+02
7130 -2.17000e+02
7287 -2.16000e+02
7369 -2.15000e+02
7466 -2.13000e+02
7643 -2.12000e+02
7794 -2.11000e+02
7864 -2.10000e+02
8062 -2.09000e+02
8087 -2.08000e+02
8122 -2.07000e+02
8158 -2.06000e+02
8395 -2.05000e+02
8456 -2.02000e+02
8526 -2.01000e+02
8699 -2.00000e+02
8863 -1.99000e+02
8995 -1.98000e+02
9040 -1.97000e+02
9086 -1.96000e+02
9176 -1.95000e+02
9339 -1.94000e+02
9398 -1.93000e+02
9480 -1.92000e+02
9668 -1.91000e+02
9854 -1.90000e+02
9943 -1.89000e+02
9951 -1.89000e+02
"function evaluation" "best-so-far f(x)"
1 -3.03000e+02
2 -3.02000e+02
61 -3.01000e+02
273 -3.00000e+02
282 -2.99000e+02
293 -2.98000e+02
384 -2.97000e+02
460 -2.96000e+02
581 -2.95000e+02
601 -2.94000e+02
685 -2.93000e+02
737 -2.92000e+02
810 -2.91000e+02
825 -2.90000e+02
891 -2.89000e+02
1009 -2.88000e+02
1073 -2.87000e+02
1181 -2.86000e+02
1277 -2.85000e+02
1281 -2.84000e+02
1325 -2.83000e+02
1436 -2.82000e+02
1519 -2.81000e+02
1576 -2.80000e+02
1720 -2.79000e+02
1780 -2.78000e+02
1924 -2.77000e+02
2058 -2.76000e+02
2083 -2.75000e+02
2248 -2.74000e+02
2372 -2.73000e+02
2451 -2.72000e+02
2528 -2.71000e+02
2677 -2.70000e+02
2824 -2.69000e+02
3015 -2.68000e+02
3140 -2.67000e+02
3241 -2.66000e+02
3295 -2.65000e+02
3355 -2.64000e+02
3481 -2.63000e+02
3572 -2.62000e+02
3607 -2.61000e+02
3762 -2.60000e+02
3821 -2.59000e+02
3982 -2.58000e+02
4097 -2.57000e+02
4203 -2.56000e+02
4377 -2.55000e+02
4669 -2.54000e+02
4682 -2.53000e+02
4863 -2.52000e+02
4915 -2.50000e+02
4916 -2.49000e+02
5083 -2.48000e+02
5161 -2.47000e+02
5226 -2.46000e+02
5272 -2.45000e+02
5334 -2.44000e+02
5395 -2.43000e+02
5456 -2.42000e+02
5553 -2.41000e+02
5638 -2.40000e+02
5645 -2.39000e+02
5742 -2.38000e+02
5820 -2.37000e+02
6027 -2.36000e+02
6124 -2.34000e+02
6201 -2.33000e+02
6264 -2.32000e+02
6358 -2.31000e+02
6496 -2.30000e+02
6518 -2.29000e+02
6551 -2.28000e+02
6595 -2.27000e+02
6727 -2.26000e+02
6745 -2.25000e+02
6835 -2.24000e+02
6947 -2.23000e+02
7069 -2.22000e+02
7138 -2.21000e+02
7200 -2.20000e+02
7278 -2.19000e+02
7361 -2.18000e+02
7390 -2.17000e+02
7419 -2.16000e+02
7470 -2.15000e+02
7582 -2.14000e+02
7689 -2.13000e+02
7758 -2.12000e+02
7966 -2.11000e+02
8116 -2.10000e+02
8204 -2.09000e+02
8258 -2.08000e+02
8347 -2.07000e+02
8407 -2.06000e+02
8434 -2.05000e+02
8542 -2.04000e+02
8629 -2.03000e+02
8745 -2.02000e+02
8842 -2.01000e+02
8929 -2.00000e+02
8947 -1.99000e+02
9152 -1.98000e+02
9213 -1.97000e+02
9393 -1.96000e+02
9473 -1.95000e+02
9570 -1.94000e+02
9663 -1.93000e+02
9714 -1.92000e+02
9836 -1.91000e+02
9885 -1.89000e+02
9951 -1.89000e+02
"function evaluation" "best-so-far f(x)"
1 -3.03000e+02
8 -3.01000e+02
137 -3.00000e+02
353 -2.99000e+02
424 -2.98000e+02
516 -2.97000e+02
600 -2.96000e+02
649 -2.95000e+02
670 -2.94000e+02
698 -2.93000e+02
740 -2.92000e+02
835 -2.91000e+02
914 -2.90000e+02
967 -2.89000e+02
1067 -2.88000e+02
1111 -2.87000e+02
1303 -2.86000e+02
1451 -2.85000e+02
1571 -2.84000e+02
1689 -2.83000e+02
1747 -2.82000e+02
1813 -2.81000e+02
1843 -2.80000e+02
1918 -2.79000e+02
1960 -2.78000e+02
2084 -2.77000e+02
2142 -2.75000e+02
2244 -2.74000e+02
2273 -2.73000e+02
2398 -2.72000e+02
2453 -2.71000e+02
2540 -2.70000e+02
2599 -2.69000e+02
2716 -2.68000e+02
2815 -2.67000e+02
2830 -2.66000e+02
2866 -2.65000e+02
2929 -2.64000e+02
3095 -2.63000e+02
3208 -2.62000e+02
3253 -2.61000e+02
3322 -2.60000e+02
3387 -2.59000e+02
3461 -2.58000e+02
3506 -2.57000e+02
3608 -2.56000e+02
3635 -2.55000e+02
3731 -2.54000e+02
3867 -2.53000e+02
3973 -2.52000e+02
4014 -2.51000e+02
4092 -2.50000e+02
4186 -2.49000e+02
4208 -2.48000e+02
4276 -2.47000e+02
4387 -2.46000e+02
4482 -2.45000e+02
4623 -2.44000e+02
4774 -2.43000e+02
4843 -2.42000e+02
4860 -2.41000e+02
5051 -2.40000e+02
5106 -2.39000e+02
5313 -2.38000e+02
5327 -2.37000e+02
5360 -2.36000e+02
5411 -2.35000e+02
5413 -2.33000e+02
5594 -2.32000e+02
5714 -2.31000e+02
5859 -2.30000e+02
5940 -2.29000e+02
5992 -2.28000e+02
6117 -2.27000e+02
6216 -2.26000e+02
6351 -2.25000e+02
6514 -2.24000e+02
6612 -2.23000e+02
6734 -2.22000e+02
6911 -2.21000e+02
6981 -2.20000e+02
7089 -2.19000e+02
7148 -2.18000e+02
7376 -2.17000e+02
7489 -2.15000e+02
7564 -2.14000e+02
7610 -2.13000e+02
7763 -2.12000e+02
7894 -2.11000e+02
8048 -2.10000e+02
8142 -2.09000e+02
8249 -2.08000e+02
8419 -2.07000e+02
8525 -2.06000e+02
8583 -2.05000e+02
8686 -2.04000e+02
8778 -2.03000e+02
8897 -2.02000e+02
9014 -2.01000e+02
9115 -2.00000e+02
9228 -1.99000e+02
9250 -1.98000e+02
9543 -1.97000e+02
9572 -1.96000e+02
9710 -1.95000e+02
9882 -1.94000e+02
9951 -1.94000e+02
"function evaluation" "best-so-far f(x)"
1 -3.03000e+02
20 -3.02000e+02
177 -3.01000e+02
327 -3.00000e+02
390 -2.99000e+02
537 -2.98000e+02
543 -2.97000e+02
662 -2.96000e+02
828 -2.95000e+02
892 -2.94000e+02
1002 -2.93000e+02
1106 -2.92000e+02
1217 -2.91000e+02
1254 -2.90000e+02
1321 -2.89000e+02
1401 -2.88000e+02
1431 -2.87000e+02
1521 -2.85000e+02
1766 -2.84000e+02
1867 -2.82000e+02
1925 -2.81000e+02
2055 -2.80000e+02
2090 -2.79000e+02
2234 -2.78000e+02
2347 -2.77000e+02
2454 -2.76000e+02
2571 -2.75000e+02
2701 -2.74000e+02
2727 -2.73000e+02
2884 -2.72000e+02
2957 -2.71000e+02
2995 -2.70000e+02
3074 -2.69000e+02
3107 -2.68000e+02
3117 -2.67000e+02
3225 -2.66000e+02
3386 -2.65000e+02
3422 -2.63000e+02
3594 -2.62000e+02
3679 -2.61000e+02
3777 -2.60000e+02
3931 -2.59000e+02
3950 -2.58000e+02
4078 -2.57000e+02
4114 -2.56000e+02
4150 -2.55000e+02
4234 -2.54000e+02
4341 -2.53000e+02
4523 -2.52000e+02
4684 -2.51000e+02
4838 -2.50000e+02
4895 -2.49000e+02
4993 -2.48000e+02
5158 -2.47000e+02
5166 -2.46000e+02
5168 -2.45000e+02
5311 -2.44000e+02
5419 -2.43000e+02
5493 -2.42000e+02
5536 -2.41000e+02
5550 -2.40000e+02
5610 -2.39000e+02
5741 -2.38000e+02
5887 -2.37000e+02
5954 -2.35000e+02
6037 -2.34000e+02
6071 -2.33000e+02
6156 -2.32000e+02
6184 -2.31000e+02
6298 -2.30000e+02
6375 -2.29000e+02
6454 -2.28000e+02
6488 -2.27000e+02
6581 -2.26000e+02
6700 -2.25000e+02
6909 -2.24000e+02
6942 -2.23000e+02
7206 -2.22000e+02
7371 -2.21000e+02
7455 -2.20000e+02
7634 -2.19000e+02
7734 -2.18000e+02
7869 -2.17000e+02
8021 -2.16000e+02
8106 -2.15000e+02
8127 -2.14000e+02
8153 -2.13000e+02
8294 -2.12000e+02
8491 -2.11000e+02
8694 -2.10000e+02
8955 -2.09000e+02
8975 -2.08000e+02
9145 -2.07000e+02
9251 -2.06000e+02
9422 -2.05000e+02
9526 -2.04000e+02
9613 -2.02000e+02
9742 -2.01000e+02
9753 -2.00000e+02
9851 -1.99000e+02
9951 -1.99000e+02
"function evaluation" "best-so-far f(x)"
1 -3.03000e+02
4 -3.02000e+02
158 -3.01000e+02
181 -3.00000e+02
203 -2.99000e+02
367 -2.98000e+02
385 -2.97000e+02
483 -2.96000e+02
513 -2.94000e+02
626 -2.93000e+02
724 -2.92000e+02
748 -2.91000e+02
750 -2.90000e+02
845 -2.89000e+02
941 -2.88000e+02
1170 -2.87000e+02
1178 -2.86000e+02
1244 -2.85000e+02
1340 -2.84000e+02
1476 -2.83000e+02
1488 -2.82000e+02
1586 -2.81000e+02
1650 -2.80000e+02
1736 -2.79000e+02
1754 -2.78000e+02
1862 -2.77000e+02
1907 -2.76000e+02
2002 -2.75000e+02
2145 -2.74000e+02
2187 -2.73000e+02
2262 -2.72000e+02
2343 -2.71000e+02
2464 -2.70000e+02
2498 -2.69000e+02
2546 -2.68000e+02
2690 -2.67000e+02
2770 -2.66000e+02
2835 -2.65000e+02
2906 -2.64000e+02
3001 -2.63000e+02
3170 -2.62000e+02
3271 -2.61000e+02
3290 -2.59000e+02
3416 -2.58000e+02
3506 -2.57000e+02
3618 -2.56000e+02
3735 -2.55000e+02
3816 -2.54000e+02
3888 -2.53000e+02
3972 -2.52000e+02
4092 -2.51000e+02
4132 -2.50000e+02
4304 -2.49000e+02
4446 -2.48000e+02
4547 -2.47000e+02
4708 -2.46000e+02
4762 -2.45000e+02
4907 -2.44000e+02
4979 -2.43000e+02
5047 -2.42000e+02
5143 -2.41000e+02
5254 -2.40000e+02
5326 -2.39000e+02
5432 -2.38000e+02
5540 -2.37000e+02
5546 -2.36000e+02
5651 -2.35000e+02
5689 -2.34000e+02
5714 -2.33000e+02
5804 -2.32000e+02
5866 -2.31000e+02
6030 -2.30000e+02
6221 -2.29000e+02
6275 -2.28000e+02
6328 -2.27000e+02
6438 -2.26000e+02
6486 -2.25000e+02
6608 -2.23000e+02
6714 -2.22000e+02
6789 -2.21000e+02
6891 -2.20000e+02
7058 -2.19000e+02
7226 -2.18000e+02
7363 -2.17000e+02
7427 -2.16000e+02
7477 -2.15000e+02
7597 -2.14000e+02
7707 -2.13000e+02
7819 -2.12000e+02
7890 -2.11000e+02
8118 -2.10000e+02
8207 -2.08000e+02
8373 -2.07000e+02
8493 -2.06000e+02
8639 -2.05000e+02
8758 -2.04000e+02
8780 -2.03000e+02
8848 -2.02000e+02
8914 -2.01000e+02
9192 -2.00000e+02
9309 -1.99000e+02
9415 -1.98000e+02
9434 -1.97000e+02
9564 -1.96000e+02
9608 -1.95000e+02
9726 -1.94000e+02
9739 -1.93000e+02
9802 -1.92000e+02
9878 -1.91000e+02
9936 -1.90000e+02
9951 -1.90000e+02
"function evaluation" "best-so-far f(x)"
1 -3.03000e+02
43 -3.02000e+02
121 -3.00000e+02
168 -2.99000e+02
329 -2.98000e+02
349 -2.97000e+02
398 -2.96000e+02
451 -2.95000e+02
484 -2.94000e+02
496 -2.93000e+02
577 -2.92000e+02
671 -2.91000e+02
719 -2.90000e+02
768 -2.89000e+02
803 -2.88000e+02
906 -2.87000e+02
1068 -2.86000e+02
1154 -2.85000e+02
1291 -2.84000e+02
1427 -2.83000e+02
1481 -2.82000e+02
1606 -2.81000e+02
1696 -2.80000e+02
1769 -2.79000e+02
1864 -2.78000e+02
1956 -2.77000e+02
2034 -2.76000e+02
2169 -2.75000e+02
2321 -2.74000e+02
2331 -2.73000e+02
2386 -2.72000e+02
2565 -2.71000e+02
2634 -2.70000e+02
2687 -2.69000e+02
2732 -2.68000e+02
2757 -2.67000e+02
2849 -2.66000e+02
2932 -2.65000e+02
2985 -2.64000e+02
3100 -2.63000e+02
3157 -2.62000e+02
3259 -2.61000e+02
3358 -2.59000e+02
3499 -2.58000e+02
3645 -2.57000e+02
3748 -2.56000e+02
3777 -2.55000e+02
3932 -2.54000e+02
4026 -2.53000e+02
4100 -2.52000e+02
4198 -2.51000e+02
4339 -2.50000e+02
4377 -2.49000e+02
4497 -2.48000e+02
4502 -2.47000e+02
4541 -2.46000e+02
4597 -2.45000e+02
4636 -2.44000e+02
4638 -2.43000e+02
4721 -2.42000e+02
4847 -2.41000e+02
4861 -2.40000e+02
4994 -2.39000e+02
5077 -2.38000e+02
5139 -2.37000e+02
5237 -2.36000e+02
5293 -2.35000e+02
5447 -2.34000e+02
5545 -2.33000e+02
5673 -2.32000e+02
5753 -2.31000e+02
5765 -2.30000e+02
5863 -2.29000e+02
5969 -2.28000e+02
6016 -2.27000e+02
6029 -2.26000e+02
6140 -2.25000e+02
6225 -2.24000e+02
6242 -2.23000e+02
6352 -2.22000e+02
6482 -2.20000e+02
6572 -2.19000e+02
6704 -2.18000e+02
6728 -2.17000e+02
6819 -2.16000e+02
6899 -2.15000e+02
6952 -2.14000e+02
7145 -2.13000e+02
7278 -2.12000e+02
7399 -2.11000e+02
7531 -2.10000e+02
7566 -2.09000e+02
7686 -2.08000e+02
7834 -2.07000e+02
7885 -2.06000e+02
7974 -2.05000e+02
8035 -2.04000e+02
8191 -2.03000e+02
8369 -2.02000e+02
8536 -2.01000e+02
8576 -2.00000e+02
8630 -1.99000e+02
8700 -1.98000e+02
8744 -1.97000e+02
8823 -1.96000e+02
8846 -1.95000e+02
8953 -1.94000e+02
9091 -1.93000e+02
9179 -1.92000e+02
9258 -1.91000e+02
9332 -1.90000e+02
9465 -1.89000e+02
9658 -1.88000e+02
9674 -1.87000e+02
9751 -1.86000e+02
9853 -1.85000e+02
9878 -1.84000e+02
9951 -1.84000e+02
"function evaluation" "best-so-far f(x)"
1 -3.03000e+02
14 -3.02000e+02
72 -3.01000e+02
192 -3.00000e+02
257 -2.99000e+02
315 -2.98000e+02
355 -2.97000e+02
433 -2.96000e+02
496 -2.95000e+02
682 -2.94000e+02
764 -2.93000e+02
921 -2.92000e+02
939 -2.91000e+02
1040 -2.90000e+02
1119 -2.89000e+02
1180 -2.88000e+02
1345 -2.87000e+02
1435 -2.86000e+02
1589 -2.85000e+02
1660 -2.84000e+02
1721 -2.83000e+02
1761 -2.82000e+02
1904 -2.81000e+02
1952 -2.80000e+02
1968 -2.79000e+02
2072 -2.78000e+02
2299 -2.77000e+02
2344 -2.76000e+02
2445 -2.75000e+02
2459 -2.74000e+02
2551 -2.73000e+02
2633 -2.72000e+02
2718 -2.71000e+02
2888 -2.70000e+02
2983 -2.69000e+02
3031 -2.68000e+02
3057 -2.67000e+02
3163 -2.66000e+02
3283 -2.65000e+02
3426 -2.64000e+02
3543 -2.63000e+02
3674 -2.62000e+02
3825 -2.61000e+02
3841 -2.60000e+02
3912 -2.59000e+02
4016 -2.58000e+02
4154 -2.57000e+02
4215 -2.56000e+02
4236 -2.55000e+02
4336 -2.54000e+02
4373 -2.53000e+02
4520 -2.52000e+02
4670 -2.51000e+02
4785 -2.50000e+02
4790 -2.49000e+02
4861 -2.48000e+02
4903 -2.47000e+02
4928 -2.46000e+02
5011 -2.45000e+02
5038 -2.44000e+02
5102 -2.43000e+02
5119 -2.42000e+02
5258 -2.41000e+02
5356 -2.40000e+02
5478 -2.39000e+02
5687 -2.38000e+02
5732 -2.37000e+02
5740 -2.36000e+02
5808 -2.35000e+02
5977 -2.34000e+02
6196 -2.33000e+02
6280 -2.32000e+02
6399 -2.31000e+02
6566 -2.30000e+02
6651 -2.29000e+02
6654 -2.28000e+02
6757 -2.27000e+02
6809 -2.26000e+02
6896 -2.25000e+02
6929 -2.24000e+02
7157 -2.23000e+02
7269 -2.22000e+02
7318 -2.21000e+02
7436 -2.20000e+02
7515 -2.19000e+02
7582 -2.18000e+02
7690 -2.16000e+02
7723 -2.15000e+02
7844 -2.14000e+02
7953 -2.13000e+02
8040 -2.12000e+02
8134 -2.11000e+02
8275 -2.10000e+02
8436 -2.09000e+02
8555 -2.08000e+02
8647 -2.07000e+02
8699 -2.06000e+02
8709 -2.05000e+02
8771 -2.04000e+02
8834 -2.03000e+02
8902 -2.02000e+02
8997 -2.01000e+02
9142 -2.00000e+02
9218 -1.99000e+02
9381 -1.98000e+02
9507 -1.97000e+02
9582 -1.96000e+02
9674 -1.95000e+02
9826 -1.94000e+02
9905 -1.93000e+02
9948 -1.92000e+02
9951 -1.92000e+02
"function evaluation" "best-so-far f(x)"
1 -3.03000e+02
30 -3.02000e+02
44 -3.01000e+02
81 -3.00000e+02
178 -2.99000e+02
287 -2.98000e+02
294 -2.97000e+02
378 -2.96000e+02
551 -2.95000e+02
689 -2.94000e+02
711 -2.93000e+02
780 -2.92000e+02
880 -2.91000e+02
885 -2.90000e+02
961 -2.89000e+02
1049 -2.88000e+02
1136 -2.87000e+02
1223 -2.86000e+02
1326 -2.85000e+02
1513 -2.84000e+02
1618 -2.83000e+02
1649 -2.82000e+02
1760 -2.81000e+02
1914 -2.80000e+02
2101 -2.79000e+02
2193 -2.78000e+02
2265 -2.77000e+02
2373 -2.76000e+02
2400 -2.75000e+02
2523 -2.74000e+02
2602 -2.73000e+02
2697 -2.72000e+02
2820 -2.71000e+02
2894 -2.70000e+02
2930 -2.69000e+02
3028 -2.68000e+02
3164 -2.67000e+02
3239 -2.66000e+02
3365 -2.65000e+02
3511 -2.63000e+02
3655 -2.62000e+02
3851 -2.61000e+02
3890 -2.60000e+02
4040 -2.59000e+02
4142 -2.58000e+02
4188 -2.57000e+02
4307 -2.56000e+02
4413 -2.55000e+02
4530 -2.54000e+02
4690 -2.53000e+02
4726 -2.52000e+02
4851 -2.51000e+02
4996 -2.50000e+02
5083 -2.49000e+02
5141 -2.48000e+02
5205 -2.47000e+02
5322 -2.46000e+02
5407 -2.45000e+02
5479 -2.44000e+02
5539 -2.43000e+02
5645 -2.42000e+02
5659 -2.41000e+02
5762 -2.40000e+02
5920 -2.39000e+02
5971 -2.38000e+02
6016 -2.37000e+02
6096 -2.36000e+02
6259 -2.35000e+02
6400 -2.34000e+02
6476 -2.33000e+02
6637 -2.32000e+02
6709 -2.31000e+02
6769 -2.30000e+02
6944 -2.29000e+02
7119 -2.28000e+02
7181 -2.27000e+02
7242 -2.26000e+02
7340 -2.25000e+02
7461 -2.24000e+02
7533 -2.23000e+02
7574 -2.22000e+02
7640 -2.19000e+02
7798 -2.18000e+02
7911 -2.17000e+02
7939 -2.16000e+02
8067 -2.15000e+02
8144 -2.14000e+02
8170 -2.13000e+02
8244 -2.12000e+02
8330 -2.11000e+02
8458 -2.10000e+02
8475 -2.09000e+02
8526 -2.08000e+02
8601 -2.07000e+02
8750 -2.06000e+02
8935 -2.05000e+02
8969 -2.04000e+02
9047 -2.03000e+02
9145 -2.02000e+02
9214 -2.01000e+02
9244 -2.00000e+02
9421 -1.99000e+02
9566 -1.98000e+02
9600 -1.97000e+02
9647 -1.96000e+02
9661 -1.95000e+02
9730 -1.94000e+02
9871 -1.93000e+02
9951 -1.93000e+02
"function evaluation" "best-so-far f(x)"
1 -3.03000e+02
12 -3.02000e+02
116 -3.01000e+02
300 -3.00000e+02
436 -2.99000e+02
640 -2.98000e+02
778 -2.97000e+02
814 -2.96000e+02
870 -2.95000e+02
958 -2.94000e+02
1027 -2.93000e+02
1113 -2.92000e+02
1217 -2.91000e+02
1360 -2.90000e+02
1440 -2.89000e+02
1545 -2.88000e+02
1631 -2.87000e+02
1776 -2.86000e+02
1865 -2.85000e+02
1970 -2.84000e+02
1977 -2.83000e+02
2113 -2.82000e+02
2173 -2.81000e+02
2198 -2.80000e+02
2274 -2.78000e+02
2407 -2.77000e+02
2430 -2.76000e+02
2488 -2.75000e+02
2608 -2.74000e+02
2716 -2.73000e+02
2741 -2.72000e+02
2874 -2.71000e+02
2963 -2.70000e+02
3051 -2.69000e+02
3202 -2.68000e+02
3350 -2.67000e+02
3479 -2.66000e+02
3546 -2.65000e+02
3615 -2.64000e+02
3624 -2.63000e+02
3657 -2.62000e+02
3745 -2.61000e+02
3858 -2.60000e+02
3922 -2.59000e+02
3955 -2.58000e+02
4144 -2.57000e+02
4246 -2.56000e+02
4307 -2.55000e+02
4424 -2.54000e+02
4527 -2.53000e+02
4535 -2.52000e+02
4672 -2.51000e+02
4707 -2.50000e+02
4921 -2.49000e+02
5156 -2.48000e+02
5268 -2.47000e+02
5329 -2.46000e+02
5339 -2.45000e+02
5414 -2.44000e+02
5423 -2.43000e+02
5577 -2.42000e+02
5695 -2.41000e+02
5734 -2.40000e+02
5841 -2.39000e+02
5933 -2.38000e+02
6022 -2.37000e+02
6073 -2.36000e+02
6138 -2.35000e+02
6251 -2.34000e+02
6313 -2.33000e+02
6396 -2.32000e+02
6431 -2.31000e+02
6459 -2.30000e+02
6527 -2.29000e+02
6603 -2.28000e+02
6631 -2.27000e+02
6768 -2.26000e+02
6944 -2.25000e+02
6986 -2.24000e+02
7066 -2.23000e+02
7128 -2.22000e+02
7133 -2.21000e+02
7201 -2.20000e+02
7249 -2.19000e+02
7402 -2.18000e+02
7438 -2.17000e+02
7582 -2.16000e+02
7703 -2.15000e+02
7761 -2.14000e+02
7816 -2.13000e+02
7917 -2.12000e+02
8118 -2.11000e+02
8182 -2.10000e+02
8349 -2.09000e+02
8420 -2.08000e+02
8447 -2.07000e+02
8574 -2.06000e+02
8662 -2.05000e+02
8739 -2.04000e+02
8810 -2.03000e+02
8886 -2.02000e+02
9046 -2.01000e+02
9219 -2.00000e+02
9351 -1.99000e+02
9457 -1.98000e+02
9568 -1.97000e+02
9612 -1.96000e+02
9786 -1.95000e+02
9854 -1.94000e+02
9951 -1.94000e+02
"function evaluation" "best-so-far f(x)"
1 -3.03000e+02
34 -3.02000e+02
135 -3.01000e+02
232 -3.00000e+02
306 -2.99000e+02
473 -2.98000e+02
591 -2.97000e+02
679 -2.96000e+02
726 -2.95000e+02
873 -2.94000e+02
1003 -2.93000e+02
1100 -2.92000e+02
1170 -2.91000e+02
1238 -2.90000e+02
1261 -2.89000e+02
1323 -2.88000e+02
1366 -2.87000e+02
1453 -2.86000e+02
1496 -2.85000e+02
1721 -2.84000e+02
1910 -2.83000e+02
1966 -2.82000e+02
2033 -2.81000e+02
2070 -2.80000e+02
2238 -2.79000e+02
2357 -2.78000e+02
2402 -2.77000e+02
2490 -2.76000e+02
2539 -2.75000e+02
2568 -2.74000e+02
2670 -2.73000e+02
2786 -2.72000e+02
2839 -2.71000e+02
2996 -2.70000e+02
3062 -2.69000e+02
3168 -2.68000e+02
3343 -2.67000e+02
3396 -2.66000e+02
3453 -2.65000e+02
3666 -2.64000e+02
3688 -2.63000e+02
3708 -2.62000e+02
3799 -2.61000e+02
3928 -2.60000e+02
4080 -2.59000e+02
4081 -2.58000e+02
4134 -2.57000e+02
4236 -2.56000e+02
4395 -2.55000e+02
4437 -2.54000e+02
4534 -2.53000e+02
4638 -2.52000e+02
4661 -2.51000e+02
4751 -2.50000e+02
4768 -2.49000e+02
4833 -2.48000e+02
4911 -2.47000e+02
4984 -2.46000e+02
5144 -2.44000e+02
5227 -2.43000e+02
5272 -2.42000e+02
5297 -2.41000e+02
5403 -2.40000e+02
5589 -2.39000e+02
5674 -2.38000e+02
5841 -2.37000e+02
5912 -2.36000e+02
6056 -2.35000e+02
6114 -2.34000e+02
6191 -2.33000e+02
6289 -2.32000e+02
6305 -2.31000e+02
6422 -2.29000e+02
6548 -2.28000e+02
6637 -2.27000e+02
6703 -2.26000e+02
6799 -2.25000e+02
6921 -2.24000e+02
7055 -2.23000e+02
7150 -2.22000e+02
7350 -2.21000e+02
7414 -2.20000e+02
7454 -2.19000e+02
7608 -2.18000e+02
7703 -2.17000e+02
7851 -2.16000e+02
7976 -2.14000e+02
8150 -2.13000e+02
8286 -2.12000e+02
8300 -2.11000e+02
8324 -2.10000e+02
8446 -2.09000e+02
8522 -2.08000e+02
8534 -2.07000e+02
8611 -2.06000e+02
8760 -2.05000e+02
8834 -2.04000e+02
8900 -2.02000e+02
8959 -2.01000e+02
9132 -2.00000e+02
9221 -1.99000e+02
9322 -1.98000e+02
9457 -1.97000e+02
9507 -1.96000e+02
9526 -1.95000e+02
9629 -1.94000e+02
9665 -1.93000e+02
9740 -1.92000e+02
9931 -1.91000e+02
9951 -1.91000e+02
"function evaluation" "best-so-far f(x)"
1 -3.03000e+02
16 -3.02000e+02
150 -3.01000e+02
226 -3.00000e+02
287 -2.99000e+02
404 -2.98000e+02
511 -2.97000e+02
626 -2.96000e+02
900 -2.95000e+02
940 -2.94000e+02
1086 -2.93000e+02
1185 -2.92000e+02
1291 -2.91000e+02
1321 -2.90000e+02
1436 -2.89000e+02
1486 -2.88000e+02
1586 -2.87000e+02
1681 -2.86000e+02
1763 -2.84000e+02
1789 -2.83000e+02
1902 -2.82000e+02
1995 -2.81000e+02
2076 -2.80000e+02
2231 -2.79000e+02
2235 -2.78000e+02
2292 -2.77000e+02
2319 -2.76000e+02
2448 -2.75000e+02
2561 -2.74000e+02
2605 -2.73000e+02
2672 -2.72000e+02
2770 -2.71000e+02
2902 -2.70000e+02
2953 -2.69000e+02
3053 -2.68000e+02
3130 -2.67000e+02
3179 -2.66000e+02
3272 -2.65000e+02
3316 -2.64000e+02
3361 -2.63000e+02
3454 -2.62000e+02
3473 -2.61000e+02
3555 -2.60000e+02
3655 -2.59000e+02
3729 -2.58000e+02
3816 -2.57000e+02
3934 -2.56000e+02
4074 -2.55000e+02
4147 -2.54000e+02
4172 -2.53000e+02
4261 -2.52000e+02
4355 -2.51000e+02
4437 -2.50000e+02
4504 -2.49000e+02
4543 -2.48000e+02
4621 -2.47000e+02
4713 -2.46000e+02
4785 -2.45000e+02
4844 -2.44000e+02
4939 -2.43000e+02
5010 -2.42000e+02
5043 -2.41000e+02
5099 -2.40000e+02
5227 -2.39000e+02
5239 -2.38000e+02
5343 -2.37000e+02
5348 -2.36000e+02
5485 -2.35000e+02
5524 -2.34000e+02
5609 -2.33000e+02
5706 -2.32000e+02
5857 -2.31000e+02
5981 -2.30000e+02
6144 -2.29000e+02
6244 -2.28000e+02
6259 -2.27000e+02
6444 -2.26000e+02
6479 -2.25000e+02
6616 -2.24000e+02
6705 -2.23000e+02
6751 -2.21000e+02
6864 -2.20000e+02
7013 -2.19000e+02
7196 -2.17000e+02
7394 -2.16000e+02
7523 -2.15000e+02
7551 -2.14000e+02
7612 -2.13000e+02
7674 -2.12000e+02
7720 -2.11000e+02
7787 -2.10000e+02
7841 -2.09000e+02
7940 -2.08000e+02
7979 -2.07000e+02
8077 -2.06000e+02
8175 -2.05000e+02
8294 -2.04000e+02
8329 -2.03000e+02
8475 -2.02000e+02
8535 -2.01000e+02
8615 -2.00000e+02
8732 -1.99000e+02
8848 -1.98000e+02
8944 -1.96000e+02
9133 -1.95000e+02
9172 -1.94000e+02
9258 -1.93000e+02
9368 -1.92000e+02
9482 -1.91000e+02
9535 -1.90000e+02
9717 -1.89000e+02
9782 -1.88000e+02
9860 -1.87000e+02
9951 -1.87000e+02
"function evaluation" "best-so-far f(x)"
1 -3.03000e+02
14 -3.01000e+02
121 -2.99000e+02
309 -2.98000e+02
373 -2.97000e+02
419 -2.96000e+02
570 -2.95000e+02
699 -2.94000e+02
734 -2.93000e+02
755 -2.92000e+02
834 -2.91000e+02
913 -2.90000e+02
997 -2.88000e+02
1052 -2.87000e+02
1143 -2.86000e+02
1226 -2.85000e+02
1253 -2.84000e+02
1308 -2.83000e+02
1411 -2.82000e+02
1450 -2.81000e+02
1573 -2.80000e+02
1616 -2.79000e+02
1673 -2.78000e+02
1785 -2.77000e+02
1873 -2.76000e+02
1976 -2.74000e+02
2024 -2.73000e+02
2182 -2.72000e+02
2349 -2.71000e+02
2381 -2.70000e+02
2438 -2.69000e+02
2479 -2.68000e+02
2536 -2.67000e+02
2669 -2.66000e+02
2692 -2.65000e+02
2765 -2.64000e+02
2814 -2.63000e+02
2907 -2.62000e+02
2979 -2.61000e+02
3035 -2.60000e+02
3095 -2.59000e+02
3165 -2.58000e+02
3316 -2.57000e+02
3380 -2.56000e+02
3512 -2.55000e+02
3655 -2.54000e+02
3717 -2.53000e+02
3764 -2.52000e+02
3773 -2.51000e+02
3840 -2.50000e+02
3949 -2.49000e+02
4057 -2.48000e+02
4114 -2.47000e+02
4273 -2.46000e+02
4437 -2.45000e+02
4538 -2.44000e+02
4570 -2.43000e+02
4724 -2.42000e+02
4781 -2.41000e+02
4810 -2.40000e+02
4953 -2.39000e+02
5050 -2.38000e+02
5152 -2.37000e+02
5217 -2.36000e+02
5344 -2.35000e+02
5404 -2.34000e+02
5472 -2.33000e+02
5556 -2.32000e+02
5623 -2.31000e+02
5743 -2.30000e+02
5880 -2.29000e+02
6049 -2.28000e+02
6098 -2.27000e+02
6264 -2.26000e+02
6323 -2.25000e+02
6440 -2.24000e+02
6610 -2.23000e+02
6732 -2.22000e+02
6890 -2.21000e+02
6978 -2.20000e+02
7044 -2.19000e+02
7111 -2.18000e+02
7310 -2.17000e+02
7462 -2.16000e+02
7536 -2.15000e+02
7563 -2.14000e+02
7663 -2.13000e+02
7760 -2.12000e+02
7844 -2.11000e+02
7994 -2.10000e+02
8078 -2.09000e+02
8244 -2.08000e+02
8405 -2.07000e+02
8517 -2.06000e+02
8575 -2.05000e+02
8729 -2.04000e+02
8768 -2.03000e+02
8985 -2.02000e+02
9014 -2.01000e+02
9228 -2.00000e+02
9253 -1.99000e+02
9331 -1.98000e+02
9350 -1.97000e+02
9457 -1.96000e+02
9598 -1.95000e+02
9678 -1.94000e+02
9781 -1.93000e+02
9837 -1.92000e+02
9918 -1.91000e+02
9951 -1.91000e+02
"function evaluation" "best-so-far f(x)"
1 -3.03000e+02
20 -3.02000e+02
70 -3.01000e+02
92 -3.00000e+02
132 -2.99000e+02
224 -2.98000e+02
366 -2.97000e+02
446 -2.96000e+02
525 -2.95000e+02
545 -2.94000e+02
653 -2.93000e+02
798 -2.92000e+02
876 -2.91000e+02
936 -2.90000e+02
993 -2.89000e+02
1079 -2.88000e+02
1151 -2.87000e+02
1178 -2.86000e+02
1296 -2.85000e+02
1418 -2.84000e+02
1465 -2.83000e+02
1597 -2.82000e+02
1667 -2.81000e+02
1675 -2.80000e+02
1751 -2.79000e+02
1822 -2.78000e+02
1979 -2.77000e+02
2112 -2.76000e+02
2121 -2.75000e+02
2279 -2.74000e+02
2320 -2.73000e+02
2397 -2.72000e+02
2527 -2.71000e+02
2570 -2.70000e+02
2683 -2.69000e+02
2911 -2.67000e+02
2917 -2.65000e+02
3057 -2.64000e+02
3212 -2.63000e+02
3274 -2.62000e+02
3300 -2.61000e+02
3429 -2.60000e+02
3494 -2.59000e+02
3525 -2.58000e+02
3612 -2.57000e+02
3641 -2.56000e+02
3694 -2.55000e+02
3797 -2.54000e+02
3874 -2.53000e+02
3959 -2.52000e+02
4036 -2.51000e+02
4229 -2.49000e+02
4402 -2.48000e+02
4623 -2.47000e+02
4642 -2.46000e+02
4786 -2.45000e+02
4944 -2.44000e+02
5050 -2.43000e+02
5158 -2.42000e+02
5213 -2.41000e+02
5260 -2.40000e+02
5277 -2.39000e+02
5524 -2.38000e+02
5574 -2.37000e+02
5616 -2.36000e+02
5679 -2.35000e+02
5806 -2.34000e+02
5901 -2.33000e+02
5990 -2.32000e+02
6083 -2.31000e+02
6182 -2.30000e+02
6360 -2.29000e+02
6469 -2.28000e+02
6554 -2.27000e+02
6587 -2.26000e+02
6653 -2.25000e+02
6664 -2.24000e+02
6821 -2.23000e+02
6913 -2.22000e+02
6953 -2.21000e+02
7068 -2.20000e+02
7262 -2.19000e+02
7371 -2.18000e+02
7508 -2.17000e+02
7641 -2.16000e+02
7642 -2.15000e+02
7794 -2.14000e+02
7917 -2.13000e+02
7973 -2.12000e+02
8093 -2.11000e+02
8280 -2.10000e+02
8420 -2.09000e+02
8571 -2.08000e+02
8574 -2.07000e+02
8717 -2.06000e+02
8752 -2.05000e+02
8892 -2.04000e+02
9009 -2.03000e+02
9079 -2.02000e+02
9137 -2.01000e+02
9176 -2.00000e+02
9184 -1.99000e+02
9189 -1.98000e+02
9373 -1.97000e+02
9524 -1.96000e+02
9643 -1.95000e+02
9735 -1.94000e+02
9794 -1.93000e+02
9857 -1.92000e+02
9951 -1.92000e+02
"function evaluation" "best-so-far f(x)"
1 -3.03000e+02
79 -3.01000e+02
160 -3.00000e+02
182 -2.99000e+02
289 -2.98000e+02
374 -2.97000e+02
454 -2.96000e+02
533 -2.95000e+02
622 -2.94000e+02
696 -2.93000e+02
804 -2.92000e+02
905 -2.90000e+02
1043 -2.89000e+02
1110 -2.88000e+02
1136 -2.87000e+02
1247 -2.86000e+02
1396 -2.85000e+02
1462 -2.84000e+02
1534 -2.83000e+02
1653 -2.82000e+02
1685 -2.81000e+02
1692 -2.80000e+02
1950 -2.79000e+02
2049 -2.78000e+02
2059 -2.77000e+02
2146 -2.76000e+02
2289 -2.75000e+02
2441 -2.74000e+02
2495 -2.73000e+02
2505 -2.72000e+02
2588 -2.71000e+02
2669 -2.70000e+02
2719 -2.69000e+02
2917 -2.68000e+02
2990 -2.67000e+02
3049 -2.66000e+02
3128 -2.65000e+02
3211 -2.64000e+02
3357 -2.63000e+02
3426 -2.62000e+02
3505 -2.61000e+02
3678 -2.60000e+02
3729 -2.59000e+02
3781 -2.58000e+02
3793 -2.57000e+02
3943 -2.55000e+02
4067 -2.54000e+02
4106 -2.53000e+02
4198 -2.52000e+02
4313 -2.51000e+02
4354 -2.50000e+02
4493 -2.49000e+02
4578 -2.48000e+02
4689 -2.47000e+02
4808 -2.46000e+02
4881 -2.45000e+02
4973 -2.44000e+02
5067 -2.43000e+02
5189 -2.42000e+02
5327 -2.41000e+02
5393 -2.40000e+02
5526 -2.39000e+02
5671 -2.38000e+02
5800 -2.37000e+02
5866 -2.36000e+02
6030 -2.35000e+02
6060 -2.34000e+02
6200 -2.33000e+02
6337 -2.32000e+02
6437 -2.31000e+02
6477 -2.30000e+02
6557 -2.29000e+02
6622 -2.28000e+02
6705 -2.27000e+02
6735 -2.26000e+02
6950 -2.25000e+02
7081 -2.24000e+02
7094 -2.23000e+02
7246 -2.22000e+02
7360 -2.21000e+02
7507 -2.20000e+02
7544 -2.19000e+02
7632 -2.18000e+02
7691 -2.17000e+02
7789 -2.16000e+02
7894 -2.15000e+02
7931 -2.14000e+02
7987 -2.13000e+02
8138 -2.12000e+02
8230 -2.11000e+02
8246 -2.10000e+02
8294 -2.09000e+02
8424 -2.08000e+02
8495 -2.07000e+02
8567 -2.06000e+02
8745 -2.05000e+02
8900 -2.04000e+02
8979 -2.03000e+02
9026 -2.02000e+02
9230 -2.01000e+02
9313 -2.00000e+02
9407 -1.99000e+02
9454 -1.98000e+02
9563 -1.97000e+02
9609 -1.96000e+02
9726 -1.95000e+02
9928 -1.94000e+02
9951 -1.94000e+02
"function evaluation" "best-so-far f(x)"
1 -3.03000e+02
30 -3.02000e+02
152 -3.01000e+02
200 -3.00000e+02
290 -2.99000e+02
405 -2.98000e+02
409 -2.97000e+02
583 -2.96000e+02
658 -2.95000e+02
691 -2.94000e+02
881 -2.93000e+02
900 -2.92000e+02
951 -2.91000e+02
1032 -2.89000e+02
1086 -2.88000e+02
1159 -2.87000e+02
1241 -2.86000e+02
1367 -2.85000e+02
1450 -2.84000e+02
1525 -2.83000e+02
1546 -2.82000e+02
1651 -2.81000e+02
1726 -2.80000e+02
1794 -2.79000e+02
1864 -2.78000e+02
1943 -2.77000e+02
1958 -2.76000e+02
2077 -2.75000e+02
2207 -2.73000e+02
2299 -2.72000e+02
2313 -2.71000e+02
2447 -2.70000e+02
2494 -2.69000e+02
2585 -2.68000e+02
2685 -2.67000e+02
2804 -2.66000e+02
2837 -2.64000e+02
2887 -2.63000e+02
2995 -2.62000e+02
3144 -2.61000e+02
3210 -2.60000e+02
3301 -2.59000e+02
3456 -2.57000e+02
3573 -2.56000e+02
3653 -2.55000e+02
3780 -2.54000e+02
3983 -2.53000e+02
4113 -2.52000e+02
4237 -2.51000e+02
4305 -2.50000e+02
4393 -2.49000e+02
4515 -2.47000e+02
4615 -2.46000e+02
4675 -2.45000e+02
4758 -2.44000e+02
4768 -2.43000e+02
4832 -2.42000e+02
4855 -2.41000e+02
4870 -2.40000e+02
5089 -2.39000e+02
5198 -2.38000e+02
5356 -2.37000e+02
5450 -2.36000e+02
5559 -2.35000e+02
5699 -2.34000e+02
5718 -2.33000e+02
5831 -2.32000e+02
5884 -2.31000e+02
5944 -2.30000e+02
6153 -2.29000e+02
6298 -2.28000e+02
6374 -2.27000e+02
6434 -2.26000e+02
6515 -2.25000e+02
6584 -2.24000e+02
6585 -2.23000e+02
6730 -2.22000e+02
6759 -2.21000e+02
6807 -2.20000e+02
6943 -2.19000e+02
7059 -2.18000e+02
7200 -2.17000e+02
7208 -2.16000e+02
7234 -2.15000e+02
7358 -2.14000e+02
7579 -2.13000e+02
7627 -2.12000e+02
7882 -2.11000e+02
7973 -2.10000e+02
7977 -2.09000e+02
8022 -2.08000e+02
8030 -2.07000e+02
8099 -2.06000e+02
8151 -2.04000e+02
8234 -2.03000e+02
8391 -2.02000e+02
8392 -2.01000e+02
8556 -1.99000e+02
8596 -1.98000e+02
8731 -1.97000e+02
8840 -1.96000e+02
8974 -1.95000e+02
9067 -1.94000e+02
9150 -1.93000e+02
9433 -1.92000e+02
9530 -1.91000e+02
9633 -1.90000e+02
9725 -1.89000e+02
9833 -1.88000e+02
9898 -1.87000e+02
9951 -1.87000e+02
"function evaluation" "best-so-far f(x)"
1 -3.03000e+02
80 -3.01000e+02
259 -3.00000e+02
284 -2.99000e+02
321 -2.98000e+02
456 -2.97000e+02
600 -2.96000e+02
633 -2.95000e+02
762 -2.94000e+02
781 -2.93000e+02
944 -2.92000e+02
1039 -2.91000e+02
1208 -2.89000e+02
1345 -2.88000e+02
1404 -2.86000e+02
1436 -2.85000e+02
1454 -2.84000e+02
1501 -2.83000e+02
1638 -2.82000e+02
1648 -2.81000e+02
1751 -2.80000e+02
1930 -2.79000e+02
2006 -2.78000e+02
2092 -2.77000e+02
2202 -2.76000e+02
2266 -2.75000e+02
2285 -2.74000e+02
2329 -2.73000e+02
2345 -2.71000e+02
2493 -2.70000e+02
2559 -2.69000e+02
2707 -2.68000e+02
2794 -2.67000e+02
2861 -2.66000e+02
2882 -2.65000e+02
3076 -2.64000e+02
3193 -2.62000e+02
3293 -2.61000e+02
3404 -2.60000e+02
3445 -2.59000e+02
3454 -2.58000e+02
3540 -2.57000e+02
3567 -2.56000e+02
3714 -2.55000e+02
3799 -2.54000e+02
3881 -2.53000e+02
3971 -2.52000e+02
4015 -2.51000e+02
4107 -2.50000e+02
4149 -2.49000e+02
4197 -2.48000e+02
4284 -2.47000e+02
4344 -2.44000e+02
4373 -2.43000e+02
4477 -2.42000e+02
4565 -2.41000e+02
4606 -2.40000e+02
4659 -2.39000e+02
4717 -2.38000e+02
4761 -2.36000e+02
4797 -2.35000e+02
4916 -2.34000e+02
5022 -2.33000e+02
5043 -2.32000e+02
5122 -2.31000e+02
5215 -2.30000e+02
5287 -2.29000e+02
5397 -2.28000e+02
5476 -2.27000e+02
5520 -2.26000e+02
5666 -2.25000e+02
5714 -2.24000e+02
5887 -2.23000e+02
5957 -2.22000e+02
5984 -2.21000e+02
6147 -2.20000e+02
6214 -2.19000e+02
6373 -2.17000e+02
6435 -2.16000e+02
6549 -2.15000e+02
6666 -2.13000e+02
6792 -2.12000e+02
6892 -2.11000e+02
7037 -2.10000e+02
7183 -2.09000e+02
7299 -2.08000e+02
7403 -2.07000e+02
7473 -2.06000e+02
7529 -2.05000e+02
7624 -2.04000e+02
7741 -2.03000e+02
7911 -2.02000e+02
7966 -2.01000e+02
8068 -2.00000e+02
8166 -1.99000e+02
8249 -1.98000e+02
8322 -1.97000e+02
8492 -1.96000e+02
8592 -1.95000e+02
8826 -1.94000e+02
8857 -1.93000e+02
8970 -1.92000e+02
9078 -1.91000e+02
9191 -1.90000e+02
9258 -1.89000e+02
9382 -1.88000e+02
9419 -1.87000e+02
9449 -1.86000e+02
9598 -1.85000e+02
9782 -1.84000e+02
9874 -1.83000e+02
9930 -1.82000e+02
9951 -1.82000e+02
"function evaluation" "best-so-far f(x)"
1 -3.03000e+02
21 -3.02000e+02
81 -3.01000e+02
185 -3.00000e+02
196 -2.99000e+02
274 -2.98000e+02
364 -2.97000e+02
427 -2.96000e+02
439 -2.95000e+02
577 -2.94000e+02
639 -2.93000e+02
720 -2.92000e+02
792 -2.91000e+02
987 -2.90000e+02
1213 -2.89000e+02
1246 -2.88000e+02
1340 -2.87000e+02
1369 -2.86000e+02
1512 -2.85000e+02
1584 -2.84000e+02
1668 -2.83000e+02
1828 -2.82000e+02
1867 -2.81000e+02
1914 -2.80000e+02
1918 -2.79000e+02
1987 -2.78000e+02
2072 -2.77000e+02
2120 -2.76000e+02
2133 -2.75000e+02
2137 -2.74000e+02
2270 -2.73000e+02
2328 -2.72000e+02
2412 -2.71000e+02
2489 -2.70000e+02
2598 -2.69000e+02
2707 -2.68000e+02
2812 -2.67000e+02
2891 -2.66000e+02
2996 -2.65000e+02
3150 -2.64000e+02
3241 -2.63000e+02
3301 -2.62000e+02
3365 -2.61000e+02
3475 -2.60000e+02
3516 -2.59000e+02
3533 -2.58000e+02
3624 -2.57000e+02
3643 -2.56000e+02
3781 -2.55000e+02
3863 -2.54000e+02
3946 -2.53000e+02
4091 -2.52000e+02
4094 -2.50000e+02
4217 -2.49000e+02
4250 -2.48000e+02
4362 -2.47000e+02
4483 -2.46000e+02
4582 -2.45000e+02
4629 -2.44000e+02
4776 -2.43000e+02
4879 -2.42000e+02
4944 -2.41000e+02
5012 -2.40000e+02
5076 -2.39000e+02
5150 -2.38000e+02
5182 -2.37000e+02
5225 -2.36000e+02
5389 -2.35000e+02
5554 -2.34000e+02
5604 -2.33000e+02
5741 -2.32000e+02
5882 -2.31000e+02
5908 -2.30000e+02
5979 -2.29000e+02
5998 -2.28000e+02
6098 -2.27000e+02
6190 -2.26000e+02
6280 -2.25000e+02
6354 -2.24000e+02
6406 -2.23000e+02
6427 -2.22000e+02
6573 -2.21000e+02
6721 -2.20000e+02
6803 -2.19000e+02
6822 -2.18000e+02
6848 -2.17000e+02
6910 -2.16000e+02
6998 -2.15000e+02
7027 -2.14000e+02
7143 -2.13000e+02
7187 -2.12000e+02
7370 -2.11000e+02
7426 -2.10000e+02
7505 -2.08000e+02
7531 -2.07000e+02
7638 -2.05000e+02
7746 -2.04000e+02
7823 -2.03000e+02
8062 -2.02000e+02
8177 -2.01000e+02
8250 -2.00000e+02
8388 -1.99000e+02
8481 -1.98000e+02
8564 -1.97000e+02
8588 -1.96000e+02
8647 -1.95000e+02
8834 -1.94000e+02
8989 -1.93000e+02
9129 -1.92000e+02
9275 -1.91000e+02
9363 -1.90000e+02
9470 -1.89000e+02
9601 -1.88000e+02
9668 -1.87000e+02
9763 -1.86000e+02
9846 -1.85000e+02
9951 -1.85000e+02
"function evaluation" "best-so-far f(x)"
1 -3.03000e+02
30 -3.02000e+02
177 -3.01000e+02
214 -3.00000e+02
286 -2.99000e+02
474 -2.98000e+02
583 -2.97000e+02
648 -2.95000e+02
755 -2.94000e+02
866 -2.92000e+02
993 -2.91000e+02
1164 -2.90000e+02
1166 -2.89000e+02
1231 -2.88000e+02
1381 -2.87000e+02
1497 -2.86000e+02
1684 -2.85000e+02
1731 -2.84000e+02
1808 -2.83000e+02
1912 -2.82000e+02
1939 -2.81000e+02
2018 -2.80000e+02
2078 -2.79000e+02
2170 -2.78000e+02
2279 -2.77000e+02
2365 -2.75000e+02
2448 -2.74000e+02
2452 -2.73000e+02
2459 -2.72000e+02
2513 -2.71000e+02
2572 -2.70000e+02
2619 -2.69000e+02
2703 -2.68000e+02
2755 -2.67000e+02
2807 -2.66000e+02
2890 -2.64000e+02
2970 -2.63000e+02
3085 -2.62000e+02
3096 -2.61000e+02
3133 -2.60000e+02
3163 -2.59000e+02
3244 -2.58000e+02
3305 -2.57000e+02
3374 -2.56000e+02
3415 -2.55000e+02
3496 -2.54000e+02
3679 -2.53000e+02
3763 -2.52000e+02
3888 -2.51000e+02
3918 -2.50000e+02
4014 -2.49000e+02
4062 -2.45000e+02
4085 -2.44000e+02
4238 -2.42000e+02
4389 -2.41000e+02
4472 -2.40000e+02
4514 -2.39000e+02
4594 -2.38000e+02
4693 -2.37000e+02
4866 -2.36000e+02
4932 -2.35000e+02
5039 -2.34000e+02
5067 -2.33000e+02
5148 -2.32000e+02
5198 -2.31000e+02
5306 -2.30000e+02
5380 -2.29000e+02
5515 -2.28000e+02
5535 -2.27000e+02
5617 -2.26000e+02
5747 -2.25000e+02
5801 -2.24000e+02
5963 -2.23000e+02
6062 -2.22000e+02
6176 -2.21000e+02
6257 -2.20000e+02
6326 -2.19000e+02
6559 -2.18000e+02
6717 -2.17000e+02
6912 -2.15000e+02
7000 -2.14000e+02
7045 -2.13000e+02
7127 -2.12000e+02
7210 -2.11000e+02
7307 -2.10000e+02
7406 -2.09000e+02
7438 -2.08000e+02
7462 -2.07000e+02
7603 -2.06000e+02
7674 -2.05000e+02
7784 -2.04000e+02
7855 -2.03000e+02
7980 -2.02000e+02
8025 -2.01000e+02
8106 -2.00000e+02
8134 -1.99000e+02
8281 -1.98000e+02
8464 -1.97000e+02
8610 -1.96000e+02
8639 -1.95000e+02
8734 -1.94000e+02
8807 -1.93000e+02
8900 -1.92000e+02
9052 -1.91000e+02
9144 -1.90000e+02
9226 -1.89000e+02
9288 -1.88000e+02
9371 -1.87000e+02
9417 -1.86000e+02
9503 -1.84000e+02
9633 -1.83000e+02
9735 -1.82000e+02
9907 -1.81000e+02
9920 -1.80000e+02
9951 -1.80000e+02
"function evaluation" "best-so-far f(x)"
1 -3.03000e+02
62 -3.02000e+02
143 -3.01000e+02
379 -3.00000e+02
430 -2.99000e+02
559 -2.98000e+02
612 -2.97000e+02
657 -2.96000e+02
662 -2.95000e+02
836 -2.94000e+02
888 -2.93000e+02
915 -2.92000e+02
979 -2.91000e+02
992 -2.90000e+02
1065 -2.89000e+02
1120 -2.88000e+02
1205 -2.87000e+02
1317 -2.86000e+02
1452 -2.85000e+02
1617 -2.84000e+02
1704 -2.83000e+02
1835 -2.82000e+02
1887 -2.81000e+02
2005 -2.80000e+02
2083 -2.79000e+02
2113 -2.78000e+02
2187 -2.77000e+02
2256 -2.76000e+02
2417 -2.75000e+02
2550 -2.74000e+02
2615 -2.73000e+02
2661 -2.72000e+02
2828 -2.71000e+02
2838 -2.70000e+02
2984 -2.69000e+02
3082 -2.68000e+02
3145 -2.67000e+02
3236 -2.66000e+02
3333 -2.65000e+02
3343 -2.64000e+02
3456 -2.63000e+02
3525 -2.62000e+02
3757 -2.60000e+02
3940 -2.59000e+02
4049 -2.58000e+02
4083 -2.57000e+02
4150 -2.56000e+02
4339 -2.55000e+02
4382 -2.54000e+02
4448 -2.53000e+02
4564 -2.52000e+02
4691 -2.51000e+02
4801 -2.50000e+02
4871 -2.49000e+02
4968 -2.48000e+02
5001 -2.47000e+02
5039 -2.46000e+02
5158 -2.45000e+02
5169 -2.44000e+02
5224 -2.43000e+02
5306 -2.42000e+02
5339 -2.41000e+02
5365 -2.40000e+02
5453 -2.39000e+02
5566 -2.38000e+02
5630 -2.37000e+02
5681 -2.36000e+02
5754 -2.35000e+02
5828 -2.34000e+02
5983 -2.33000e+02
6003 -2.32000e+02
6017 -2.30000e+02
6119 -2.29000e+02
6286 -2.28000e+02
6287 -2.27000e+02
6318 -2.26000e+02
6507 -2.25000e+02
6581 -2.24000e+02
6593 -2.23000e+02
6715 -2.22000e+02
6805 -2.21000e+02
6898 -2.20000e+02
7037 -2.18000e+02
7128 -2.17000e+02
7149 -2.16000e+02
7262 -2.15000e+02
7365 -2.14000e+02
7484 -2.13000e+02
7545 -2.12000e+02
7571 -2.11000e+02
7612 -2.10000e+02
7635 -2.09000e+02
7756 -2.08000e+02
7909 -2.07000e+02
7957 -2.06000e+02
8090 -2.05000e+02
8200 -2.04000e+02
8254 -2.03000e+02
8261 -2.02000e+02
8458 -2.01000e+02
8515 -2.00000e+02
8565 -1.99000e+02
8715 -1.98000e+02
8830 -1.97000e+02
8946 -1.96000e+02
9151 -1.95000e+02
9257 -1.94000e+02
9350 -1.93000e+02
9562 -1.92000e+02
9593 -1.91000e+02
9594 -1.90000e+02
9715 -1.89000e+02
9801 -1.88000e+02
9838 -1.87000e+02
9951 -1.87000e+02
"function evaluation" "best-so-far f(x)"
1 -3.03000e+02
28 -3.02000e+02
35 -3.01000e+02
196 -3.00000e+02
213 -2.99000e+02
219 -2.98000e+02
312 -2.97000e+02
380 -2.95000e+02
566 -2.94000e+02
617 -2.93000e+02
643 -2.92000e+02
896 -2.91000e+02
988 -2.90000e+02
1046 -2.89000e+02
1059 -2.88000e+02
1156 -2.87000e+02
1265 -2.86000e+02
1311 -2.85000e+02
1439 -2.84000e+02
1555 -2.83000e+02
1632 -2.82000e+02
1697 -2.81000e+02
1812 -2.80000e+02
1877 -2.79000e+02
2040 -2.78000e+02
2099 -2.77000e+02
2149 -2.76000e+02
2242 -2.75000e+02
2306 -2.74000e+02
2436 -2.73000e+02
2452 -2.72000e+02
2521 -2.71000e+02
2572 -2.70000e+02
2636 -2.68000e+02
2788 -2.67000e+02
2928 -2.66000e+02
3043 -2.65000e+02
3045 -2.64000e+02
3179 -2.63000e+02
3325 -2.62000e+02
3334 -2.61000e+02
3471 -2.60000e+02
3540 -2.59000e+02
3632 -2.57000e+02
3648 -2.56000e+02
3822 -2.55000e+02
3900 -2.54000e+02
3977 -2.53000e+02
4177 -2.52000e+02
4268 -2.51000e+02
4320 -2.50000e+02
4407 -2.49000e+02
4513 -2.48000e+02
4640 -2.47000e+02
4655 -2.46000e+02
4732 -2.45000e+02
4848 -2.44000e+02
4887 -2.43000e+02
4915 -2.42000e+02
5006 -2.41000e+02
5027 -2.40000e+02
5117 -2.38000e+02
5298 -2.37000e+02
5325 -2.36000e+02
5342 -2.35000e+02
5627 -2.34000e+02
5736 -2.33000e+02
5829 -2.32000e+02
5882 -2.31000e+02
6058 -2.30000e+02
6191 -2.29000e+02
6306 -2.28000e+02
6366 -2.27000e+02
6540 -2.26000e+02
6678 -2.25000e+02
6775 -2.24000e+02
7005 -2.23000e+02
7145 -2.22000e+02
7202 -2.21000e+02
7223 -2.20000e+02
7270 -2.19000e+02
7516 -2.18000e+02
7577 -2.17000e+02
7648 -2.15000e+02
7734 -2.14000e+02
7758 -2.13000e+02
7822 -2.12000e+02
7924 -2.11000e+02
8052 -2.10000e+02
8193 -2.09000e+02
8360 -2.08000e+02
8420 -2.07000e+02
8618 -2.06000e+02
8796 -2.05000e+02
8966 -2.04000e+02
9108 -2.02000e+02
9213 -2.01000e+02
9301 -2.00000e+02
9470 -1.99000e+02
9508 -1.98000e+02
9598 -1.97000e+02
9706 -1.96000e+02
9766 -1.95000e+02
9839 -1.94000e+02
9940 -1.93000e+02
9950 -1.92000e+02
9951 -1.92000e+02
"function evaluation" "best-so-far f(x)"
1 -3.03000e+02
26 -3.02000e+02
173 -3.01000e+02
201 -3.00000e+02
327 -2.99000e+02
384 -2.98000e+02
566 -2.97000e+02
656 -2.96000e+02
727 -2.95000e+02
847 -2.94000e+02
949 -2.93000e+02
977 -2.92000e+02
1065 -2.91000e+02
1189 -2.90000e+02
1259 -2.88000e+02
1360 -2.87000e+02
1419 -2.85000e+02
1542 -2.84000e+02
1555 -2.83000e+02
1696 -2.82000e+02
1777 -2.81000e+02
1862 -2.80000e+02
1910 -2.79000e+02
2022 -2.78000e+02
2070 -2.77000e+02
2126 -2.76000e+02
2177 -2.75000e+02
2206 -2.74000e+02
2314 -2.73000e+02
2384 -2.72000e+02
2424 -2.71000e+02
2459 -2.70000e+02
2501 -2.69000e+02
2570 -2.68000e+02
2716 -2.66000e+02
2821 -2.65000e+02
2937 -2.64000e+02
3003 -2.63000e+02
3097 -2.62000e+02
3212 -2.61000e+02
3295 -2.60000e+02
3392 -2.59000e+02
3467 -2.58000e+02
3646 -2.57000e+02
3831 -2.56000e+02
3915 -2.55000e+02
4019 -2.54000e+02
4078 -2.52000e+02
4198 -2.51000e+02
4205 -2.50000e+02
4274 -2.49000e+02
4321 -2.48000e+02
4532 -2.47000e+02
4603 -2.46000e+02
4719 -2.45000e+02
4847 -2.44000e+02
4940 -2.43000e+02
5011 -2.42000e+02
5038 -2.40000e+02
5090 -2.39000e+02
5228 -2.38000e+02
5337 -2.37000e+02
5403 -2.36000e+02
5428 -2.35000e+02
5507 -2.34000e+02
5713 -2.33000e+02
5829 -2.32000e+02
5950 -2.31000e+02
6074 -2.30000e+02
6197 -2.29000e+02
6245 -2.28000e+02
6293 -2.27000e+02
6466 -2.26000e+02
6552 -2.25000e+02
6629 -2.24000e+02
6761 -2.23000e+02
6885 -2.22000e+02
6962 -2.21000e+02
7060 -2.20000e+02
7182 -2.19000e+02
7289 -2.18000e+02
7554 -2.17000e+02
7783 -2.16000e+02
7836 -2.15000e+02
7996 -2.14000e+02
8101 -2.13000e+02
8143 -2.12000e+02
8259 -2.11000e+02
8327 -2.10000e+02
8334 -2.09000e+02
8428 -2.08000e+02
8583 -2.07000e+02
8644 -2.06000e+02
8709 -2.05000e+02
8789 -2.04000e+02
8922 -2.03000e+02
9018 -2.01000e+02
9095 -2.00000e+02
9132 -1.99000e+02
9287 -1.98000e+02
9414 -1.97000e+02
9506 -1.95000e+02
9787 -1.94000e+02
9856 -1.93000e+02
9915 -1.92000e+02
9951 -1.92000e+02
"function evaluation" "best-so-far f(x)"
1 -3.03000e+02
59 -3.02000e+02
83 -3.01000e+02
203 -3.00000e+02
211 -2.99000e+02
290 -2.98000e+02
424 -2.97000e+02
592 -2.96000e+02
643 -2.95000e+02
795 -2.94000e+02
913 -2.93000e+02
928 -2.92000e+02
1019 -2.91000e+02
1058 -2.90000e+02
1076 -2.89000e+02
1190 -2.88000e+02
1251 -2.87000e+02
1399 -2.86000e+02
1547 -2.85000e+02
1657 -2.83000e+02
1746 -2.82000e+02
1814 -2.81000e+02
1847 -2.80000e+02
1954 -2.79000e+02
2083 -2.78000e+02
2116 -2.77000e+02
2222 -2.76000e+02
2365 -2.75000e+02
2500 -2.74000e+02
2605 -2.73000e+02
2683 -2.72000e+02
2845 -2.71000e+02
2913 -2.70000e+02
3047 -2.69000e+02
3102 -2.68000e+02
3113 -2.67000e+02
3200 -2.66000e+02
3239 -2.65000e+02
3357 -2.64000e+02
3431 -2.63000e+02
3610 -2.62000e+02
3635 -2.61000e+02
3766 -2.60000e+02
3769 -2.59000e+02
3830 -2.58000e+02
3923 -2.57000e+02
4051 -2.56000e+02
4175 -2.55000e+02
4278 -2.54000e+02
4367 -2.53000e+02
4368 -2.52000e+02
4442 -2.51000e+02
4569 -2.50000e+02
4693 -2.49000e+02
4778 -2.48000e+02
4816 -2.47000e+02
5011 -2.46000e+02
5064 -2.45000e+02
5189 -2.44000e+02
5273 -2.43000e+02
5303 -2.42000e+02
5395 -2.41000e+02
5516 -2.40000e+02
5634 -2.39000e+02
5709 -2.38000e+02
5822 -2.37000e+02
5859 -2.36000e+02
5966 -2.35000e+02
6051 -2.34000e+02
6253 -2.33000e+02
6290 -2.32000e+02
6368 -2.31000e+02
6408 -2.30000e+02
6420 -2.29000e+02
6766 -2.28000e+02
6875 -2.27000e+02
7086 -2.26000e+02
7166 -2.25000e+02
7335 -2.24000e+02
7471 -2.23000e+02
7594 -2.22000e+02
7604 -2.21000e+02
7801 -2.20000e+02
7879 -2.19000e+02
7922 -2.18000e+02
8012 -2.17000e+02
8074 -2.16000e+02
8282 -2.15000e+02
8444 -2.14000e+02
8550 -2.13000e+02
8657 -2.12000e+02
8704 -2.11000e+02
8830 -2.10000e+02
8965 -2.09000e+02
9097 -2.08000e+02
9205 -2.07000e+02
9226 -2.06000e+02
9316 -2.05000e+02
9471 -2.04000e+02
9616 -2.03000e+02
9731 -2.02000e+02
9844 -2.01000e+02
9940 -2.00000e+02
9951 -2.00000e+02
"function evaluation" "best-so-far f(x)"
1 -3.03000e+02
21 -3.02000e+02
114 -3.01000e+02
309 -3.00000e+02
393 -2.99000e+02
482 -2.98000e+02
619 -2.97000e+02
678 -2.96000e+02
756 -2.95000e+02
944 -2.94000e+02
950 -2.93000e+02
1035 -2.92000e+02
1078 -2.91000e+02
1091 -2.90000e+02
1101 -2.89000e+02
1226 -2.88000e+02
1319 -2.87000e+02
1365 -2.86000e+02
1522 -2.85000e+02
1607 -2.84000e+02
1725 -2.83000e+02
1834 -2.82000e+02
1874 -2.81000e+02
1891 -2.80000e+02
2017 -2.79000e+02
2143 -2.78000e+02
2241 -2.77000e+02
2368 -2.76000e+02
2372 -2.75000e+02
2435 -2.74000e+02
2521 -2.73000e+02
2589 -2.72000e+02
2664 -2.71000e+02
2695 -2.70000e+02
2756 -2.69000e+02
2877 -2.68000e+02
2948 -2.67000e+02
2965 -2.66000e+02
3020 -2.65000e+02
3154 -2.64000e+02
3295 -2.63000e+02
3306 -2.62000e+02
3426 -2.61000e+02
3526 -2.60000e+02
3570 -2.59000e+02
3642 -2.58000e+02
3705 -2.57000e+02
3794 -2.56000e+02
3940 -2.55000e+02
4053 -2.54000e+02
4097 -2.53000e+02
4246 -2.52000e+02
4260 -2.51000e+02
4437 -2.50000e+02
4533 -2.49000e+02
4639 -2.48000e+02
4774 -2.47000e+02
4869 -2.46000e+02
4936 -2.45000e+02
5048 -2.44000e+02
5089 -2.43000e+02
5203 -2.42000e+02
5229 -2.41000e+02
5438 -2.40000e+02
5602 -2.39000e+02
5612 -2.38000e+02
5754 -2.37000e+02
5830 -2.36000e+02
5946 -2.35000e+02
6049 -2.34000e+02
6206 -2.33000e+02
6301 -2.32000e+02
6358 -2.31000e+02
6494 -2.30000e+02
6679 -2.29000e+02
6709 -2.28000e+02
6749 -2.27000e+02
6822 -2.26000e+02
6958 -2.25000e+02
7025 -2.24000e+02
7170 -2.23000e+02
7192 -2.22000e+02
7259 -2.21000e+02
7285 -2.20000e+02
7398 -2.19000e+02
7494 -2.18000e+02
7607 -2.17000e+02
7677 -2.16000e+02
7865 -2.15000e+02
7929 -2.14000e+02
8003 -2.12000e+02
8096 -2.11000e+02
8134 -2.10000e+02
8226 -2.09000e+02
8315 -2.08000e+02
8405 -2.07000e+02
8641 -2.06000e+02
8656 -2.05000e+02
8705 -2.04000e+02
8779 -2.03000e+02
8990 -2.02000e+02
9080 -2.01000e+02
9091 -2.00000e+02
9151 -1.99000e+02
9240 -1.98000e+02
9313 -1.97000e+02
9370 -1.96000e+02
9475 -1.95000e+02
9588 -1.94000e+02
9757 -1.93000e+02
9866 -1.92000e+02
9884 -1.91000e+02
9925 -1.90000e+02
9951 -1.90000e+02
