"function evaluation" "best-so-far f(x)"
1 -3.03000e+02
21 -3.02000e+02
62 -3.01000e+02
134 -3.00000e+02
160 -2.99000e+02
190 -2.98000e+02
217 -2.97000e+02
386 -2.95000e+02
426 -2.94000e+02
546 -2.93000e+02
645 -2.92000e+02
692 -2.91000e+02
730 -2.90000e+02
741 -2.89000e+02
964 -2.88000e+02
1047 -2.87000e+02
1129 -2.86000e+02
1247 -2.85000e+02
1288 -2.84000e+02
1406 -2.83000e+02
1511 -2.82000e+02
1569 -2.81000e+02
1683 -2.80000e+02
1798 -2.79000e+02
1912 -2.78000e+02
1962 -2.77000e+02
2101 -2.76000e+02
2275 -2.75000e+02
2346 -2.74000e+02
2499 -2.73000e+02
2586 -2.72000e+02
2710 -2.70000e+02
2843 -2.69000e+02
3045 -2.68000e+02
3145 -2.66000e+02
3245 -2.65000e+02
3360 -2.64000e+02
3454 -2.63000e+02
3556 -2.62000e+02
3743 -2.61000e+02
3883 -2.60000e+02
3917 -2.59000e+02
4111 -2.58000e+02
4232 -2.57000e+02
4239 -2.56000e+02
4362 -2.55000e+02
4436 -2.54000e+02
4572 -2.53000e+02
4763 -2.52000e+02
4816 -2.51000e+02
4856 -2.50000e+02
4986 -2.49000e+02
5005 -2.48000e+02
5021 -2.47000e+02
5124 -2.46000e+02
5285 -2.45000e+02
5359 -2.44000e+02
5485 -2.43000e+02
5501 -2.42000e+02
5679 -2.41000e+02
5771 -2.40000e+02
5795 -2.39000e+02
5899 -2.38000e+02
6289 -2.37000e+02
6451 -2.36000e+02
6506 -2.35000e+02
6643 -2.34000e+02
6654 -2.33000e+02
6909 -2.32000e+02
6986 -2.31000e+02
7134 -2.30000e+02
7261 -2.29000e+02
7383 -2.28000e+02
7435 -2.27000e+02
7443 -2.26000e+02
7509 -2.25000e+02
7530 -2.24000e+02
7733 -2.23000e+02
7851 -2.22000e+02
7959 -2.21000e+02
8111 -2.20000e+02
8250 -2.19000e+02
8308 -2.18000e+02
8320 -2.17000e+02
8410 -2.16000e+02
8516 -2.15000e+02
8803 -2.14000e+02
8900 -2.13000e+02
9112 -2.12000e+02
9348 -2.11000e+02
9424 -2.10000e+02
9506 -2.09000e+02
9560 -2.08000e+02
9759 -2.07000e+02
9817 -2.06000e+02
9951 -2.06000e+02
"function evaluation" "best-so-far f(x)"
1 -3.03000e+02
3 -3.02000e+02
71 -3.01000e+02
119 -3.00000e+02
277 -2.99000e+02
659 -2.98000e+02
767 -2.96000e+02
838 -2.95000e+02
885 -2.94000e+02
888 -2.93000e+02
961 -2.92000e+02
966 -2.91000e+02
1185 -2.90000e+02
1276 -2.89000e+02
1338 -2.88000e+02
1470 -2.87000e+02
1530 -2.86000e+02
1635 -2.85000e+02
1713 -2.84000e+02
1811 -2.83000e+02
1886 -2.82000e+02
2004 -2.81000e+02
2022 -2.80000e+02
2169 -2.79000e+02
2352 -2.78000e+02
2411 -2.77000e+02
2431 -2.76000e+02
2700 -2.75000e+02
2780 -2.74000e+02
2849 -2.73000e+02
2894 -2.72000e+02
3048 -2.71000e+02
3255 -2.69000e+02
3391 -2.68000e+02
3486 -2.67000e+02
3536 -2.66000e+02
3652 -2.65000e+02
3799 -2.64000e+02
3941 -2.63000e+02
4003 -2.62000e+02
4124 -2.61000e+02
4126 -2.60000e+02
4143 -2.59000e+02
4252 -2.58000e+02
4325 -2.57000e+02
4498 -2.56000e+02
4657 -2.55000e+02
4810 -2.54000e+02
4928 -2.53000e+02
5015 -2.52000e+02
5083 -2.51000e+02
5225 -2.50000e+02
5427 -2.49000e+02
5537 -2.48000e+02
5602 -2.47000e+02
5772 -2.46000e+02
5872 -2.45000e+02
5970 -2.44000e+02
6022 -2.43000e+02
6070 -2.42000e+02
6277 -2.41000e+02
6408 -2.40000e+02
6465 -2.39000e+02
6498 -2.38000e+02
6825 -2.37000e+02
6834 -2.36000e+02
6921 -2.35000e+02
7002 -2.34000e+02
7080 -2.33000e+02
7152 -2.32000e+02
7462 -2.31000e+02
7900 -2.30000e+02
7957 -2.29000e+02
8000 -2.28000e+02
8189 -2.27000e+02
8390 -2.26000e+02
8711 -2.25000e+02
8809 -2.24000e+02
9086 -2.23000e+02
9171 -2.22000e+02
9357 -2.21000e+02
9447 -2.20000e+02
9502 -2.19000e+02
9721 -2.18000e+02
9800 -2.17000e+02
9893 -2.16000e+02
9951 -2.16000e+02
"function evaluation" "best-so-far f(x)"
1 -3.03000e+02
10 -3.02000e+02
62 -3.01000e+02
117 -3.00000e+02
222 -2.99000e+02
243 -2.98000e+02
372 -2.97000e+02
446 -2.96000e+02
542 -2.95000e+02
686 -2.94000e+02
810 -2.93000e+02
916 -2.92000e+02
1059 -2.91000e+02
1135 -2.90000e+02
1200 -2.89000e+02
1422 -2.88000e+02
1451 -2.87000e+02
1575 -2.86000e+02
1607 -2.85000e+02
1805 -2.84000e+02
1944 -2.83000e+02
2000 -2.82000e+02
2029 -2.81000e+02
2071 -2.80000e+02
2096 -2.79000e+02
2108 -2.78000e+02
2284 -2.77000e+02
2328 -2.76000e+02
2386 -2.75000e+02
2530 -2.74000e+02
2763 -2.73000e+02
2814 -2.72000e+02
2970 -2.71000e+02
2991 -2.70000e+02
3054 -2.69000e+02
3185 -2.68000e+02
3292 -2.67000e+02
3355 -2.66000e+02
3436 -2.65000e+02
3535 -2.64000e+02
3771 -2.63000e+02
3794 -2.62000e+02
3796 -2.61000e+02
3997 -2.60000e+02
4020 -2.59000e+02
4118 -2.58000e+02
4268 -2.56000e+02
4365 -2.55000e+02
4388 -2.54000e+02
4477 -2.52000e+02
4536 -2.51000e+02
4619 -2.50000e+02
4710 -2.49000e+02
4959 -2.48000e+02
5066 -2.47000e+02
5140 -2.46000e+02
5288 -2.45000e+02
5323 -2.44000e+02
5404 -2.43000e+02
5557 -2.42000e+02
5614 -2.41000e+02
5736 -2.40000e+02
5816 -2.39000e+02
5941 -2.38000e+02
6043 -2.37000e+02
6058 -2.36000e+02
6201 -2.35000e+02
6215 -2.34000e+02
6252 -2.33000e+02
6388 -2.32000e+02
6497 -2.31000e+02
6683 -2.30000e+02
6763 -2.29000e+02
6873 -2.28000e+02
6925 -2.27000e+02
6998 -2.26000e+02
7048 -2.25000e+02
7094 -2.24000e+02
7147 -2.23000e+02
7310 -2.22000e+02
7453 -2.21000e+02
7465 -2.20000e+02
7527 -2.19000e+02
7645 -2.18000e+02
7817 -2.17000e+02
8052 -2.15000e+02
8133 -2.14000e+02
8265 -2.13000e+02
8274 -2.11000e+02
8300 -2.10000e+02
8406 -2.09000e+02
8422 -2.07000e+02
8443 -2.06000e+02
8552 -2.05000e+02
8643 -2.04000e+02
8784 -2.03000e+02
8799 -2.02000e+02
8958 -2.01000e+02
9015 -2.00000e+02
9101 -1.99000e+02
9188 -1.98000e+02
9275 -1.97000e+02
9482 -1.96000e+02
9501 -1.95000e+02
9533 -1.94000e+02
9601 -1.93000e+02
9769 -1.91000e+02
9829 -1.90000e+02
9898 -1.89000e+02
9951 -1.89000e+02
"function evaluation" "best-so-far f(x)"
1 -3.03000e+02
11 -3.01000e+02
146 -3.00000e+02
313 -2.99000e+02
391 -2.97000e+02
438 -2.96000e+02
575 -2.94000e+02
825 -2.93000e+02
960 -2.92000e+02
1096 -2.90000e+02
1237 -2.89000e+02
1370 -2.88000e+02
1372 -2.87000e+02
1382 -2.86000e+02
1445 -2.85000e+02
1559 -2.83000e+02
1731 -2.82000e+02
1895 -2.81000e+02
1920 -2.80000e+02
2019 -2.79000e+02
2105 -2.78000e+02
2136 -2.77000e+02
2163 -2.76000e+02
2181 -2.75000e+02
2207 -2.74000e+02
2215 -2.73000e+02
2401 -2.72000e+02
2568 -2.71000e+02
2636 -2.70000e+02
2723 -2.69000e+02
2797 -2.68000e+02
2829 -2.67000e+02
2877 -2.66000e+02
3038 -2.65000e+02
3269 -2.64000e+02
3364 -2.63000e+02
3435 -2.62000e+02
3536 -2.61000e+02
3771 -2.60000e+02
3933 -2.59000e+02
4077 -2.58000e+02
4191 -2.57000e+02
4488 -2.56000e+02
4593 -2.55000e+02
4723 -2.54000e+02
4814 -2.53000e+02
4940 -2.52000e+02
4982 -2.51000e+02
5227 -2.50000e+02
5290 -2.49000e+02
5318 -2.48000e+02
5485 -2.47000e+02
5563 -2.46000e+02
5624 -2.45000e+02
5658 -2.43000e+02
5827 -2.42000e+02
5912 -2.41000e+02
5963 -2.40000e+02
5967 -2.39000e+02
6258 -2.37000e+02
6293 -2.36000e+02
6377 -2.35000e+02
6515 -2.34000e+02
6609 -2.33000e+02
6634 -2.32000e+02
6693 -2.31000e+02
6760 -2.30000e+02
6930 -2.29000e+02
6996 -2.28000e+02
7168 -2.27000e+02
7366 -2.26000e+02
7479 -2.25000e+02
7596 -2.24000e+02
7831 -2.23000e+02
7990 -2.22000e+02
8102 -2.21000e+02
8154 -2.20000e+02
8168 -2.19000e+02
8299 -2.18000e+02
8386 -2.17000e+02
8430 -2.16000e+02
8632 -2.15000e+02
8776 -2.14000e+02
8783 -2.13000e+02
8915 -2.12000e+02
9119 -2.11000e+02
9203 -2.10000e+02
9246 -2.09000e+02
9300 -2.08000e+02
9601 -2.07000e+02
9829 -2.06000e+02
9887 -2.05000e+02
9951 -2.05000e+02
"function evaluation" "best-so-far f(x)"
1 -3.03000e+02
32 -3.02000e+02
84 -3.01000e+02
281 -3.00000e+02
444 -2.99000e+02
499 -2.98000e+02
663 -2.97000e+02
730 -2.96000e+02
878 -2.95000e+02
929 -2.94000e+02
1010 -2.93000e+02
1054 -2.92000e+02
1240 -2.91000e+02
1363 -2.90000e+02
1440 -2.89000e+02
1540 -2.88000e+02
1777 -2.87000e+02
1824 -2.86000e+02
1887 -2.85000e+02
2025 -2.84000e+02
2075 -2.83000e+02
2201 -2.82000e+02
2349 -2.80000e+02
2365 -2.79000e+02
2388 -2.78000e+02
2538 -2.77000e+02
2594 -2.76000e+02
2658 -2.75000e+02
2744 -2.74000e+02
2816 -2.73000e+02
2818 -2.71000e+02
2949 -2.70000e+02
3050 -2.69000e+02
3129 -2.68000e+02
3176 -2.66000e+02
3286 -2.65000e+02
3334 -2.63000e+02
3407 -2.62000e+02
3478 -2.61000e+02
3615 -2.60000e+02
3765 -2.59000e+02
3946 -2.58000e+02
3950 -2.57000e+02
4001 -2.56000e+02
4123 -2.55000e+02
4211 -2.54000e+02
4365 -2.53000e+02
4477 -2.52000e+02
4516 -2.51000e+02
4587 -2.50000e+02
4772 -2.49000e+02
4859 -2.48000e+02
5046 -2.47000e+02
5159 -2.46000e+02
5396 -2.45000e+02
5449 -2.44000e+02
5531 -2.43000e+02
5653 -2.42000e+02
5740 -2.41000e+02
5846 -2.40000e+02
6047 -2.39000e+02
6096 -2.38000e+02
6139 -2.37000e+02
6155 -2.36000e+02
6230 -2.35000e+02
6247 -2.34000e+02
6301 -2.33000e+02
6510 -2.32000e+02
6608 -2.31000e+02
6792 -2.30000e+02
6830 -2.29000e+02
6932 -2.28000e+02
6994 -2.26000e+02
7053 -2.25000e+02
7142 -2.24000e+02
7226 -2.23000e+02
7395 -2.22000e+02
7698 -2.21000e+02
7786 -2.20000e+02
7863 -2.19000e+02
7980 -2.18000e+02
8191 -2.17000e+02
8440 -2.16000e+02
8488 -2.15000e+02
8597 -2.14000e+02
8745 -2.13000e+02
8872 -2.12000e+02
8919 -2.11000e+02
8948 -2.10000e+02
8956 -2.09000e+02
8988 -2.08000e+02
9087 -2.07000e+02
9272 -2.06000e+02
9390 -2.05000e+02
9451 -2.04000e+02
9525 -2.02000e+02
9713 -2.01000e+02
9924 -2.00000e+02
9951 -2.00000e+02
"function evaluation" "best-so-far f(x)"
1 -3.03000e+02
5 -3.02000e+02
19 -3.01000e+02
56 -3.00000e+02
143 -2.99000e+02
168 -2.98000e+02
383 -2.97000e+02
414 -2.96000e+02
483 -2.95000e+02
544 -2.94000e+02
637 -2.93000e+02
749 -2.92000e+02
820 -2.91000e+02
961 -2.90000e+02
1008 -2.89000e+02
1060 -2.88000e+02
1219 -2.87000e+02
1291 -2.86000e+02
1328 -2.85000e+02
1508 -2.84000e+02
1526 -2.83000e+02
1571 -2.82000e+02
1589 -2.81000e+02
1640 -2.80000e+02
1674 -2.79000e+02
1751 -2.78000e+02
1814 -2.77000e+02
2058 -2.76000e+02
2135 -2.75000e+02
2239 -2.74000e+02
2300 -2.72000e+02
2351 -2.71000e+02
2538 -2.70000e+02
2710 -2.69000e+02
2867 -2.68000e+02
2965 -2.67000e+02
3147 -2.66000e+02
3194 -2.65000e+02
3211 -2.64000e+02
3398 -2.63000e+02
3454 -2.62000e+02
3514 -2.61000e+02
3561 -2.60000e+02
3685 -2.59000e+02
3807 -2.58000e+02
3860 -2.57000e+02
3897 -2.56000e+02
4002 -2.55000e+02
4186 -2.54000e+02
4323 -2.53000e+02
4458 -2.52000e+02
4571 -2.51000e+02
4660 -2.50000e+02
4782 -2.49000e+02
4909 -2.48000e+02
5026 -2.47000e+02
5123 -2.46000e+02
5126 -2.45000e+02
5200 -2.44000e+02
5313 -2.43000e+02
5614 -2.41000e+02
5705 -2.40000e+02
5789 -2.39000e+02
5798 -2.38000e+02
5921 -2.37000e+02
6030 -2.36000e+02
6099 -2.35000e+02
6102 -2.34000e+02
6275 -2.33000e+02
6379 -2.32000e+02
6666 -2.31000e+02
6707 -2.30000e+02
6804 -2.29000e+02
6925 -2.28000e+02
6972 -2.26000e+02
7041 -2.25000e+02
7233 -2.24000e+02
7370 -2.23000e+02
7482 -2.22000e+02
7721 -2.21000e+02
7757 -2.20000e+02
7884 -2.19000e+02
7938 -2.18000e+02
8125 -2.17000e+02
8179 -2.16000e+02
8348 -2.14000e+02
8464 -2.13000e+02
8578 -2.12000e+02
8848 -2.11000e+02
8896 -2.10000e+02
9052 -2.09000e+02
9168 -2.08000e+02
9223 -2.07000e+02
9464 -2.06000e+02
9521 -2.05000e+02
9613 -2.04000e+02
9796 -2.03000e+02
9892 -2.02000e+02
9951 -2.02000e+02
"function evaluation" "best-so-far f(x)"
1 -3.03000e+02
17 -3.02000e+02
73 -3.01000e+02
176 -3.00000e+02
241 -2.99000e+02
306 -2.98000e+02
487 -2.97000e+02
639 -2.96000e+02
694 -2.95000e+02
778 -2.94000e+02
841 -2.93000e+02
969 -2.92000e+02
1027 -2.91000e+02
1289 -2.90000e+02
1317 -2.89000e+02
1418 -2.88000e+02
1548 -2.87000e+02
1593 -2.86000e+02
1783 -2.85000e+02
1831 -2.84000e+02
1874 -2.83000e+02
1963 -2.82000e+02
1966 -2.81000e+02
2096 -2.80000e+02
2189 -2.79000e+02
2279 -2.78000e+02
2584 -2.77000e+02
2722 -2.76000e+02
2800 -2.75000e+02
2851 -2.74000e+02
2890 -2.73000e+02
3010 -2.72000e+02
3357 -2.71000e+02
3384 -2.70000e+02
3636 -2.69000e+02
3681 -2.68000e+02
3793 -2.67000e+02
3861 -2.66000e+02
4036 -2.65000e+02
4157 -2.63000e+02
4226 -2.62000e+02
4403 -2.61000e+02
4442 -2.60000e+02
4529 -2.59000e+02
4659 -2.58000e+02
4839 -2.57000e+02
4995 -2.56000e+02
5074 -2.55000e+02
5161 -2.53000e+02
5208 -2.52000e+02
5423 -2.51000e+02
5515 -2.50000e+02
5781 -2.49000e+02
5969 -2.48000e+02
6205 -2.47000e+02
6227 -2.45000e+02
6241 -2.44000e+02
6315 -2.43000e+02
6391 -2.42000e+02
6436 -2.41000e+02
6588 -2.40000e+02
6687 -2.39000e+02
6753 -2.38000e+02
6933 -2.37000e+02
7092 -2.36000e+02
7139 -2.35000e+02
7177 -2.34000e+02
7228 -2.33000e+02
7265 -2.32000e+02
7294 -2.31000e+02
7462 -2.30000e+02
7696 -2.29000e+02
7776 -2.28000e+02
8008 -2.27000e+02
8204 -2.26000e+02
8238 -2.25000e+02
8363 -2.24000e+02
8481 -2.23000e+02
8597 -2.22000e+02
8703 -2.21000e+02
8741 -2.20000e+02
8799 -2.19000e+02
8903 -2.18000e+02
9075 -2.17000e+02
9115 -2.16000e+02
9205 -2.15000e+02
9269 -2.14000e+02
9366 -2.13000e+02
9463 -2.12000e+02
9533 -2.11000e+02
9550 -2.10000e+02
9628 -2.09000e+02
9841 -2.08000e+02
9951 -2.08000e+02
"function evaluation" "best-so-far f(x)"
1 -3.03000e+02
14 -3.02000e+02
134 -3.01000e+02
194 -3.00000e+02
299 -2.99000e+02
335 -2.98000e+02
396 -2.97000e+02
427 -2.96000e+02
464 -2.95000e+02
574 -2.94000e+02
649 -2.93000e+02
743 -2.92000e+02
806 -2.91000e+02
848 -2.90000e+02
885 -2.89000e+02
917 -2.88000e+02
1025 -2.87000e+02
1074 -2.86000e+02
1145 -2.85000e+02
1213 -2.84000e+02
1298 -2.83000e+02
1341 -2.82000e+02
1385 -2.81000e+02
1425 -2.80000e+02
1506 -2.79000e+02
1510 -2.78000e+02
1549 -2.77000e+02
1628 -2.76000e+02
1747 -2.75000e+02
1881 -2.74000e+02
1917 -2.73000e+02
1946 -2.72000e+02
2033 -2.71000e+02
2061 -2.70000e+02
2135 -2.69000e+02
2366 -2.68000e+02
2475 -2.67000e+02
2658 -2.66000e+02
2976 -2.65000e+02
3094 -2.64000e+02
3277 -2.63000e+02
3294 -2.62000e+02
3438 -2.61000e+02
3508 -2.60000e+02
3579 -2.59000e+02
3611 -2.58000e+02
3644 -2.57000e+02
3741 -2.56000e+02
3821 -2.55000e+02
3835 -2.54000e+02
3941 -2.53000e+02
3977 -2.52000e+02
4038 -2.51000e+02
4292 -2.50000e+02
4328 -2.49000e+02
4454 -2.48000e+02
4654 -2.47000e+02
4698 -2.46000e+02
4750 -2.45000e+02
4800 -2.44000e+02
4943 -2.43000e+02
4966 -2.42000e+02
5082 -2.41000e+02
5168 -2.40000e+02
5498 -2.39000e+02
5577 -2.38000e+02
5677 -2.37000e+02
5752 -2.36000e+02
5891 -2.35000e+02
6039 -2.34000e+02
6065 -2.33000e+02
6205 -2.32000e+02
6329 -2.31000e+02
6511 -2.30000e+02
6540 -2.29000e+02
6541 -2.28000e+02
6598 -2.27000e+02
6674 -2.26000e+02
6776 -2.25000e+02
6849 -2.24000e+02
6862 -2.23000e+02
6944 -2.22000e+02
7002 -2.21000e+02
7053 -2.20000e+02
7154 -2.19000e+02
7253 -2.18000e+02
7477 -2.16000e+02
7701 -2.15000e+02
7780 -2.14000e+02
7857 -2.13000e+02
7940 -2.12000e+02
8119 -2.11000e+02
8171 -2.10000e+02
8200 -2.09000e+02
8306 -2.07000e+02
8664 -2.06000e+02
8887 -2.05000e+02
8954 -2.04000e+02
9086 -2.03000e+02
9241 -2.02000e+02
9357 -2.01000e+02
9455 -1.99000e+02
9576 -1.98000e+02
9654 -1.97000e+02
9767 -1.96000e+02
9788 -1.95000e+02
9951 -1.95000e+02
"function evaluation" "best-so-far f(x)"
1 -3.03000e+02
3 -3.02000e+02
162 -3.01000e+02
304 -3.00000e+02
515 -2.99000e+02
570 -2.98000e+02
648 -2.97000e+02
661 -2.96000e+02
851 -2.95000e+02
1077 -2.94000e+02
1115 -2.93000e+02
1119 -2.92000e+02
1120 -2.91000e+02
1148 -2.90000e+02
1332 -2.89000e+02
1428 -2.88000e+02
1498 -2.87000e+02
1615 -2.85000e+02
1668 -2.84000e+02
1773 -2.83000e+02
2037 -2.82000e+02
2328 -2.81000e+02
2364 -2.80000e+02
2376 -2.79000e+02
2385 -2.78000e+02
2413 -2.77000e+02
2509 -2.76000e+02
2637 -2.75000e+02
2818 -2.74000e+02
2885 -2.73000e+02
2909 -2.72000e+02
3046 -2.71000e+02
3096 -2.70000e+02
3227 -2.69000e+02
3283 -2.68000e+02
3346 -2.67000e+02
3379 -2.65000e+02
3482 -2.63000e+02
3593 -2.62000e+02
3718 -2.61000e+02
3771 -2.60000e+02
4014 -2.59000e+02
4135 -2.58000e+02
4145 -2.57000e+02
4277 -2.56000e+02
4406 -2.55000e+02
4457 -2.54000e+02
4780 -2.53000e+02
4891 -2.52000e+02
4981 -2.51000e+02
5140 -2.50000e+02
5222 -2.49000e+02
5323 -2.48000e+02
5447 -2.47000e+02
5619 -2.45000e+02
5896 -2.44000e+02
6042 -2.43000e+02
6204 -2.42000e+02
6209 -2.41000e+02
6325 -2.40000e+02
6426 -2.39000e+02
6632 -2.38000e+02
6639 -2.37000e+02
6840 -2.36000e+02
6876 -2.35000e+02
6887 -2.34000e+02
6978 -2.32000e+02
7051 -2.30000e+02
7193 -2.29000e+02
7228 -2.28000e+02
7283 -2.27000e+02
7317 -2.26000e+02
7396 -2.25000e+02
7566 -2.24000e+02
7588 -2.23000e+02
7657 -2.22000e+02
7910 -2.21000e+02
8040 -2.20000e+02
8184 -2.19000e+02
8237 -2.18000e+02
8303 -2.17000e+02
8433 -2.16000e+02
8664 -2.15000e+02
8765 -2.14000e+02
8975 -2.13000e+02
9007 -2.12000e+02
9100 -2.11000e+02
9293 -2.10000e+02
9436 -2.09000e+02
9480 -2.08000e+02
9540 -2.07000e+02
9668 -2.06000e+02
9704 -2.05000e+02
9785 -2.04000e+02
9892 -2.03000e+02
9951 -2.03000e+02
"function evaluation" "best-so-far f(x)"
1 -3.03000e+02
2 -3.01000e+02
235 -3.00000e+02
412 -2.99000e+02
494 -2.98000e+02
558 -2.97000e+02
559 -2.96000e+02
677 -2.95000e+02
834 -2.94000e+02
901 -2.93000e+02
1115 -2.92000e+02
1341 -2.91000e+02
1417 -2.90000e+02
1526 -2.89000e+02
1605 -2.88000e+02
1740 -2.87000e+02
1841 -2.86000e+02
1899 -2.85000e+02
1939 -2.84000e+02
1942 -2.83000e+02
2045 -2.82000e+02
2114 -2.81000e+02
2213 -2.80000e+02
2311 -2.79000e+02
2477 -2.78000e+02
2534 -2.77000e+02
2581 -2.75000e+02
2694 -2.74000e+02
2779 -2.73000e+02
2923 -2.72000e+02
3072 -2.71000e+02
3131 -2.70000e+02
3198 -2.69000e+02
3281 -2.68000e+02
3327 -2.67000e+02
3339 -2.66000e+02
3439 -2.65000e+02
3733 -2.64000e+02
3772 -2.63000e+02
3829 -2.62000e+02
3985 -2.61000e+02
4259 -2.60000e+02
4373 -2.59000e+02
4536 -2.58000e+02
4593 -2.57000e+02
4642 -2.56000e+02
4837 -2.55000e+02
4959 -2.54000e+02
5003 -2.53000e+02
5080 -2.52000e+02
5134 -2.51000e+02
5243 -2.50000e+02
5460 -2.49000e+02
5514 -2.48000e+02
5615 -2.47000e+02
5762 -2.46000e+02
5847 -2.45000e+02
6009 -2.44000e+02
6209 -2.43000e+02
6402 -2.42000e+02
6550 -2.41000e+02
6662 -2.40000e+02
6851 -2.39000e+02
6877 -2.38000e+02
6958 -2.37000e+02
7011 -2.36000e+02
7132 -2.35000e+02
7268 -2.34000e+02
7336 -2.33000e+02
7479 -2.32000e+02
7503 -2.31000e+02
7556 -2.30000e+02
7698 -2.29000e+02
7701 -2.28000e+02
7842 -2.27000e+02
8028 -2.26000e+02
8124 -2.25000e+02
8347 -2.24000e+02
8438 -2.23000e+02
8501 -2.22000e+02
8670 -2.21000e+02
8841 -2.20000e+02
9004 -2.19000e+02
9064 -2.18000e+02
9210 -2.17000e+02
9393 -2.16000e+02
9442 -2.15000e+02
9558 -2.14000e+02
9664 -2.13000e+02
9788 -2.12000e+02
9927 -2.11000e+02
9951 -2.11000e+02
"function evaluation" "best-so-far f(x)"
1 -3.03000e+02
11 -3.02000e+02
45 -3.01000e+02
88 -3.00000e+02
206 -2.99000e+02
278 -2.98000e+02
293 -2.97000e+02
429 -2.96000e+02
580 -2.95000e+02
660 -2.94000e+02
724 -2.93000e+02
843 -2.92000e+02
988 -2.91000e+02
1028 -2.90000e+02
1256 -2.89000e+02
1387 -2.88000e+02
1504 -2.87000e+02
1746 -2.86000e+02
1817 -2.85000e+02
1931 -2.84000e+02
2050 -2.83000e+02
2125 -2.82000e+02
2149 -2.81000e+02
2280 -2.80000e+02
2355 -2.79000e+02
2426 -2.78000e+02
2549 -2.76000e+02
2634 -2.75000e+02
2843 -2.74000e+02
3015 -2.73000e+02
3040 -2.72000e+02
3181 -2.71000e+02
3446 -2.70000e+02
3465 -2.69000e+02
3541 -2.68000e+02
3574 -2.67000e+02
3687 -2.66000e+02
3783 -2.65000e+02
3909 -2.64000e+02
4085 -2.63000e+02
4144 -2.62000e+02
4213 -2.61000e+02
4272 -2.60000e+02
4498 -2.59000e+02
4634 -2.58000e+02
4753 -2.57000e+02
4946 -2.56000e+02
5062 -2.55000e+02
5110 -2.54000e+02
5193 -2.53000e+02
5349 -2.52000e+02
5457 -2.51000e+02
5499 -2.50000e+02
5708 -2.49000e+02
5783 -2.48000e+02
6072 -2.47000e+02
6140 -2.45000e+02
6232 -2.44000e+02
6462 -2.43000e+02
6516 -2.42000e+02
6583 -2.41000e+02
6632 -2.40000e+02
6662 -2.39000e+02
6706 -2.38000e+02
6730 -2.36000e+02
6831 -2.35000e+02
7003 -2.34000e+02
7236 -2.33000e+02
7322 -2.32000e+02
7526 -2.31000e+02
7787 -2.30000e+02
7962 -2.29000e+02
8065 -2.28000e+02
8240 -2.27000e+02
8263 -2.26000e+02
8287 -2.24000e+02
8419 -2.23000e+02
8514 -2.22000e+02
8529 -2.21000e+02
8601 -2.20000e+02
8605 -2.19000e+02
8840 -2.18000e+02
8929 -2.17000e+02
9011 -2.16000e+02
9094 -2.15000e+02
9182 -2.14000e+02
9235 -2.13000e+02
9477 -2.12000e+02
9596 -2.11000e+02
9775 -2.10000e+02
9812 -2.09000e+02
9944 -2.08000e+02
9951 -2.08000e+02
"function evaluation" "best-so-far f(x)"
1 -3.03000e+02
4 -3.02000e+02
81 -3.01000e+02
379 -3.00000e+02
427 -2.99000e+02
566 -2.98000e+02
572 -2.97000e+02
633 -2.96000e+02
757 -2.94000e+02
1007 -2.93000e+02
1042 -2.92000e+02
1187 -2.91000e+02
1240 -2.89000e+02
1252 -2.88000e+02
1296 -2.87000e+02
1398 -2.86000e+02
1513 -2.85000e+02
1540 -2.84000e+02
1672 -2.83000e+02
1760 -2.82000e+02
1810 -2.81000e+02
1913 -2.80000e+02
1999 -2.79000e+02
2021 -2.78000e+02
2233 -2.77000e+02
2319 -2.76000e+02
2418 -2.75000e+02
2507 -2.74000e+02
2768 -2.72000e+02
2858 -2.71000e+02
3014 -2.70000e+02
3180 -2.69000e+02
3304 -2.68000e+02
3319 -2.67000e+02
3396 -2.66000e+02
3430 -2.65000e+02
3484 -2.64000e+02
3783 -2.63000e+02
3897 -2.62000e+02
3921 -2.61000e+02
3989 -2.60000e+02
4045 -2.59000e+02
4159 -2.58000e+02
4334 -2.57000e+02
4531 -2.56000e+02
4568 -2.55000e+02
4695 -2.54000e+02
4908 -2.53000e+02
4972 -2.52000e+02
4985 -2.51000e+02
5087 -2.50000e+02
5190 -2.49000e+02
5265 -2.48000e+02
5386 -2.47000e+02
5615 -2.46000e+02
5844 -2.45000e+02
6000 -2.44000e+02
6030 -2.43000e+02
6147 -2.42000e+02
6219 -2.41000e+02
6267 -2.40000e+02
6375 -2.39000e+02
6435 -2.38000e+02
6514 -2.37000e+02
6543 -2.36000e+02
6791 -2.35000e+02
6809 -2.34000e+02
6858 -2.33000e+02
6883 -2.32000e+02
6945 -2.31000e+02
7280 -2.30000e+02
7376 -2.29000e+02
7565 -2.28000e+02
7584 -2.27000e+02
7752 -2.26000e+02
7797 -2.25000e+02
7885 -2.24000e+02
8065 -2.23000e+02
8090 -2.22000e+02
8211 -2.21000e+02
8442 -2.20000e+02
8514 -2.19000e+02
8545 -2.18000e+02
8595 -2.17000e+02
8800 -2.16000e+02
8944 -2.15000e+02
8972 -2.14000e+02
9067 -2.13000e+02
9220 -2.12000e+02
9315 -2.11000e+02
9396 -2.10000e+02
9506 -2.09000e+02
9567 -2.08000e+02
9664 -2.07000e+02
9861 -2.06000e+02
9951 -2.06000e+02
"function evaluation" "best-so-far f(x)"
1 -3.03000e+02
45 -3.02000e+02
66 -3.01000e+02
149 -3.00000e+02
194 -2.99000e+02
268 -2.97000e+02
363 -2.96000e+02
419 -2.95000e+02
568 -2.94000e+02
720 -2.93000e+02
832 -2.92000e+02
913 -2.91000e+02
1002 -2.90000e+02
1146 -2.89000e+02
1180 -2.87000e+02
1339 -2.86000e+02
1373 -2.85000e+02
1509 -2.84000e+02
1601 -2.83000e+02
1697 -2.82000e+02
1830 -2.81000e+02
1897 -2.80000e+02
2118 -2.79000e+02
2183 -2.78000e+02
2316 -2.77000e+02
2339 -2.76000e+02
2509 -2.75000e+02
2548 -2.74000e+02
2665 -2.73000e+02
2847 -2.72000e+02
2955 -2.71000e+02
2989 -2.70000e+02
3122 -2.69000e+02
3273 -2.68000e+02
3423 -2.67000e+02
3505 -2.65000e+02
3608 -2.64000e+02
3653 -2.63000e+02
3912 -2.62000e+02
4202 -2.61000e+02
4389 -2.60000e+02
4559 -2.59000e+02
4682 -2.58000e+02
4867 -2.57000e+02
4959 -2.56000e+02
4998 -2.55000e+02
5108 -2.54000e+02
5133 -2.53000e+02
5185 -2.52000e+02
5349 -2.51000e+02
5401 -2.50000e+02
5517 -2.49000e+02
5529 -2.48000e+02
5580 -2.47000e+02
5640 -2.46000e+02
5669 -2.45000e+02
5919 -2.44000e+02
6193 -2.43000e+02
6328 -2.42000e+02
6456 -2.40000e+02
6614 -2.39000e+02
6710 -2.38000e+02
6797 -2.37000e+02
6914 -2.36000e+02
7035 -2.34000e+02
7078 -2.33000e+02
7384 -2.32000e+02
7452 -2.31000e+02
7800 -2.30000e+02
7835 -2.29000e+02
7870 -2.28000e+02
8069 -2.27000e+02
8123 -2.26000e+02
8149 -2.25000e+02
8170 -2.24000e+02
8325 -2.23000e+02
8416 -2.22000e+02
8643 -2.21000e+02
8677 -2.20000e+02
8697 -2.19000e+02
8711 -2.18000e+02
8764 -2.17000e+02
9062 -2.16000e+02
9086 -2.15000e+02
9255 -2.14000e+02
9546 -2.13000e+02
9560 -2.12000e+02
9948 -2.11000e+02
9951 -2.11000e+02
"function evaluation" "best-so-far f(x)"
1 -3.03000e+02
58 -3.01000e+02
278 -3.00000e+02
343 -2.98000e+02
418 -2.97000e+02
501 -2.96000e+02
568 -2.95000e+02
687 -2.94000e+02
810 -2.93000e+02
862 -2.92000e+02
980 -2.91000e+02
1065 -2.90000e+02
1117 -2.89000e+02
1212 -2.88000e+02
1313 -2.87000e+02
1538 -2.86000e+02
1749 -2.85000e+02
1867 -2.84000e+02
1950 -2.83000e+02
2092 -2.82000e+02
2110 -2.81000e+02
2190 -2.80000e+02
2318 -2.79000e+02
2528 -2.78000e+02
2635 -2.77000e+02
2664 -2.76000e+02
2838 -2.75000e+02
2924 -2.74000e+02
3083 -2.73000e+02
3153 -2.72000e+02
3285 -2.71000e+02
3362 -2.70000e+02
3471 -2.69000e+02
3528 -2.67000e+02
3630 -2.65000e+02
3757 -2.64000e+02
3835 -2.63000e+02
3958 -2.62000e+02
4004 -2.61000e+02
4101 -2.60000e+02
4113 -2.59000e+02
4158 -2.58000e+02
4235 -2.57000e+02
4400 -2.56000e+02
4433 -2.55000e+02
4496 -2.54000e+02
4672 -2.53000e+02
4677 -2.52000e+02
4907 -2.51000e+02
4974 -2.49000e+02
5097 -2.48000e+02
5218 -2.47000e+02
5297 -2.46000e+02
5411 -2.45000e+02
5434 -2.44000e+02
5644 -2.43000e+02
5723 -2.42000e+02
5775 -2.41000e+02
5888 -2.40000e+02
5988 -2.39000e+02
6154 -2.38000e+02
6217 -2.37000e+02
6266 -2.36000e+02
6367 -2.35000e+02
6505 -2.34000e+02
6610 -2.33000e+02
6915 -2.32000e+02
7038 -2.31000e+02
7141 -2.30000e+02
7251 -2.29000e+02
7303 -2.28000e+02
7432 -2.26000e+02
7574 -2.25000e+02
7580 -2.24000e+02
7816 -2.23000e+02
7930 -2.22000e+02
7976 -2.21000e+02
8246 -2.19000e+02
8367 -2.18000e+02
8556 -2.17000e+02
8735 -2.16000e+02
8822 -2.15000e+02
8931 -2.14000e+02
9049 -2.13000e+02
9434 -2.12000e+02
9504 -2.11000e+02
9667 -2.10000e+02
9848 -2.09000e+02
9951 -2.09000e+02
"function evaluation" "best-so-far f(x)"
1 -3.03000e+02
54 -3.02000e+02
128 -3.01000e+02
187 -3.00000e+02
311 -2.99000e+02
377 -2.98000e+02
570 -2.97000e+02
653 -2.96000e+02
787 -2.95000e+02
911 -2.94000e+02
950 -2.93000e+02
1083 -2.92000e+02
1145 -2.91000e+02
1164 -2.90000e+02
1256 -2.89000e+02
1347 -2.88000e+02
1410 -2.87000e+02
1598 -2.86000e+02
1703 -2.85000e+02
1755 -2.84000e+02
1975 -2.83000e+02
2099 -2.82000e+02
2114 -2.81000e+02
2277 -2.80000e+02
2335 -2.79000e+02
2457 -2.78000e+02
2501 -2.77000e+02
2714 -2.76000e+02
2727 -2.75000e+02
2898 -2.74000e+02
2951 -2.73000e+02
3110 -2.72000e+02
3238 -2.71000e+02
3252 -2.70000e+02
3286 -2.69000e+02
3550 -2.68000e+02
3672 -2.67000e+02
3735 -2.66000e+02
3848 -2.65000e+02
4042 -2.64000e+02
4106 -2.63000e+02
4120 -2.62000e+02
4321 -2.61000e+02
4375 -2.60000e+02
4434 -2.59000e+02
4487 -2.58000e+02
4575 -2.57000e+02
4773 -2.56000e+02
4845 -2.54000e+02
4957 -2.53000e+02
5019 -2.52000e+02
5135 -2.51000e+02
5221 -2.50000e+02
5254 -2.49000e+02
5281 -2.48000e+02
5286 -2.47000e+02
5458 -2.46000e+02
5633 -2.45000e+02
5855 -2.44000e+02
6029 -2.43000e+02
6098 -2.42000e+02
6154 -2.41000e+02
6201 -2.40000e+02
6458 -2.39000e+02
6529 -2.38000e+02
6605 -2.37000e+02
6694 -2.36000e+02
6828 -2.34000e+02
6908 -2.33000e+02
6972 -2.32000e+02
6977 -2.31000e+02
7172 -2.30000e+02
7258 -2.29000e+02
7584 -2.28000e+02
7648 -2.27000e+02
7672 -2.25000e+02
7841 -2.24000e+02
7900 -2.23000e+02
7956 -2.22000e+02
8015 -2.21000e+02
8179 -2.20000e+02
8416 -2.19000e+02
8500 -2.18000e+02
8540 -2.17000e+02
8593 -2.16000e+02
8712 -2.15000e+02
8859 -2.14000e+02
9025 -2.13000e+02
9143 -2.12000e+02
9178 -2.11000e+02
9259 -2.10000e+02
9420 -2.09000e+02
9592 -2.08000e+02
9740 -2.07000e+02
9928 -2.06000e+02
9951 -2.06000e+02
"function evaluation" "best-so-far f(x)"
1 -3.03000e+02
9 -3.02000e+02
97 -3.01000e+02
119 -3.00000e+02
323 -2.99000e+02
437 -2.98000e+02
516 -2.97000e+02
543 -2.96000e+02
793 -2.95000e+02
797 -2.94000e+02
953 -2.93000e+02
1042 -2.92000e+02
1058 -2.91000e+02
1088 -2.90000e+02
1151 -2.89000e+02
1361 -2.88000e+02
1453 -2.86000e+02
1673 -2.85000e+02
1694 -2.84000e+02
1780 -2.83000e+02
1866 -2.82000e+02
1930 -2.81000e+02
1962 -2.80000e+02
2056 -2.79000e+02
2108 -2.78000e+02
2162 -2.77000e+02
2193 -2.76000e+02
2196 -2.75000e+02
2318 -2.74000e+02
2364 -2.73000e+02
2483 -2.72000e+02
2618 -2.71000e+02
2690 -2.70000e+02
2807 -2.69000e+02
2928 -2.68000e+02
2994 -2.67000e+02
3198 -2.66000e+02
3289 -2.65000e+02
3380 -2.64000e+02
3524 -2.63000e+02
3613 -2.62000e+02
3718 -2.61000e+02
3797 -2.60000e+02
3828 -2.59000e+02
4083 -2.58000e+02
4234 -2.56000e+02
4445 -2.55000e+02
4474 -2.54000e+02
4496 -2.53000e+02
4571 -2.52000e+02
4678 -2.51000e+02
4788 -2.50000e+02
4837 -2.49000e+02
4913 -2.48000e+02
5020 -2.47000e+02
5155 -2.46000e+02
5336 -2.45000e+02
5407 -2.44000e+02
5507 -2.43000e+02
5540 -2.42000e+02
5627 -2.41000e+02
5736 -2.40000e+02
5863 -2.39000e+02
5894 -2.38000e+02
5963 -2.37000e+02
6136 -2.36000e+02
6241 -2.35000e+02
6327 -2.34000e+02
6348 -2.33000e+02
6392 -2.32000e+02
6479 -2.31000e+02
6502 -2.30000e+02
6587 -2.29000e+02
6682 -2.28000e+02
6801 -2.27000e+02
6965 -2.26000e+02
7054 -2.25000e+02
7170 -2.24000e+02
7207 -2.23000e+02
7366 -2.21000e+02
7435 -2.20000e+02
7488 -2.19000e+02
7611 -2.18000e+02
7682 -2.17000e+02
7784 -2.16000e+02
7832 -2.15000e+02
7928 -2.14000e+02
8005 -2.13000e+02
8022 -2.12000e+02
8208 -2.11000e+02
8419 -2.10000e+02
8635 -2.09000e+02
8698 -2.08000e+02
8715 -2.07000e+02
8833 -2.06000e+02
9233 -2.05000e+02
9351 -2.04000e+02
9374 -2.03000e+02
9516 -2.02000e+02
9698 -2.01000e+02
9786 -2.00000e+02
9871 -1.99000e+02
9951 -1.99000e+02
"function evaluation" "best-so-far f(x)"
1 -3.03000e+02
11 -3.02000e+02
162 -3.01000e+02
259 -3.00000e+02
350 -2.99000e+02
595 -2.98000e+02
674 -2.97000e+02
777 -2.96000e+02
814 -2.95000e+02
897 -2.94000e+02
986 -2.93000e+02
1047 -2.92000e+02
1124 -2.91000e+02
1238 -2.90000e+02
1283 -2.89000e+02
1351 -2.88000e+02
1409 -2.87000e+02
1597 -2.86000e+02
1603 -2.85000e+02
1713 -2.84000e+02
1741 -2.83000e+02
1791 -2.82000e+02
1940 -2.81000e+02
2139 -2.80000e+02
2160 -2.79000e+02
2300 -2.78000e+02
2342 -2.76000e+02
2414 -2.75000e+02
2508 -2.74000e+02
2628 -2.72000e+02
2713 -2.71000e+02
2885 -2.70000e+02
2914 -2.69000e+02
2977 -2.68000e+02
3051 -2.67000e+02
3186 -2.66000e+02
3359 -2.65000e+02
3398 -2.64000e+02
3533 -2.63000e+02
3583 -2.62000e+02
3919 -2.61000e+02
3933 -2.60000e+02
4034 -2.59000e+02
4175 -2.58000e+02
4268 -2.57000e+02
4377 -2.56000e+02
4563 -2.55000e+02
4671 -2.53000e+02
4959 -2.52000e+02
4998 -2.51000e+02
5147 -2.50000e+02
5218 -2.49000e+02
5377 -2.48000e+02
5426 -2.47000e+02
5522 -2.46000e+02
5596 -2.45000e+02
5682 -2.44000e+02
5726 -2.43000e+02
5813 -2.42000e+02
6016 -2.41000e+02
6068 -2.40000e+02
6260 -2.39000e+02
6375 -2.38000e+02
6505 -2.37000e+02
6577 -2.35000e+02
6590 -2.34000e+02
6700 -2.33000e+02
6777 -2.32000e+02
6813 -2.31000e+02
6879 -2.30000e+02
6929 -2.29000e+02
7097 -2.28000e+02
7162 -2.27000e+02
7201 -2.26000e+02
7289 -2.25000e+02
7292 -2.24000e+02
7410 -2.23000e+02
7494 -2.21000e+02
7496 -2.19000e+02
7588 -2.18000e+02
7726 -2.17000e+02
7771 -2.16000e+02
7875 -2.15000e+02
7909 -2.14000e+02
7961 -2.13000e+02
8111 -2.12000e+02
8162 -2.11000e+02
8216 -2.10000e+02
8271 -2.09000e+02
8371 -2.08000e+02
8398 -2.07000e+02
8439 -2.06000e+02
8465 -2.05000e+02
8532 -2.04000e+02
8623 -2.03000e+02
8687 -2.02000e+02
8895 -2.01000e+02
9036 -2.00000e+02
9185 -1.99000e+02
9236 -1.98000e+02
9370 -1.97000e+02
9407 -1.96000e+02
9429 -1.95000e+02
9530 -1.94000e+02
9698 -1.93000e+02
9888 -1.92000e+02
9951 -1.92000e+02
"function evaluation" "best-so-far f(x)"
1 -3.03000e+02
95 -3.02000e+02
241 -3.01000e+02
293 -3.00000e+02
341 -2.99000e+02
360 -2.98000e+02
451 -2.97000e+02
508 -2.96000e+02
532 -2.95000e+02
637 -2.94000e+02
693 -2.93000e+02
858 -2.92000e+02
958 -2.91000e+02
1113 -2.90000e+02
1175 -2.89000e+02
1295 -2.88000e+02
1348 -2.87000e+02
1405 -2.86000e+02
1435 -2.85000e+02
1496 -2.84000e+02
1625 -2.83000e+02
1714 -2.81000e+02
1799 -2.79000e+02
2008 -2.78000e+02
2078 -2.77000e+02
2202 -2.76000e+02
2443 -2.75000e+02
2541 -2.74000e+02
2682 -2.73000e+02
2898 -2.72000e+02
2900 -2.71000e+02
2951 -2.70000e+02
3099 -2.69000e+02
3341 -2.68000e+02
3392 -2.67000e+02
3483 -2.66000e+02
3486 -2.65000e+02
3572 -2.64000e+02
3782 -2.63000e+02
3805 -2.62000e+02
3852 -2.61000e+02
4113 -2.60000e+02
4275 -2.59000e+02
4385 -2.58000e+02
4408 -2.57000e+02
4461 -2.56000e+02
4586 -2.55000e+02
4754 -2.54000e+02
4799 -2.53000e+02
4813 -2.52000e+02
5070 -2.51000e+02
5178 -2.50000e+02
5243 -2.49000e+02
5256 -2.48000e+02
5351 -2.47000e+02
5634 -2.46000e+02
5695 -2.45000e+02
5760 -2.44000e+02
5903 -2.42000e+02
5909 -2.41000e+02
6090 -2.40000e+02
6354 -2.39000e+02
6565 -2.38000e+02
6628 -2.37000e+02
6828 -2.36000e+02
6881 -2.35000e+02
6938 -2.34000e+02
7094 -2.32000e+02
7421 -2.31000e+02
7657 -2.30000e+02
7771 -2.29000e+02
7844 -2.28000e+02
7937 -2.27000e+02
8033 -2.26000e+02
8177 -2.25000e+02
8233 -2.24000e+02
8313 -2.23000e+02
8375 -2.22000e+02
8504 -2.21000e+02
8795 -2.20000e+02
8833 -2.19000e+02
8922 -2.18000e+02
9138 -2.17000e+02
9208 -2.16000e+02
9301 -2.15000e+02
9422 -2.14000e+02
9620 -2.13000e+02
9712 -2.12000e+02
9758 -2.11000e+02
9812 -2.10000e+02
9851 -2.09000e+02
9944 -2.08000e+02
9951 -2.08000e+02
"function evaluation" "best-so-far f(x)"
1 -3.03000e+02
11 -3.02000e+02
12 -3.01000e+02
107 -3.00000e+02
144 -2.99000e+02
236 -2.98000e+02
282 -2.97000e+02
413 -2.96000e+02
565 -2.95000e+02
603 -2.94000e+02
695 -2.93000e+02
728 -2.92000e+02
756 -2.91000e+02
810 -2.90000e+02
853 -2.89000e+02
912 -2.88000e+02
1011 -2.87000e+02
1136 -2.86000e+02
1201 -2.85000e+02
1300 -2.84000e+02
1374 -2.83000e+02
1429 -2.82000e+02
1547 -2.81000e+02
1567 -2.80000e+02
1632 -2.79000e+02
1712 -2.78000e+02
1848 -2.77000e+02
1957 -2.76000e+02
1993 -2.75000e+02
2165 -2.74000e+02
2198 -2.73000e+02
2252 -2.72000e+02
2294 -2.71000e+02
2491 -2.70000e+02
2558 -2.69000e+02
2706 -2.67000e+02
2819 -2.65000e+02
3065 -2.64000e+02
3152 -2.63000e+02
3230 -2.62000e+02
3255 -2.61000e+02
3300 -2.60000e+02
3330 -2.59000e+02
3398 -2.58000e+02
3437 -2.57000e+02
3441 -2.56000e+02
3554 -2.55000e+02
3697 -2.54000e+02
3768 -2.53000e+02
3915 -2.52000e+02
3976 -2.51000e+02
4093 -2.49000e+02
4190 -2.47000e+02
4271 -2.46000e+02
4348 -2.45000e+02
4428 -2.44000e+02
4465 -2.43000e+02
4520 -2.42000e+02
4658 -2.41000e+02
4807 -2.40000e+02
4820 -2.38000e+02
4981 -2.37000e+02
5045 -2.36000e+02
5056 -2.35000e+02
5125 -2.34000e+02
5210 -2.33000e+02
5322 -2.32000e+02
5433 -2.31000e+02
5442 -2.30000e+02
5517 -2.29000e+02
5610 -2.28000e+02
5744 -2.27000e+02
5908 -2.26000e+02
5939 -2.25000e+02
5999 -2.24000e+02
6165 -2.23000e+02
6323 -2.22000e+02
6367 -2.21000e+02
6519 -2.20000e+02
6633 -2.19000e+02
6743 -2.18000e+02
6760 -2.17000e+02
6894 -2.16000e+02
6986 -2.15000e+02
7071 -2.14000e+02
7247 -2.13000e+02
7429 -2.12000e+02
7463 -2.11000e+02
7521 -2.10000e+02
7591 -2.09000e+02
7717 -2.08000e+02
8011 -2.07000e+02
8145 -2.05000e+02
8291 -2.04000e+02
8330 -2.03000e+02
8422 -2.02000e+02
8478 -2.01000e+02
8679 -1.99000e+02
8830 -1.98000e+02
8890 -1.97000e+02
9096 -1.96000e+02
9201 -1.95000e+02
9382 -1.94000e+02
9550 -1.93000e+02
9941 -1.92000e+02
9951 -1.92000e+02
"function evaluation" "best-so-far f(x)"
1 -3.03000e+02
23 -3.02000e+02
109 -3.01000e+02
196 -3.00000e+02
317 -2.99000e+02
339 -2.98000e+02
389 -2.97000e+02
496 -2.96000e+02
576 -2.95000e+02
592 -2.94000e+02
689 -2.93000e+02
838 -2.92000e+02
885 -2.91000e+02
1008 -2.90000e+02
1055 -2.89000e+02
1114 -2.88000e+02
1209 -2.87000e+02
1301 -2.86000e+02
1471 -2.85000e+02
1611 -2.84000e+02
1771 -2.83000e+02
1850 -2.81000e+02
1966 -2.80000e+02
2180 -2.78000e+02
2272 -2.77000e+02
2369 -2.76000e+02
2487 -2.75000e+02
2547 -2.74000e+02
2630 -2.73000e+02
2693 -2.72000e+02
2828 -2.71000e+02
2894 -2.70000e+02
3055 -2.69000e+02
3213 -2.68000e+02
3346 -2.67000e+02
3383 -2.66000e+02
3528 -2.65000e+02
3644 -2.64000e+02
3736 -2.62000e+02
3751 -2.61000e+02
3905 -2.60000e+02
3921 -2.59000e+02
4003 -2.58000e+02
4073 -2.57000e+02
4198 -2.56000e+02
4294 -2.55000e+02
4391 -2.54000e+02
4604 -2.53000e+02
4643 -2.52000e+02
4761 -2.51000e+02
4862 -2.50000e+02
4873 -2.49000e+02
4974 -2.48000e+02
5007 -2.47000e+02
5112 -2.46000e+02
5213 -2.45000e+02
5367 -2.44000e+02
5496 -2.41000e+02
5564 -2.40000e+02
5644 -2.39000e+02
5814 -2.38000e+02
5884 -2.37000e+02
5925 -2.35000e+02
6009 -2.34000e+02
6099 -2.33000e+02
6214 -2.32000e+02
6353 -2.31000e+02
6419 -2.30000e+02
6528 -2.29000e+02
6678 -2.28000e+02
6710 -2.27000e+02
6754 -2.26000e+02
6850 -2.25000e+02
6872 -2.24000e+02
6936 -2.23000e+02
7010 -2.22000e+02
7055 -2.21000e+02
7065 -2.20000e+02
7206 -2.19000e+02
7300 -2.18000e+02
7336 -2.17000e+02
7360 -2.16000e+02
7463 -2.15000e+02
7557 -2.14000e+02
7684 -2.13000e+02
7736 -2.12000e+02
7945 -2.11000e+02
8027 -2.10000e+02
8117 -2.09000e+02
8192 -2.08000e+02
8606 -2.07000e+02
8704 -2.06000e+02
8738 -2.05000e+02
8840 -2.04000e+02
9035 -2.03000e+02
9167 -2.02000e+02
9296 -2.01000e+02
9404 -2.00000e+02
9607 -1.99000e+02
9665 -1.98000e+02
9742 -1.97000e+02
9951 -1.97000e+02
"function evaluation" "best-so-far f(x)"
1 -3.03000e+02
17 -3.02000e+02
50 -3.01000e+02
144 -3.00000e+02
273 -2.99000e+02
356 -2.98000e+02
446 -2.97000e+02
562 -2.96000e+02
576 -2.95000e+02
629 -2.94000e+02
788 -2.93000e+02
812 -2.92000e+02
888 -2.91000e+02
972 -2.90000e+02
1070 -2.89000e+02
1210 -2.88000e+02
1315 -2.87000e+02
1408 -2.86000e+02
1533 -2.85000e+02
1649 -2.84000e+02
1728 -2.83000e+02
1933 -2.82000e+02
1988 -2.81000e+02
2143 -2.80000e+02
2248 -2.79000e+02
2273 -2.78000e+02
2302 -2.77000e+02
2443 -2.76000e+02
2568 -2.75000e+02
2571 -2.74000e+02
2692 -2.73000e+02
2742 -2.72000e+02
2785 -2.71000e+02
2901 -2.70000e+02
2902 -2.69000e+02
3062 -2.68000e+02
3068 -2.67000e+02
3090 -2.66000e+02
3343 -2.65000e+02
3444 -2.64000e+02
3602 -2.63000e+02
3721 -2.61000e+02
3842 -2.60000e+02
3884 -2.59000e+02
3925 -2.58000e+02
4044 -2.57000e+02
4156 -2.56000e+02
4248 -2.55000e+02
4406 -2.54000e+02
4548 -2.53000e+02
4721 -2.52000e+02
4846 -2.51000e+02
4899 -2.50000e+02
4950 -2.49000e+02
5035 -2.48000e+02
5109 -2.47000e+02
5250 -2.46000e+02
5433 -2.45000e+02
5487 -2.44000e+02
5638 -2.43000e+02
5771 -2.42000e+02
5878 -2.41000e+02
5933 -2.40000e+02
6064 -2.39000e+02
6202 -2.38000e+02
6282 -2.37000e+02
6302 -2.36000e+02
6347 -2.35000e+02
6484 -2.34000e+02
6591 -2.32000e+02
6755 -2.31000e+02
6999 -2.30000e+02
7107 -2.29000e+02
7186 -2.28000e+02
7245 -2.27000e+02
7435 -2.26000e+02
7442 -2.25000e+02
7559 -2.24000e+02
7573 -2.23000e+02
7703 -2.22000e+02
7793 -2.21000e+02
7951 -2.20000e+02
8125 -2.19000e+02
8176 -2.18000e+02
8232 -2.17000e+02
8310 -2.16000e+02
8373 -2.15000e+02
8388 -2.14000e+02
8391 -2.13000e+02
8546 -2.12000e+02
8584 -2.11000e+02
8688 -2.10000e+02
8811 -2.08000e+02
8905 -2.07000e+02
8995 -2.06000e+02
9164 -2.05000e+02
9734 -2.04000e+02
9747 -2.03000e+02
9823 -2.02000e+02
9927 -2.01000e+02
9951 -2.01000e+02
"function evaluation" "best-so-far f(x)"
1 -3.03000e+02
58 -3.02000e+02
125 -3.01000e+02
175 -3.00000e+02
244 -2.99000e+02
283 -2.96000e+02
383 -2.95000e+02
422 -2.94000e+02
599 -2.93000e+02
683 -2.92000e+02
815 -2.91000e+02
1007 -2.90000e+02
1069 -2.89000e+02
1130 -2.88000e+02
1152 -2.87000e+02
1232 -2.86000e+02
1315 -2.85000e+02
1535 -2.84000e+02
1603 -2.83000e+02
1734 -2.82000e+02
1789 -2.81000e+02
1829 -2.80000e+02
1965 -2.79000e+02
2220 -2.78000e+02
2322 -2.77000e+02
2374 -2.76000e+02
2435 -2.75000e+02
2571 -2.74000e+02
2671 -2.73000e+02
2745 -2.72000e+02
2838 -2.71000e+02
3060 -2.70000e+02
3061 -2.69000e+02
3167 -2.66000e+02
3363 -2.65000e+02
3519 -2.64000e+02
3582 -2.63000e+02
3691 -2.62000e+02
3782 -2.61000e+02
3860 -2.60000e+02
4093 -2.59000e+02
4140 -2.57000e+02
4208 -2.56000e+02
4347 -2.55000e+02
4506 -2.54000e+02
4586 -2.53000e+02
4682 -2.52000e+02
4766 -2.51000e+02
5064 -2.50000e+02
5154 -2.49000e+02
5284 -2.48000e+02
5348 -2.47000e+02
5460 -2.46000e+02
5574 -2.43000e+02
5614 -2.42000e+02
5705 -2.40000e+02
5758 -2.39000e+02
5926 -2.38000e+02
6134 -2.37000e+02
6137 -2.35000e+02
6205 -2.34000e+02
6273 -2.33000e+02
6299 -2.32000e+02
6351 -2.31000e+02
6558 -2.30000e+02
6813 -2.29000e+02
6845 -2.28000e+02
6982 -2.27000e+02
7095 -2.26000e+02
7180 -2.25000e+02
7181 -2.24000e+02
7260 -2.23000e+02
7319 -2.22000e+02
7366 -2.21000e+02
7553 -2.20000e+02
7618 -2.19000e+02
7690 -2.18000e+02
7802 -2.17000e+02
7900 -2.15000e+02
8009 -2.14000e+02
8129 -2.13000e+02
8310 -2.12000e+02
8368 -2.11000e+02
8531 -2.10000e+02
8683 -2.09000e+02
8829 -2.08000e+02
8966 -2.07000e+02
9135 -2.06000e+02
9345 -2.05000e+02
9436 -2.04000e+02
9700 -2.03000e+02
9762 -2.02000e+02
9874 -2.01000e+02
9951 -2.01000e+02
"function evaluation" "best-so-far f(x)"
1 -3.03000e+02
35 -3.02000e+02
73 -3.01000e+02
164 -3.00000e+02
202 -2.99000e+02
336 -2.98000e+02
350 -2.97000e+02
385 -2.96000e+02
571 -2.95000e+02
753 -2.94000e+02
888 -2.93000e+02
917 -2.92000e+02
1076 -2.91000e+02
1168 -2.90000e+02
1241 -2.89000e+02
1338 -2.88000e+02
1378 -2.87000e+02
1655 -2.86000e+02
1728 -2.85000e+02
1798 -2.84000e+02
1918 -2.83000e+02
1929 -2.82000e+02
2107 -2.81000e+02
2298 -2.79000e+02
2306 -2.77000e+02
2477 -2.76000e+02
2573 -2.75000e+02
2711 -2.74000e+02
2795 -2.73000e+02
3036 -2.72000e+02
3056 -2.71000e+02
3090 -2.70000e+02
3109 -2.69000e+02
3198 -2.68000e+02
3320 -2.67000e+02
3462 -2.66000e+02
3616 -2.65000e+02
3715 -2.64000e+02
3854 -2.63000e+02
4040 -2.62000e+02
4063 -2.61000e+02
4152 -2.60000e+02
4238 -2.59000e+02
4400 -2.58000e+02
4515 -2.57000e+02
4700 -2.56000e+02
4837 -2.55000e+02
4991 -2.54000e+02
5054 -2.53000e+02
5112 -2.51000e+02
5238 -2.50000e+02
5288 -2.49000e+02
5450 -2.48000e+02
5457 -2.47000e+02
5579 -2.46000e+02
5780 -2.45000e+02
5916 -2.44000e+02
6008 -2.43000e+02
6044 -2.42000e+02
6151 -2.41000e+02
6431 -2.40000e+02
6523 -2.39000e+02
6582 -2.38000e+02
6611 -2.37000e+02
6626 -2.36000e+02
6766 -2.35000e+02
6806 -2.34000e+02
6821 -2.33000e+02
6927 -2.32000e+02
7113 -2.31000e+02
7177 -2.30000e+02
7264 -2.29000e+02
7360 -2.28000e+02
7663 -2.27000e+02
7712 -2.26000e+02
7868 -2.25000e+02
7899 -2.24000e+02
7998 -2.23000e+02
8204 -2.22000e+02
8257 -2.21000e+02
8399 -2.20000e+02
8446 -2.19000e+02
8524 -2.18000e+02
8637 -2.17000e+02
8779 -2.15000e+02
8816 -2.14000e+02
8834 -2.13000e+02
9007 -2.12000e+02
9293 -2.11000e+02
9296 -2.10000e+02
9441 -2.09000e+02
9645 -2.08000e+02
9729 -2.07000e+02
9814 -2.06000e+02
9932 -2.05000e+02
9951 -2.05000e+02
"function evaluation" "best-so-far f(x)"
1 -3.03000e+02
11 -3.02000e+02
102 -3.01000e+02
157 -3.00000e+02
235 -2.99000e+02
277 -2.98000e+02
389 -2.97000e+02
440 -2.95000e+02
636 -2.94000e+02
724 -2.93000e+02
774 -2.92000e+02
862 -2.91000e+02
1021 -2.89000e+02
1103 -2.88000e+02
1215 -2.87000e+02
1310 -2.86000e+02
1331 -2.85000e+02
1344 -2.84000e+02
1595 -2.83000e+02
1636 -2.82000e+02
1794 -2.81000e+02
1835 -2.80000e+02
2049 -2.79000e+02
2118 -2.78000e+02
2308 -2.77000e+02
2449 -2.75000e+02
2755 -2.74000e+02
2930 -2.73000e+02
2978 -2.72000e+02
3017 -2.71000e+02
3125 -2.70000e+02
3367 -2.69000e+02
3506 -2.68000e+02
3557 -2.67000e+02
3586 -2.66000e+02
3723 -2.65000e+02
3801 -2.64000e+02
3992 -2.63000e+02
4048 -2.62000e+02
4182 -2.61000e+02
4184 -2.60000e+02
4275 -2.59000e+02
4346 -2.57000e+02
4408 -2.55000e+02
4530 -2.54000e+02
4641 -2.53000e+02
4835 -2.52000e+02
4870 -2.51000e+02
4925 -2.50000e+02
5078 -2.49000e+02
5191 -2.48000e+02
5267 -2.47000e+02
5288 -2.46000e+02
5386 -2.45000e+02
5432 -2.44000e+02
5526 -2.43000e+02
5586 -2.42000e+02
5621 -2.41000e+02
5708 -2.40000e+02
5855 -2.39000e+02
5907 -2.38000e+02
6062 -2.37000e+02
6146 -2.36000e+02
6171 -2.35000e+02
6247 -2.34000e+02
6391 -2.33000e+02
6790 -2.32000e+02
6950 -2.31000e+02
7007 -2.30000e+02
7267 -2.29000e+02
7405 -2.28000e+02
7721 -2.27000e+02
7860 -2.26000e+02
7883 -2.25000e+02
7902 -2.24000e+02
8021 -2.23000e+02
8106 -2.22000e+02
8152 -2.21000e+02
8247 -2.20000e+02
8430 -2.19000e+02
8466 -2.18000e+02
8592 -2.17000e+02
8594 -2.16000e+02
8880 -2.15000e+02
8982 -2.14000e+02
9076 -2.13000e+02
9203 -2.12000e+02
9327 -2.11000e+02
9373 -2.10000e+02
9548 -2.09000e+02
9575 -2.08000e+02
9729 -2.07000e+02
9808 -2.06000e+02
9910 -2.05000e+02
9951 -2.05000e+02
"function evaluation" "best-so-far f(x)"
1 -3.03000e+02
7 -3.02000e+02
160 -3.01000e+02
171 -3.00000e+02
208 -2.99000e+02
262 -2.98000e+02
397 -2.97000e+02
418 -2.95000e+02
491 -2.94000e+02
539 -2.93000e+02
568 -2.92000e+02
691 -2.91000e+02
719 -2.90000e+02
768 -2.88000e+02
836 -2.87000e+02
912 -2.86000e+02
1020 -2.85000e+02
1142 -2.84000e+02
1207 -2.83000e+02
1341 -2.82000e+02
1454 -2.81000e+02
1532 -2.79000e+02
1668 -2.78000e+02
1682 -2.77000e+02
1746 -2.76000e+02
1855 -2.75000e+02
1955 -2.74000e+02
2055 -2.73000e+02
2102 -2.72000e+02
2137 -2.71000e+02
2245 -2.70000e+02
2345 -2.69000e+02
2439 -2.68000e+02
2489 -2.67000e+02
2649 -2.66000e+02
2687 -2.65000e+02
2957 -2.64000e+02
2996 -2.63000e+02
3101 -2.62000e+02
3225 -2.61000e+02
3311 -2.60000e+02
3346 -2.57000e+02
3424 -2.56000e+02
3452 -2.55000e+02
3524 -2.54000e+02
3607 -2.53000e+02
3770 -2.52000e+02
3864 -2.50000e+02
3949 -2.49000e+02
4058 -2.48000e+02
4140 -2.47000e+02
4324 -2.46000e+02
4361 -2.45000e+02
4706 -2.44000e+02
4800 -2.43000e+02
4948 -2.42000e+02
5024 -2.41000e+02
5109 -2.40000e+02
5194 -2.39000e+02
5328 -2.38000e+02
5520 -2.37000e+02
5710 -2.36000e+02
5769 -2.35000e+02
6010 -2.34000e+02
6268 -2.33000e+02
6321 -2.32000e+02
6543 -2.31000e+02
6594 -2.30000e+02
6657 -2.29000e+02
6686 -2.28000e+02
6701 -2.27000e+02
6790 -2.26000e+02
6864 -2.25000e+02
7033 -2.24000e+02
7116 -2.23000e+02
7298 -2.22000e+02
7352 -2.21000e+02
7499 -2.20000e+02
7629 -2.19000e+02
7737 -2.18000e+02
7930 -2.17000e+02
7973 -2.16000e+02
8215 -2.15000e+02
8292 -2.14000e+02
8364 -2.13000e+02
8501 -2.12000e+02
8605 -2.11000e+02
8770 -2.10000e+02
9087 -2.09000e+02
9217 -2.08000e+02
9356 -2.07000e+02
9402 -2.06000e+02
9416 -2.05000e+02
9476 -2.04000e+02
9608 -2.03000e+02
9669 -2.02000e+02
9712 -2.01000e+02
9842 -2.00000e+02
9951 -2.00000e+02
"function evaluation" "best-so-far f(x)"
1 -3.03000e+02
12 -3.02000e+02
159 -3.01000e+02
193 -3.00000e+02
349 -2.99000e+02
482 -2.98000e+02
584 -2.97000e+02
720 -2.96000e+02
744 -2.95000e+02
849 -2.94000e+02
911 -2.92000e+02
1101 -2.91000e+02
1218 -2.90000e+02
1317 -2.89000e+02
1487 -2.88000e+02
1599 -2.87000e+02
1654 -2.86000e+02
1748 -2.85000e+02
1762 -2.84000e+02
1831 -2.83000e+02
1943 -2.82000e+02
2093 -2.81000e+02
2116 -2.80000e+02
2192 -2.79000e+02
2352 -2.78000e+02
2404 -2.77000e+02
2495 -2.76000e+02
2632 -2.75000e+02
2684 -2.74000e+02
2697 -2.73000e+02
2743 -2.72000e+02
2792 -2.71000e+02
2961 -2.70000e+02
3038 -2.69000e+02
3097 -2.68000e+02
3175 -2.67000e+02
3299 -2.66000e+02
3455 -2.65000e+02
3460 -2.64000e+02
3628 -2.62000e+02
3681 -2.61000e+02
3743 -2.60000e+02
3794 -2.58000e+02
3887 -2.57000e+02
3917 -2.56000e+02
4032 -2.55000e+02
4194 -2.54000e+02
4354 -2.53000e+02
4444 -2.52000e+02
4488 -2.51000e+02
4503 -2.50000e+02
4695 -2.49000e+02
4839 -2.48000e+02
4955 -2.47000e+02
4971 -2.46000e+02
5028 -2.45000e+02
5062 -2.44000e+02
5196 -2.43000e+02
5234 -2.42000e+02
5330 -2.41000e+02
5592 -2.40000e+02
5737 -2.39000e+02
5845 -2.38000e+02
6072 -2.37000e+02
6190 -2.36000e+02
6239 -2.35000e+02
6398 -2.34000e+02
6468 -2.33000e+02
6597 -2.32000e+02
6694 -2.31000e+02
6748 -2.30000e+02
6805 -2.29000e+02
6881 -2.28000e+02
6886 -2.27000e+02
6992 -2.26000e+02
7122 -2.25000e+02
7245 -2.24000e+02
7278 -2.23000e+02
7471 -2.22000e+02
7532 -2.21000e+02
7674 -2.20000e+02
7707 -2.19000e+02
7805 -2.18000e+02
7856 -2.17000e+02
7866 -2.16000e+02
8030 -2.15000e+02
8173 -2.14000e+02
8250 -2.13000e+02
8330 -2.12000e+02
8489 -2.11000e+02
8582 -2.10000e+02
8674 -2.08000e+02
8757 -2.07000e+02
8930 -2.06000e+02
9011 -2.05000e+02
9180 -2.04000e+02
9274 -2.03000e+02
9355 -2.02000e+02
9568 -2.01000e+02
9596 -2.00000e+02
9690 -1.99000e+02
9792 -1.98000e+02
9933 -1.97000e+02
9940 -1.96000e+02
9951 -1.96000e+02
"function evaluation" "best-so-far f(x)"
1 -3.03000e+02
2 -3.02000e+02
89 -3.01000e+02
166 -3.00000e+02
268 -2.99000e+02
501 -2.98000e+02
604 -2.97000e+02
825 -2.96000e+02
954 -2.94000e+02
1054 -2.93000e+02
1158 -2.92000e+02
1270 -2.91000e+02
1341 -2.89000e+02
1436 -2.88000e+02
1532 -2.87000e+02
1579 -2.86000e+02
1721 -2.85000e+02
1729 -2.84000e+02
1888 -2.83000e+02
1909 -2.82000e+02
1963 -2.81000e+02
2026 -2.80000e+02
2066 -2.79000e+02
2207 -2.78000e+02
2369 -2.77000e+02
2468 -2.76000e+02
2561 -2.75000e+02
2583 -2.74000e+02
2708 -2.73000e+02
2755 -2.72000e+02
2849 -2.71000e+02
2870 -2.70000e+02
3052 -2.69000e+02
3136 -2.68000e+02
3196 -2.67000e+02
3300 -2.66000e+02
3429 -2.65000e+02
3538 -2.64000e+02
3613 -2.63000e+02
3697 -2.62000e+02
3916 -2.61000e+02
4068 -2.60000e+02
4157 -2.59000e+02
4204 -2.58000e+02
4323 -2.57000e+02
4458 -2.56000e+02
4562 -2.55000e+02
4615 -2.54000e+02
4681 -2.53000e+02
4796 -2.52000e+02
5020 -2.51000e+02
5125 -2.50000e+02
5232 -2.49000e+02
5297 -2.48000e+02
5392 -2.47000e+02
5469 -2.46000e+02
5674 -2.45000e+02
5749 -2.44000e+02
5784 -2.43000e+02
5867 -2.42000e+02
5987 -2.41000e+02
6053 -2.40000e+02
6161 -2.39000e+02
6258 -2.38000e+02
6337 -2.37000e+02
6506 -2.36000e+02
6578 -2.35000e+02
6764 -2.34000e+02
6807 -2.33000e+02
6847 -2.32000e+02
6973 -2.31000e+02
7047 -2.30000e+02
7089 -2.29000e+02
7205 -2.28000e+02
7436 -2.27000e+02
7534 -2.26000e+02
7649 -2.25000e+02
7772 -2.24000e+02
7884 -2.23000e+02
7963 -2.22000e+02
7985 -2.21000e+02
8238 -2.20000e+02
8412 -2.19000e+02
8485 -2.18000e+02
8510 -2.17000e+02
8569 -2.16000e+02
8864 -2.15000e+02
8878 -2.14000e+02
9019 -2.13000e+02
9084 -2.12000e+02
9248 -2.11000e+02
9382 -2.10000e+02
9478 -2.09000e+02
9605 -2.08000e+02
9654 -2.07000e+02
9854 -2.06000e+02
9951 -2.06000e+02
"function evaluation" "best-so-far f(x)"
1 -3.03000e+02
87 -3.02000e+02
135 -3.01000e+02
194 -3.00000e+02
225 -2.98000e+02
285 -2.97000e+02
384 -2.96000e+02
510 -2.95000e+02
744 -2.94000e+02
788 -2.93000e+02
871 -2.92000e+02
1044 -2.91000e+02
1155 -2.90000e+02
1181 -2.89000e+02
1491 -2.88000e+02
1705 -2.87000e+02
1838 -2.86000e+02
1891 -2.84000e+02
1936 -2.83000e+02
2128 -2.82000e+02
2198 -2.81000e+02
2252 -2.80000e+02
2350 -2.79000e+02
2559 -2.78000e+02
2628 -2.77000e+02
2716 -2.75000e+02
2731 -2.74000e+02
2917 -2.72000e+02
2990 -2.71000e+02
3020 -2.70000e+02
3083 -2.68000e+02
3094 -2.67000e+02
3168 -2.66000e+02
3248 -2.65000e+02
3358 -2.64000e+02
3403 -2.63000e+02
3417 -2.62000e+02
3549 -2.61000e+02
3585 -2.60000e+02
3620 -2.59000e+02
3813 -2.58000e+02
3885 -2.57000e+02
3996 -2.56000e+02
4133 -2.55000e+02
4262 -2.54000e+02
4528 -2.53000e+02
4700 -2.52000e+02
4768 -2.51000e+02
4911 -2.50000e+02
5146 -2.49000e+02
5326 -2.48000e+02
5384 -2.47000e+02
5517 -2.46000e+02
5614 -2.45000e+02
5706 -2.44000e+02
5850 -2.43000e+02
5871 -2.42000e+02
5921 -2.41000e+02
6093 -2.40000e+02
6261 -2.39000e+02
6418 -2.38000e+02
6576 -2.37000e+02
6719 -2.36000e+02
6878 -2.35000e+02
6990 -2.34000e+02
7033 -2.33000e+02
7127 -2.32000e+02
7228 -2.31000e+02
7235 -2.30000e+02
7349 -2.29000e+02
7414 -2.28000e+02
7495 -2.27000e+02
7611 -2.26000e+02
7746 -2.25000e+02
7821 -2.24000e+02
7831 -2.23000e+02
7953 -2.22000e+02
8085 -2.21000e+02
8101 -2.20000e+02
8174 -2.19000e+02
8370 -2.18000e+02
8395 -2.17000e+02
8511 -2.16000e+02
8732 -2.15000e+02
8792 -2.14000e+02
8845 -2.13000e+02
9002 -2.12000e+02
9137 -2.11000e+02
9413 -2.10000e+02
9572 -2.09000e+02
9820 -2.08000e+02
9906 -2.07000e+02
9951 -2.07000e+02
"function evaluation" "best-so-far f(x)"
1 -3.03000e+02
54 -3.01000e+02
118 -3.00000e+02
195 -2.99000e+02
249 -2.98000e+02
437 -2.97000e+02
511 -2.96000e+02
528 -2.95000e+02
640 -2.94000e+02
678 -2.93000e+02
750 -2.92000e+02
800 -2.91000e+02
863 -2.90000e+02
918 -2.89000e+02
1025 -2.88000e+02
1088 -2.87000e+02
1192 -2.86000e+02
1363 -2.85000e+02
1437 -2.84000e+02
1476 -2.83000e+02
1510 -2.82000e+02
1624 -2.81000e+02
1695 -2.80000e+02
1823 -2.79000e+02
1873 -2.78000e+02
2100 -2.77000e+02
2190 -2.76000e+02
2289 -2.75000e+02
2346 -2.74000e+02
2481 -2.73000e+02
2573 -2.72000e+02
2637 -2.71000e+02
2678 -2.70000e+02
2750 -2.69000e+02
2827 -2.68000e+02
2993 -2.67000e+02
3116 -2.66000e+02
3299 -2.65000e+02
3419 -2.64000e+02
3603 -2.63000e+02
3640 -2.62000e+02
3843 -2.61000e+02
3886 -2.60000e+02
4005 -2.59000e+02
4024 -2.58000e+02
4118 -2.57000e+02
4131 -2.56000e+02
4225 -2.55000e+02
4373 -2.54000e+02
4462 -2.53000e+02
4544 -2.52000e+02
4570 -2.51000e+02
4831 -2.50000e+02
4897 -2.49000e+02
4952 -2.48000e+02
4992 -2.47000e+02
5245 -2.46000e+02
5321 -2.45000e+02
5422 -2.44000e+02
5488 -2.43000e+02
5580 -2.42000e+02
5748 -2.41000e+02
5819 -2.40000e+02
5867 -2.39000e+02
5896 -2.38000e+02
6064 -2.37000e+02
6171 -2.36000e+02
6286 -2.35000e+02
6442 -2.34000e+02
6511 -2.33000e+02
6599 -2.31000e+02
6661 -2.29000e+02
6742 -2.28000e+02
6974 -2.27000e+02
7015 -2.26000e+02
7034 -2.25000e+02
7150 -2.24000e+02
7187 -2.23000e+02
7409 -2.22000e+02
7450 -2.21000e+02
7588 -2.20000e+02
7779 -2.19000e+02
7795 -2.18000e+02
7825 -2.17000e+02
7890 -2.16000e+02
7933 -2.15000e+02
8100 -2.14000e+02
8244 -2.13000e+02
8360 -2.12000e+02
8646 -2.11000e+02
8741 -2.10000e+02
8940 -2.09000e+02
9012 -2.08000e+02
9110 -2.07000e+02
9155 -2.06000e+02
9194 -2.05000e+02
9313 -2.04000e+02
9433 -2.03000e+02
9598 -2.02000e+02
9771 -2.01000e+02
9951 -2.01000e+02
"function evaluation" "best-so-far f(x)"
1 -3.03000e+02
21 -3.02000e+02
141 -3.01000e+02
144 -3.00000e+02
243 -2.99000e+02
403 -2.98000e+02
469 -2.97000e+02
548 -2.95000e+02
776 -2.94000e+02
940 -2.93000e+02
1041 -2.92000e+02
1073 -2.91000e+02
1161 -2.90000e+02
1450 -2.89000e+02
1523 -2.88000e+02
1677 -2.87000e+02
1739 -2.86000e+02
1776 -2.85000e+02
1833 -2.84000e+02
1899 -2.83000e+02
1983 -2.82000e+02
2022 -2.81000e+02
2102 -2.80000e+02
2140 -2.79000e+02
2216 -2.78000e+02
2355 -2.77000e+02
2454 -2.76000e+02
2546 -2.75000e+02
2594 -2.74000e+02
2791 -2.73000e+02
2846 -2.71000e+02
2874 -2.69000e+02
2906 -2.68000e+02
3145 -2.67000e+02
3285 -2.66000e+02
3421 -2.65000e+02
3641 -2.64000e+02
3706 -2.63000e+02
3793 -2.60000e+02
4020 -2.59000e+02
4074 -2.58000e+02
4111 -2.57000e+02
4238 -2.56000e+02
4344 -2.55000e+02
4376 -2.54000e+02
4526 -2.53000e+02
4705 -2.52000e+02
4809 -2.51000e+02
4903 -2.50000e+02
5073 -2.48000e+02
5117 -2.47000e+02
5386 -2.46000e+02
5415 -2.45000e+02
5616 -2.44000e+02
5629 -2.43000e+02
5742 -2.42000e+02
5757 -2.41000e+02
5777 -2.40000e+02
5921 -2.39000e+02
5958 -2.38000e+02
6174 -2.37000e+02
6221 -2.36000e+02
6293 -2.35000e+02
6478 -2.34000e+02
6726 -2.33000e+02
6885 -2.32000e+02
7055 -2.31000e+02
7175 -2.30000e+02
7222 -2.29000e+02
7352 -2.28000e+02
7572 -2.27000e+02
7895 -2.26000e+02
7918 -2.25000e+02
8061 -2.24000e+02
8142 -2.23000e+02
8287 -2.21000e+02
8467 -2.20000e+02
8531 -2.19000e+02
8688 -2.18000e+02
8792 -2.17000e+02
8831 -2.16000e+02
8994 -2.15000e+02
9121 -2.14000e+02
9138 -2.13000e+02
9169 -2.12000e+02
9224 -2.11000e+02
9282 -2.10000e+02
9455 -2.09000e+02
9673 -2.08000e+02
9739 -2.07000e+02
9753 -2.06000e+02
9924 -2.05000e+02
9951 -2.05000e+02
