"function evaluation" "best-so-far f(x)"
1 -6.60000e+01
73 -6.50000e+01
112 -6.40000e+01
140 -6.30000e+01
178 -6.20000e+01
230 -6.10000e+01
310 -6.00000e+01
333 -5.90000e+01
428 -5.80000e+01
482 -5.70000e+01
499 -5.60000e+01
546 -5.50000e+01
562 -5.30000e+01
584 -5.20000e+01
660 -5.10000e+01
712 -5.00000e+01
735 -4.90000e+01
743 -4.80000e+01
767 -4.70000e+01
796 -4.60000e+01
848 -4.50000e+01
876 -4.40000e+01
908 -4.30000e+01
916 -4.20000e+01
946 -4.10000e+01
1101 -4.00000e+01
1128 -3.90000e+01
1139 -3.70000e+01
1196 -3.60000e+01
1197 -3.50000e+01
1247 -3.40000e+01
1255 -3.30000e+01
1280 -3.20000e+01
1299 -3.10000e+01
1310 -3.00000e+01
1334 -2.90000e+01
1371 -2.80000e+01
1453 -2.70000e+01
1515 -2.60000e+01
1532 -2.50000e+01
1730 -2.40000e+01
1871 -2.30000e+01
1913 -2.20000e+01
1962 -2.10000e+01
1982 -2.00000e+01
2075 -1.90000e+01
2138 -1.80000e+01
2290 -1.70000e+01
2338 -1.60000e+01
2362 -1.50000e+01
2400 -1.40000e+01
2803 -1.30000e+01
2877 -1.20000e+01
3027 -1.10000e+01
3073 -1.00000e+01
3218 -9.00000e+00
3242 -8.00000e+00
3396 -7.00000e+00
3544 -6.00000e+00
3600 -5.00000e+00
3619 -4.00000e+00
3697 -3.00000e+00
3783 -2.00000e+00
3980 -1.00000e+00
4157 +5.96000e+02
4162 +6.03000e+02
4516 +6.10000e+02
4690 +6.24000e+02
5098 +6.26000e+02
5195 +6.31000e+02
6627 +6.37000e+02
7938 +6.45000e+02
9606 +6.48000e+02
10639 +6.49000e+02
11743 +6.50000e+02
11748 +6.58000e+02
13229 +6.59000e+02
13679 +6.60000e+02
14002 +6.68000e+02
17389 +6.71000e+02
24353 +6.87000e+02
69919 +6.94000e+02
99991 +6.94000e+02
"function evaluation" "best-so-far f(x)"
1 -6.60000e+01
6 -6.50000e+01
39 -6.40000e+01
67 -6.30000e+01
78 -6.20000e+01
128 -6.10000e+01
165 -6.00000e+01
175 -5.90000e+01
177 -5.80000e+01
179 -5.70000e+01
205 -5.60000e+01
266 -5.50000e+01
310 -5.40000e+01
340 -5.30000e+01
377 -5.20000e+01
437 -5.10000e+01
448 -5.00000e+01
532 -4.90000e+01
556 -4.80000e+01
598 -4.70000e+01
634 -4.60000e+01
681 -4.50000e+01
866 -4.40000e+01
954 -4.30000e+01
1035 -4.20000e+01
1037 -4.10000e+01
1057 -4.00000e+01
1079 -3.90000e+01
1099 -3.80000e+01
1132 -3.70000e+01
1290 -3.60000e+01
1315 -3.50000e+01
1325 -3.40000e+01
1339 -3.30000e+01
1343 -3.20000e+01
1477 -3.10000e+01
1490 -3.00000e+01
1565 -2.90000e+01
1703 -2.80000e+01
1791 -2.70000e+01
1929 -2.60000e+01
1933 -2.50000e+01
1966 -2.40000e+01
2001 -2.30000e+01
2051 -2.20000e+01
2152 -2.10000e+01
2181 -2.00000e+01
2229 -1.90000e+01
2291 -1.80000e+01
2305 -1.70000e+01
2330 -1.60000e+01
2541 -1.50000e+01
2753 -1.40000e+01
2878 -1.30000e+01
2941 -1.20000e+01
3060 -1.10000e+01
3101 -1.00000e+01
3108 -9.00000e+00
3271 -8.00000e+00
3291 -7.00000e+00
3540 -6.00000e+00
3612 -5.00000e+00
3647 -4.00000e+00
3717 -3.00000e+00
3939 -2.00000e+00
3983 -1.00000e+00
4265 +5.58000e+02
5038 +5.66000e+02
5535 +5.72000e+02
5897 +5.76000e+02
7000 +6.10000e+02
7593 +6.19000e+02
8431 +6.25000e+02
8528 +6.31000e+02
9348 +6.42000e+02
10315 +6.43000e+02
10747 +6.50000e+02
11895 +6.53000e+02
11951 +6.55000e+02
14386 +6.57000e+02
18141 +6.64000e+02
20994 +6.66000e+02
22997 +6.68000e+02
23001 +6.72000e+02
25224 +6.74000e+02
31522 +6.75000e+02
35167 +6.76000e+02
44193 +6.77000e+02
49618 +6.82000e+02
52113 +6.83000e+02
65166 +6.87000e+02
66955 +6.93000e+02
81426 +6.94000e+02
93901 +6.96000e+02
99991 +6.96000e+02
"function evaluation" "best-so-far f(x)"
1 -6.60000e+01
7 -6.50000e+01
10 -6.40000e+01
46 -6.30000e+01
66 -6.20000e+01
101 -6.10000e+01
140 -6.00000e+01
156 -5.90000e+01
221 -5.80000e+01
276 -5.70000e+01
331 -5.60000e+01
395 -5.50000e+01
423 -5.40000e+01
449 -5.30000e+01
492 -5.20000e+01
516 -5.10000e+01
546 -5.00000e+01
572 -4.90000e+01
588 -4.80000e+01
620 -4.70000e+01
632 -4.60000e+01
647 -4.50000e+01
656 -4.40000e+01
688 -4.30000e+01
715 -4.20000e+01
745 -4.10000e+01
793 -4.00000e+01
823 -3.90000e+01
836 -3.80000e+01
885 -3.70000e+01
920 -3.60000e+01
938 -3.50000e+01
968 -3.40000e+01
1018 -3.30000e+01
1033 -3.20000e+01
1056 -3.10000e+01
1065 -3.00000e+01
1113 -2.90000e+01
1135 -2.80000e+01
1153 -2.70000e+01
1176 -2.60000e+01
1321 -2.50000e+01
1378 -2.40000e+01
1394 -2.30000e+01
1499 -2.20000e+01
1532 -2.10000e+01
1551 -2.00000e+01
1607 -1.90000e+01
1711 -1.80000e+01
1763 -1.70000e+01
1833 -1.60000e+01
1947 -1.50000e+01
2081 -1.40000e+01
2131 -1.30000e+01
2346 -1.10000e+01
2407 -1.00000e+01
2465 -9.00000e+00
2489 -8.00000e+00
2511 -7.00000e+00
2537 -6.00000e+00
2574 -5.00000e+00
2887 -4.00000e+00
2929 -3.00000e+00
3437 -2.00000e+00
3592 -1.00000e+00
3704 +6.11000e+02
4203 +6.18000e+02
4758 +6.26000e+02
8544 +6.33000e+02
8900 +6.34000e+02
9091 +6.52000e+02
9768 +6.60000e+02
10917 +6.61000e+02
12707 +6.71000e+02
20452 +6.72000e+02
29600 +6.73000e+02
40767 +6.81000e+02
55063 +6.82000e+02
56964 +6.84000e+02
96305 +6.85000e+02
99991 +6.85000e+02
"function evaluation" "best-so-far f(x)"
1 -6.60000e+01
25 -6.50000e+01
50 -6.40000e+01
81 -6.30000e+01
83 -6.20000e+01
117 -6.10000e+01
139 -6.00000e+01
153 -5.90000e+01
175 -5.80000e+01
205 -5.70000e+01
217 -5.60000e+01
282 -5.50000e+01
316 -5.40000e+01
357 -5.30000e+01
412 -5.10000e+01
501 -5.00000e+01
536 -4.90000e+01
550 -4.80000e+01
570 -4.70000e+01
620 -4.50000e+01
697 -4.40000e+01
746 -4.30000e+01
762 -4.20000e+01
770 -4.10000e+01
793 -4.00000e+01
868 -3.90000e+01
877 -3.80000e+01
952 -3.70000e+01
979 -3.60000e+01
983 -3.50000e+01
999 -3.40000e+01
1040 -3.30000e+01
1093 -3.20000e+01
1166 -3.10000e+01
1322 -3.00000e+01
1334 -2.90000e+01
1377 -2.80000e+01
1459 -2.70000e+01
1514 -2.60000e+01
1592 -2.50000e+01
1617 -2.40000e+01
1698 -2.30000e+01
1777 -2.20000e+01
1818 -2.10000e+01
1971 -2.00000e+01
2002 -1.80000e+01
2079 -1.70000e+01
2132 -1.60000e+01
2160 -1.50000e+01
2194 -1.40000e+01
2252 -1.30000e+01
2282 -1.20000e+01
2353 -1.10000e+01
2455 -1.00000e+01
2471 -9.00000e+00
3135 -8.00000e+00
3263 -7.00000e+00
3332 -6.00000e+00
3629 -5.00000e+00
3774 -4.00000e+00
3897 -3.00000e+00
4034 -2.00000e+00
4186 -1.00000e+00
4231 +5.73000e+02
4466 +5.91000e+02
4547 +5.93000e+02
5003 +6.02000e+02
5051 +6.14000e+02
5275 +6.29000e+02
5401 +6.39000e+02
7717 +6.46000e+02
7758 +6.49000e+02
8232 +6.51000e+02
19141 +6.55000e+02
32433 +6.61000e+02
40044 +6.66000e+02
46932 +6.69000e+02
51962 +6.72000e+02
52370 +6.74000e+02
55843 +6.75000e+02
58163 +6.80000e+02
58919 +6.81000e+02
59954 +6.82000e+02
60659 +6.90000e+02
60763 +6.92000e+02
75857 +6.95000e+02
99991 +6.95000e+02
"function evaluation" "best-so-far f(x)"
1 -6.60000e+01
28 -6.50000e+01
37 -6.40000e+01
66 -6.30000e+01
67 -6.20000e+01
78 -6.10000e+01
102 -6.00000e+01
119 -5.90000e+01
168 -5.80000e+01
183 -5.70000e+01
202 -5.60000e+01
260 -5.50000e+01
316 -5.40000e+01
325 -5.30000e+01
396 -5.20000e+01
456 -5.10000e+01
483 -5.00000e+01
608 -4.90000e+01
638 -4.80000e+01
639 -4.70000e+01
658 -4.60000e+01
662 -4.50000e+01
721 -4.40000e+01
806 -4.30000e+01
937 -4.20000e+01
959 -4.10000e+01
979 -4.00000e+01
995 -3.90000e+01
1057 -3.80000e+01
1085 -3.70000e+01
1121 -3.60000e+01
1166 -3.50000e+01
1172 -3.40000e+01
1250 -3.30000e+01
1300 -3.20000e+01
1356 -3.10000e+01
1402 -3.00000e+01
1493 -2.90000e+01
1505 -2.80000e+01
1545 -2.70000e+01
1555 -2.60000e+01
1701 -2.50000e+01
1803 -2.40000e+01
1814 -2.20000e+01
1939 -2.10000e+01
1968 -2.00000e+01
2028 -1.90000e+01
2136 -1.80000e+01
2189 -1.70000e+01
2234 -1.60000e+01
2349 -1.50000e+01
2443 -1.40000e+01
2504 -1.30000e+01
2599 -1.20000e+01
2643 -1.10000e+01
2733 -1.00000e+01
2778 -9.00000e+00
2845 -8.00000e+00
2947 -7.00000e+00
3055 -6.00000e+00
3080 -5.00000e+00
3285 -4.00000e+00
3318 -3.00000e+00
3521 -2.00000e+00
3638 -1.00000e+00
3647 +5.71000e+02
3675 +5.79000e+02
3915 +6.01000e+02
4579 +6.07000e+02
4585 +6.15000e+02
5078 +6.20000e+02
5730 +6.21000e+02
5902 +6.23000e+02
6566 +6.30000e+02
6689 +6.31000e+02
6711 +6.32000e+02
7728 +6.35000e+02
8007 +6.41000e+02
8827 +6.45000e+02
10268 +6.55000e+02
12836 +6.68000e+02
16984 +6.70000e+02
18602 +6.80000e+02
21100 +6.83000e+02
42947 +6.84000e+02
78211 +6.88000e+02
80045 +6.89000e+02
86893 +6.91000e+02
96092 +6.93000e+02
96878 +6.98000e+02
99991 +6.98000e+02
"function evaluation" "best-so-far f(x)"
1 -6.60000e+01
6 -6.50000e+01
32 -6.40000e+01
67 -6.30000e+01
111 -6.20000e+01
129 -6.10000e+01
146 -6.00000e+01
187 -5.90000e+01
226 -5.80000e+01
261 -5.70000e+01
349 -5.60000e+01
377 -5.50000e+01
401 -5.40000e+01
439 -5.30000e+01
494 -5.10000e+01
591 -5.00000e+01
593 -4.90000e+01
625 -4.80000e+01
658 -4.70000e+01
681 -4.60000e+01
691 -4.50000e+01
801 -4.40000e+01
874 -4.30000e+01
894 -4.10000e+01
905 -4.00000e+01
939 -3.90000e+01
967 -3.80000e+01
1036 -3.70000e+01
1061 -3.60000e+01
1124 -3.50000e+01
1151 -3.40000e+01
1220 -3.30000e+01
1282 -3.20000e+01
1322 -3.10000e+01
1461 -3.00000e+01
1496 -2.90000e+01
1529 -2.80000e+01
1581 -2.70000e+01
1677 -2.60000e+01
1712 -2.50000e+01
1821 -2.40000e+01
1942 -2.30000e+01
1989 -2.20000e+01
2010 -2.10000e+01
2021 -2.00000e+01
2274 -1.90000e+01
2409 -1.80000e+01
2489 -1.70000e+01
2587 -1.60000e+01
2652 -1.50000e+01
2679 -1.40000e+01
2752 -1.30000e+01
2856 -1.20000e+01
3054 -1.10000e+01
3285 -1.00000e+01
3341 -9.00000e+00
3368 -8.00000e+00
3456 -7.00000e+00
3734 -6.00000e+00
3789 -5.00000e+00
3974 -4.00000e+00
3987 -3.00000e+00
4114 -2.00000e+00
4282 -1.00000e+00
4434 +5.87000e+02
6299 +5.93000e+02
7121 +6.00000e+02
7187 +6.13000e+02
7304 +6.16000e+02
7731 +6.20000e+02
7767 +6.30000e+02
8619 +6.39000e+02
9238 +6.41000e+02
10038 +6.47000e+02
11232 +6.53000e+02
12525 +6.54000e+02
13050 +6.63000e+02
13374 +6.72000e+02
15795 +6.75000e+02
20176 +6.77000e+02
26957 +6.82000e+02
30180 +6.86000e+02
37069 +6.87000e+02
53904 +6.88000e+02
80762 +6.89000e+02
96154 +6.91000e+02
99991 +6.91000e+02
"function evaluation" "best-so-far f(x)"
1 -6.60000e+01
37 -6.50000e+01
57 -6.40000e+01
102 -6.30000e+01
137 -6.20000e+01
154 -6.10000e+01
200 -6.00000e+01
260 -5.90000e+01
286 -5.80000e+01
325 -5.70000e+01
328 -5.60000e+01
337 -5.50000e+01
366 -5.40000e+01
458 -5.30000e+01
496 -5.20000e+01
536 -5.10000e+01
555 -5.00000e+01
561 -4.90000e+01
569 -4.80000e+01
613 -4.70000e+01
615 -4.60000e+01
721 -4.50000e+01
789 -4.40000e+01
810 -4.30000e+01
843 -4.20000e+01
949 -4.10000e+01
961 -3.90000e+01
1000 -3.80000e+01
1009 -3.70000e+01
1043 -3.60000e+01
1102 -3.50000e+01
1207 -3.40000e+01
1208 -3.30000e+01
1309 -3.20000e+01
1385 -3.10000e+01
1421 -3.00000e+01
1538 -2.90000e+01
1548 -2.80000e+01
1561 -2.70000e+01
1596 -2.60000e+01
1615 -2.50000e+01
1646 -2.40000e+01
1728 -2.30000e+01
1843 -2.20000e+01
2016 -2.10000e+01
2113 -2.00000e+01
2138 -1.90000e+01
2160 -1.80000e+01
2187 -1.60000e+01
2248 -1.50000e+01
2503 -1.40000e+01
2510 -1.30000e+01
2562 -1.20000e+01
2594 -1.10000e+01
2599 -1.00000e+01
2630 -9.00000e+00
2846 -8.00000e+00
3052 -7.00000e+00
3217 -6.00000e+00
3232 -5.00000e+00
3348 -4.00000e+00
3608 -3.00000e+00
3658 -2.00000e+00
3727 -1.00000e+00
3825 +5.42000e+02
3970 +5.54000e+02
4007 +5.65000e+02
4203 +5.86000e+02
4477 +5.99000e+02
5100 +6.00000e+02
5680 +6.09000e+02
5724 +6.16000e+02
5917 +6.34000e+02
6166 +6.42000e+02
6302 +6.47000e+02
6493 +6.51000e+02
9138 +6.59000e+02
11526 +6.62000e+02
12581 +6.71000e+02
14267 +6.79000e+02
24220 +6.82000e+02
44507 +6.84000e+02
47872 +6.85000e+02
49281 +6.87000e+02
49531 +6.91000e+02
49669 +6.93000e+02
51542 +6.99000e+02
99991 +6.99000e+02
"function evaluation" "best-so-far f(x)"
1 -6.60000e+01
5 -6.50000e+01
93 -6.40000e+01
129 -6.30000e+01
266 -6.20000e+01
270 -6.10000e+01
344 -6.00000e+01
358 -5.90000e+01
377 -5.80000e+01
380 -5.70000e+01
422 -5.60000e+01
512 -5.50000e+01
567 -5.40000e+01
573 -5.30000e+01
608 -5.20000e+01
618 -5.10000e+01
658 -5.00000e+01
667 -4.80000e+01
680 -4.70000e+01
701 -4.60000e+01
715 -4.50000e+01
751 -4.40000e+01
773 -4.30000e+01
803 -4.20000e+01
815 -4.10000e+01
823 -4.00000e+01
914 -3.90000e+01
989 -3.80000e+01
1047 -3.70000e+01
1091 -3.60000e+01
1133 -3.50000e+01
1179 -3.40000e+01
1235 -3.30000e+01
1432 -3.20000e+01
1461 -3.10000e+01
1589 -3.00000e+01
1597 -2.90000e+01
1802 -2.80000e+01
1866 -2.70000e+01
1895 -2.60000e+01
1990 -2.50000e+01
2145 -2.40000e+01
2370 -2.30000e+01
2450 -2.20000e+01
2501 -2.10000e+01
2776 -2.00000e+01
2870 -1.90000e+01
2955 -1.80000e+01
3497 -1.70000e+01
3547 -1.60000e+01
3592 -1.50000e+01
3647 -1.40000e+01
3699 -1.30000e+01
3730 -1.20000e+01
3856 -1.10000e+01
3937 -1.00000e+01
4035 -9.00000e+00
4088 -8.00000e+00
4148 -6.00000e+00
4176 -5.00000e+00
4379 -4.00000e+00
4397 -3.00000e+00
4578 -2.00000e+00
5128 -1.00000e+00
5349 +5.49000e+02
5510 +5.61000e+02
5758 +5.70000e+02
5898 +5.77000e+02
6037 +5.90000e+02
6651 +5.93000e+02
6809 +6.13000e+02
7491 +6.14000e+02
7769 +6.17000e+02
7960 +6.18000e+02
8915 +6.30000e+02
9806 +6.34000e+02
9965 +6.47000e+02
10265 +6.50000e+02
11988 +6.51000e+02
14904 +6.54000e+02
17031 +6.56000e+02
19498 +6.66000e+02
29034 +6.67000e+02
34200 +6.72000e+02
34394 +6.81000e+02
56555 +6.87000e+02
73145 +6.88000e+02
87278 +6.97000e+02
99991 +6.97000e+02
"function evaluation" "best-so-far f(x)"
1 -6.60000e+01
17 -6.50000e+01
69 -6.40000e+01
104 -6.30000e+01
132 -6.20000e+01
153 -6.10000e+01
169 -6.00000e+01
215 -5.90000e+01
260 -5.80000e+01
291 -5.70000e+01
303 -5.60000e+01
362 -5.50000e+01
386 -5.40000e+01
402 -5.30000e+01
445 -5.20000e+01
465 -5.10000e+01
484 -5.00000e+01
520 -4.90000e+01
566 -4.80000e+01
580 -4.70000e+01
599 -4.60000e+01
613 -4.50000e+01
726 -4.40000e+01
757 -4.30000e+01
781 -4.20000e+01
806 -4.10000e+01
831 -4.00000e+01
833 -3.90000e+01
837 -3.80000e+01
956 -3.70000e+01
1000 -3.60000e+01
1081 -3.50000e+01
1230 -3.40000e+01
1264 -3.30000e+01
1275 -3.20000e+01
1357 -3.10000e+01
1399 -3.00000e+01
1585 -2.90000e+01
1638 -2.80000e+01
1719 -2.70000e+01
1766 -2.60000e+01
1826 -2.50000e+01
1841 -2.40000e+01
1948 -2.30000e+01
2038 -2.20000e+01
2043 -2.10000e+01
2147 -2.00000e+01
2208 -1.90000e+01
2221 -1.80000e+01
2277 -1.70000e+01
2340 -1.60000e+01
2368 -1.50000e+01
2408 -1.40000e+01
2549 -1.30000e+01
2563 -1.20000e+01
2822 -1.10000e+01
2933 -1.00000e+01
2990 -9.00000e+00
3032 -8.00000e+00
3341 -7.00000e+00
3377 -6.00000e+00
3418 -5.00000e+00
3765 -4.00000e+00
4131 -3.00000e+00
4171 -2.00000e+00
4219 -1.00000e+00
5221 +5.78000e+02
5260 +5.83000e+02
5615 +5.85000e+02
5750 +6.07000e+02
5901 +6.25000e+02
6068 +6.31000e+02
8139 +6.36000e+02
10285 +6.39000e+02
12666 +6.46000e+02
12826 +6.48000e+02
15330 +6.52000e+02
15840 +6.53000e+02
17729 +6.60000e+02
18341 +6.67000e+02
22001 +6.68000e+02
38436 +6.71000e+02
48409 +6.73000e+02
60134 +6.76000e+02
74803 +6.78000e+02
75951 +6.83000e+02
86104 +6.84000e+02
86976 +6.89000e+02
99991 +6.89000e+02
"function evaluation" "best-so-far f(x)"
1 -6.60000e+01
10 -6.50000e+01
40 -6.40000e+01
46 -6.30000e+01
150 -6.10000e+01
183 -5.90000e+01
230 -5.80000e+01
235 -5.70000e+01
252 -5.60000e+01
291 -5.50000e+01
324 -5.40000e+01
344 -5.30000e+01
424 -5.20000e+01
441 -5.00000e+01
467 -4.90000e+01
632 -4.80000e+01
670 -4.70000e+01
723 -4.60000e+01
740 -4.50000e+01
781 -4.40000e+01
902 -4.30000e+01
946 -4.20000e+01
1005 -4.10000e+01
1036 -4.00000e+01
1048 -3.90000e+01
1118 -3.80000e+01
1194 -3.70000e+01
1223 -3.60000e+01
1244 -3.50000e+01
1346 -3.40000e+01
1397 -3.30000e+01
1475 -3.20000e+01
1495 -3.10000e+01
1595 -3.00000e+01
1621 -2.90000e+01
1781 -2.80000e+01
1790 -2.70000e+01
1850 -2.60000e+01
1899 -2.50000e+01
1901 -2.40000e+01
1964 -2.30000e+01
2047 -2.20000e+01
2069 -2.10000e+01
2156 -2.00000e+01
2379 -1.90000e+01
2479 -1.80000e+01
2545 -1.70000e+01
2554 -1.60000e+01
2702 -1.50000e+01
2784 -1.40000e+01
2876 -1.30000e+01
3026 -1.20000e+01
3248 -1.10000e+01
3412 -1.00000e+01
3508 -9.00000e+00
3646 -8.00000e+00
3692 -7.00000e+00
3715 -6.00000e+00
3725 -5.00000e+00
3790 -4.00000e+00
3846 -3.00000e+00
4089 -2.00000e+00
4154 -1.00000e+00
4163 +5.89000e+02
4245 +5.98000e+02
4290 +6.02000e+02
4479 +6.19000e+02
4929 +6.26000e+02
6108 +6.33000e+02
11222 +6.44000e+02
11681 +6.50000e+02
12136 +6.57000e+02
18241 +6.58000e+02
35929 +6.60000e+02
59253 +6.61000e+02
61753 +6.66000e+02
73946 +6.67000e+02
86887 +6.73000e+02
99991 +6.73000e+02
"function evaluation" "best-so-far f(x)"
1 -6.60000e+01
117 -6.50000e+01
154 -6.40000e+01
246 -6.30000e+01
279 -6.20000e+01
309 -6.10000e+01
352 -6.00000e+01
391 -5.90000e+01
429 -5.80000e+01
441 -5.70000e+01
467 -5.60000e+01
498 -5.40000e+01
572 -5.30000e+01
609 -5.20000e+01
624 -5.10000e+01
647 -5.00000e+01
681 -4.90000e+01
713 -4.80000e+01
734 -4.70000e+01
760 -4.60000e+01
780 -4.50000e+01
828 -4.40000e+01
835 -4.30000e+01
857 -4.20000e+01
900 -4.10000e+01
990 -4.00000e+01
996 -3.90000e+01
999 -3.80000e+01
1015 -3.70000e+01
1026 -3.60000e+01
1108 -3.40000e+01
1123 -3.30000e+01
1171 -3.20000e+01
1175 -3.10000e+01
1176 -3.00000e+01
1282 -2.90000e+01
1352 -2.80000e+01
1370 -2.70000e+01
1392 -2.60000e+01
1439 -2.50000e+01
1477 -2.40000e+01
1491 -2.30000e+01
1550 -2.20000e+01
1606 -2.10000e+01
1672 -2.00000e+01
1702 -1.90000e+01
1720 -1.80000e+01
1784 -1.70000e+01
1815 -1.60000e+01
2031 -1.50000e+01
2085 -1.40000e+01
2169 -1.30000e+01
2209 -1.20000e+01
2242 -1.10000e+01
2355 -1.00000e+01
2370 -9.00000e+00
2437 -8.00000e+00
2538 -7.00000e+00
2606 -6.00000e+00
2677 -5.00000e+00
2765 -4.00000e+00
2803 -3.00000e+00
2938 -2.00000e+00
3187 -1.00000e+00
3310 +6.19000e+02
3398 +6.25000e+02
3679 +6.37000e+02
4106 +6.44000e+02
5436 +6.53000e+02
6194 +6.56000e+02
6797 +6.61000e+02
9874 +6.73000e+02
15667 +6.79000e+02
19099 +6.83000e+02
28849 +6.86000e+02
41102 +6.87000e+02
43039 +6.88000e+02
44850 +6.89000e+02
51156 +6.90000e+02
54718 +6.93000e+02
55823 +6.94000e+02
59355 +6.95000e+02
78870 +6.97000e+02
99315 +7.02000e+02
99991 +7.02000e+02
"function evaluation" "best-so-far f(x)"
1 -6.60000e+01
28 -6.50000e+01
37 -6.40000e+01
99 -6.30000e+01
106 -6.20000e+01
109 -6.10000e+01
121 -6.00000e+01
127 -5.90000e+01
201 -5.80000e+01
223 -5.60000e+01
267 -5.50000e+01
392 -5.40000e+01
437 -5.30000e+01
460 -5.20000e+01
469 -5.10000e+01
490 -5.00000e+01
533 -4.90000e+01
591 -4.80000e+01
608 -4.70000e+01
671 -4.60000e+01
680 -4.40000e+01
736 -4.30000e+01
833 -4.20000e+01
840 -4.10000e+01
880 -4.00000e+01
972 -3.90000e+01
982 -3.80000e+01
1093 -3.70000e+01
1111 -3.60000e+01
1188 -3.50000e+01
1195 -3.40000e+01
1198 -3.30000e+01
1261 -3.20000e+01
1360 -3.10000e+01
1431 -3.00000e+01
1446 -2.90000e+01
1521 -2.80000e+01
1522 -2.70000e+01
1541 -2.60000e+01
1870 -2.50000e+01
1892 -2.40000e+01
1902 -2.30000e+01
1954 -2.20000e+01
2005 -2.10000e+01
2149 -2.00000e+01
2221 -1.90000e+01
2248 -1.80000e+01
2306 -1.70000e+01
2354 -1.60000e+01
2481 -1.50000e+01
2665 -1.40000e+01
2682 -1.30000e+01
2931 -1.20000e+01
3004 -1.10000e+01
3079 -1.00000e+01
3137 -9.00000e+00
3224 -8.00000e+00
3247 -7.00000e+00
3275 -6.00000e+00
3365 -5.00000e+00
3481 -4.00000e+00
3673 -3.00000e+00
3951 -2.00000e+00
4015 -1.00000e+00
4068 +6.15000e+02
4278 +6.29000e+02
5952 +6.31000e+02
6784 +6.33000e+02
7672 +6.49000e+02
8100 +6.53000e+02
10089 +6.59000e+02
11748 +6.60000e+02
12403 +6.62000e+02
12824 +6.68000e+02
13110 +6.70000e+02
15748 +6.73000e+02
19746 +6.75000e+02
33843 +6.78000e+02
43209 +6.81000e+02
47999 +6.83000e+02
48383 +6.85000e+02
50977 +6.86000e+02
67444 +6.88000e+02
69259 +6.90000e+02
99991 +6.90000e+02
"function evaluation" "best-so-far f(x)"
1 -6.60000e+01
49 -6.50000e+01
117 -6.40000e+01
140 -6.30000e+01
164 -6.20000e+01
174 -6.10000e+01
180 -6.00000e+01
201 -5.90000e+01
240 -5.80000e+01
256 -5.70000e+01
292 -5.60000e+01
319 -5.50000e+01
343 -5.40000e+01
346 -5.30000e+01
355 -5.20000e+01
376 -5.10000e+01
408 -5.00000e+01
440 -4.90000e+01
442 -4.80000e+01
467 -4.70000e+01
483 -4.60000e+01
497 -4.50000e+01
684 -4.40000e+01
704 -4.30000e+01
757 -4.20000e+01
823 -4.10000e+01
836 -4.00000e+01
839 -3.90000e+01
851 -3.80000e+01
896 -3.70000e+01
920 -3.60000e+01
958 -3.50000e+01
972 -3.40000e+01
1026 -3.30000e+01
1066 -3.20000e+01
1168 -3.10000e+01
1254 -3.00000e+01
1353 -2.90000e+01
1429 -2.80000e+01
1460 -2.70000e+01
1520 -2.60000e+01
1596 -2.50000e+01
1647 -2.40000e+01
1798 -2.30000e+01
1874 -2.20000e+01
1883 -2.10000e+01
1940 -2.00000e+01
2018 -1.90000e+01
2084 -1.80000e+01
2154 -1.70000e+01
2344 -1.60000e+01
2414 -1.50000e+01
2435 -1.40000e+01
2480 -1.30000e+01
2503 -1.20000e+01
2555 -1.10000e+01
2631 -1.00000e+01
2703 -9.00000e+00
2967 -8.00000e+00
2982 -7.00000e+00
3256 -6.00000e+00
3280 -5.00000e+00
3298 -4.00000e+00
3591 -3.00000e+00
3599 -2.00000e+00
3790 -1.00000e+00
3805 +5.85000e+02
4345 +5.94000e+02
4423 +6.01000e+02
4559 +6.08000e+02
5321 +6.17000e+02
5351 +6.32000e+02
5453 +6.41000e+02
5729 +6.54000e+02
7278 +6.58000e+02
10076 +6.60000e+02
14281 +6.63000e+02
15139 +6.66000e+02
17525 +6.71000e+02
24995 +6.79000e+02
42668 +6.81000e+02
47117 +6.84000e+02
69355 +6.89000e+02
85386 +6.90000e+02
99991 +6.90000e+02
"function evaluation" "best-so-far f(x)"
1 -6.60000e+01
58 -6.40000e+01
62 -6.30000e+01
77 -6.20000e+01
112 -6.10000e+01
124 -6.00000e+01
159 -5.90000e+01
239 -5.80000e+01
270 -5.70000e+01
315 -5.60000e+01
340 -5.50000e+01
361 -5.40000e+01
386 -5.30000e+01
416 -5.20000e+01
469 -5.00000e+01
499 -4.90000e+01
514 -4.80000e+01
628 -4.70000e+01
640 -4.60000e+01
657 -4.50000e+01
731 -4.40000e+01
770 -4.30000e+01
811 -4.20000e+01
860 -4.10000e+01
903 -4.00000e+01
904 -3.90000e+01
924 -3.80000e+01
967 -3.70000e+01
1040 -3.60000e+01
1139 -3.50000e+01
1183 -3.40000e+01
1236 -3.30000e+01
1313 -3.20000e+01
1333 -3.10000e+01
1443 -3.00000e+01
1629 -2.90000e+01
1696 -2.80000e+01
1740 -2.70000e+01
1803 -2.60000e+01
1894 -2.50000e+01
1955 -2.40000e+01
1992 -2.30000e+01
2004 -2.20000e+01
2009 -2.10000e+01
2096 -2.00000e+01
2245 -1.90000e+01
2247 -1.80000e+01
2298 -1.70000e+01
2378 -1.60000e+01
2446 -1.50000e+01
2553 -1.40000e+01
2656 -1.30000e+01
2675 -1.20000e+01
2883 -1.10000e+01
2969 -1.00000e+01
2986 -9.00000e+00
3448 -8.00000e+00
3473 -7.00000e+00
3476 -6.00000e+00
3690 -5.00000e+00
3888 -4.00000e+00
3965 -3.00000e+00
4278 -2.00000e+00
4346 -1.00000e+00
4639 +5.89000e+02
4881 +5.99000e+02
5144 +6.06000e+02
6034 +6.07000e+02
6233 +6.21000e+02
6949 +6.27000e+02
7456 +6.38000e+02
7743 +6.49000e+02
11512 +6.57000e+02
25548 +6.59000e+02
42548 +6.67000e+02
49177 +6.73000e+02
53381 +6.78000e+02
65647 +6.81000e+02
67469 +6.82000e+02
68028 +6.84000e+02
99991 +6.84000e+02
"function evaluation" "best-so-far f(x)"
1 -6.60000e+01
10 -6.50000e+01
63 -6.40000e+01
87 -6.30000e+01
104 -6.20000e+01
114 -6.10000e+01
134 -6.00000e+01
151 -5.90000e+01
171 -5.80000e+01
179 -5.70000e+01
214 -5.60000e+01
229 -5.50000e+01
322 -5.40000e+01
384 -5.30000e+01
385 -5.20000e+01
405 -5.10000e+01
419 -5.00000e+01
425 -4.90000e+01
488 -4.80000e+01
514 -4.70000e+01
631 -4.60000e+01
664 -4.50000e+01
686 -4.40000e+01
702 -4.30000e+01
748 -4.20000e+01
767 -4.10000e+01
772 -4.00000e+01
843 -3.90000e+01
864 -3.80000e+01
912 -3.70000e+01
950 -3.60000e+01
979 -3.50000e+01
1072 -3.40000e+01
1189 -3.30000e+01
1214 -3.20000e+01
1217 -3.00000e+01
1239 -2.80000e+01
1244 -2.70000e+01
1266 -2.60000e+01
1284 -2.50000e+01
1353 -2.40000e+01
1440 -2.30000e+01
1467 -2.20000e+01
1694 -2.10000e+01
1723 -2.00000e+01
1757 -1.90000e+01
1778 -1.80000e+01
1870 -1.70000e+01
1880 -1.60000e+01
1936 -1.50000e+01
1954 -1.40000e+01
2096 -1.30000e+01
2187 -1.20000e+01
2274 -1.10000e+01
2363 -1.00000e+01
2525 -9.00000e+00
2560 -8.00000e+00
2706 -7.00000e+00
2724 -6.00000e+00
3013 -5.00000e+00
3026 -4.00000e+00
3137 -3.00000e+00
3391 -2.00000e+00
3468 -1.00000e+00
4438 +5.62000e+02
4483 +5.69000e+02
4624 +5.73000e+02
4775 +5.83000e+02
4879 +5.95000e+02
5227 +6.12000e+02
5723 +6.17000e+02
6189 +6.25000e+02
6597 +6.28000e+02
7546 +6.30000e+02
8234 +6.31000e+02
12542 +6.36000e+02
13620 +6.37000e+02
14655 +6.40000e+02
14951 +6.48000e+02
18312 +6.55000e+02
27090 +6.62000e+02
27254 +6.64000e+02
28966 +6.65000e+02
35096 +6.66000e+02
45066 +6.69000e+02
53862 +6.71000e+02
55182 +6.75000e+02
55690 +6.80000e+02
57955 +6.81000e+02
63860 +6.87000e+02
69751 +6.88000e+02
91721 +6.95000e+02
99991 +6.95000e+02
"function evaluation" "best-so-far f(x)"
1 -6.60000e+01
56 -6.40000e+01
98 -6.30000e+01
107 -6.20000e+01
153 -6.10000e+01
162 -6.00000e+01
171 -5.90000e+01
264 -5.80000e+01
310 -5.70000e+01
354 -5.60000e+01
368 -5.50000e+01
447 -5.40000e+01
474 -5.30000e+01
516 -5.20000e+01
526 -5.10000e+01
546 -5.00000e+01
599 -4.90000e+01
627 -4.80000e+01
637 -4.70000e+01
672 -4.60000e+01
699 -4.50000e+01
717 -4.40000e+01
732 -4.30000e+01
755 -4.20000e+01
779 -4.10000e+01
783 -4.00000e+01
824 -3.90000e+01
841 -3.80000e+01
848 -3.70000e+01
932 -3.60000e+01
951 -3.50000e+01
1031 -3.40000e+01
1081 -3.30000e+01
1134 -3.20000e+01
1204 -3.10000e+01
1289 -3.00000e+01
1305 -2.90000e+01
1352 -2.80000e+01
1363 -2.70000e+01
1405 -2.60000e+01
1467 -2.50000e+01
1620 -2.40000e+01
1744 -2.30000e+01
1789 -2.20000e+01
1858 -2.10000e+01
1863 -2.00000e+01
1924 -1.90000e+01
2054 -1.80000e+01
2119 -1.70000e+01
2199 -1.60000e+01
2315 -1.50000e+01
2542 -1.40000e+01
2558 -1.30000e+01
2627 -1.20000e+01
2675 -1.10000e+01
2725 -1.00000e+01
3137 -9.00000e+00
3323 -8.00000e+00
3405 -7.00000e+00
3463 -6.00000e+00
3523 -5.00000e+00
3626 -4.00000e+00
3697 -3.00000e+00
3825 -2.00000e+00
3875 -1.00000e+00
3938 +5.62000e+02
4550 +5.79000e+02
5054 +5.81000e+02
5094 +5.96000e+02
5379 +6.05000e+02
5491 +6.09000e+02
5785 +6.30000e+02
7695 +6.33000e+02
9209 +6.36000e+02
9276 +6.41000e+02
9473 +6.44000e+02
10651 +6.45000e+02
11179 +6.46000e+02
12187 +6.48000e+02
12689 +6.64000e+02
13083 +6.66000e+02
13481 +6.67000e+02
14880 +6.69000e+02
18202 +6.70000e+02
20875 +6.73000e+02
31525 +6.76000e+02
31782 +6.77000e+02
32236 +6.85000e+02
59829 +6.86000e+02
84020 +6.87000e+02
87247 +6.88000e+02
99991 +6.88000e+02
"function evaluation" "best-so-far f(x)"
1 -6.60000e+01
20 -6.50000e+01
27 -6.40000e+01
50 -6.30000e+01
91 -6.20000e+01
126 -6.10000e+01
131 -6.00000e+01
168 -5.80000e+01
178 -5.70000e+01
246 -5.60000e+01
256 -5.50000e+01
265 -5.40000e+01
290 -5.30000e+01
337 -5.20000e+01
338 -5.10000e+01
446 -5.00000e+01
483 -4.90000e+01
534 -4.80000e+01
545 -4.70000e+01
559 -4.60000e+01
606 -4.50000e+01
627 -4.40000e+01
631 -4.30000e+01
646 -4.20000e+01
676 -4.10000e+01
699 -4.00000e+01
736 -3.90000e+01
769 -3.80000e+01
771 -3.70000e+01
823 -3.60000e+01
872 -3.50000e+01
911 -3.40000e+01
917 -3.30000e+01
958 -3.20000e+01
970 -3.10000e+01
989 -3.00000e+01
1038 -2.90000e+01
1106 -2.80000e+01
1198 -2.70000e+01
1213 -2.60000e+01
1255 -2.50000e+01
1392 -2.40000e+01
1523 -2.30000e+01
1599 -2.20000e+01
1645 -2.10000e+01
1698 -2.00000e+01
1749 -1.90000e+01
1897 -1.80000e+01
2055 -1.70000e+01
2178 -1.60000e+01
2200 -1.50000e+01
2403 -1.40000e+01
2551 -1.30000e+01
2609 -1.20000e+01
2635 -1.10000e+01
2685 -1.00000e+01
2816 -9.00000e+00
2874 -8.00000e+00
2941 -7.00000e+00
3101 -6.00000e+00
3522 -5.00000e+00
3591 -4.00000e+00
3699 -3.00000e+00
3756 -2.00000e+00
3774 -1.00000e+00
3888 +5.83000e+02
4399 +5.86000e+02
4883 +5.87000e+02
5433 +6.21000e+02
5734 +6.32000e+02
5753 +6.39000e+02
6692 +6.43000e+02
7978 +6.47000e+02
8331 +6.56000e+02
9672 +6.60000e+02
10538 +6.65000e+02
11789 +6.66000e+02
13834 +6.72000e+02
16149 +6.75000e+02
18221 +6.81000e+02
22296 +6.82000e+02
27749 +6.91000e+02
27988 +6.94000e+02
52369 +6.96000e+02
57647 +6.99000e+02
74197 +7.00000e+02
99991 +7.00000e+02
"function evaluation" "best-so-far f(x)"
1 -6.60000e+01
20 -6.50000e+01
43 -6.40000e+01
75 -6.30000e+01
90 -6.20000e+01
129 -6.10000e+01
145 -6.00000e+01
195 -5.90000e+01
235 -5.80000e+01
296 -5.70000e+01
355 -5.60000e+01
376 -5.50000e+01
436 -5.40000e+01
456 -5.30000e+01
469 -5.20000e+01
488 -5.10000e+01
524 -5.00000e+01
553 -4.90000e+01
602 -4.80000e+01
611 -4.70000e+01
637 -4.60000e+01
645 -4.50000e+01
766 -4.40000e+01
789 -4.30000e+01
855 -4.20000e+01
895 -4.10000e+01
930 -4.00000e+01
985 -3.90000e+01
1040 -3.80000e+01
1079 -3.70000e+01
1203 -3.60000e+01
1237 -3.50000e+01
1267 -3.30000e+01
1297 -3.20000e+01
1317 -3.10000e+01
1348 -3.00000e+01
1354 -2.90000e+01
1434 -2.80000e+01
1471 -2.70000e+01
1595 -2.60000e+01
1651 -2.50000e+01
1704 -2.40000e+01
1725 -2.30000e+01
1750 -2.20000e+01
1850 -2.10000e+01
1959 -2.00000e+01
2044 -1.90000e+01
2108 -1.80000e+01
2164 -1.70000e+01
2192 -1.60000e+01
2261 -1.50000e+01
2323 -1.40000e+01
2409 -1.30000e+01
2427 -1.20000e+01
2558 -1.10000e+01
2663 -1.00000e+01
2879 -9.00000e+00
3008 -8.00000e+00
3043 -7.00000e+00
3319 -6.00000e+00
3384 -5.00000e+00
3703 -4.00000e+00
3713 -3.00000e+00
3958 -2.00000e+00
4067 -1.00000e+00
4499 +5.86000e+02
4544 +5.94000e+02
4634 +6.02000e+02
5158 +6.10000e+02
5438 +6.28000e+02
5493 +6.31000e+02
6485 +6.56000e+02
7069 +6.58000e+02
7565 +6.59000e+02
9359 +6.64000e+02
14674 +6.69000e+02
15195 +6.70000e+02
15353 +6.78000e+02
28415 +6.81000e+02
29532 +6.82000e+02
31044 +6.85000e+02
34412 +6.94000e+02
99991 +6.94000e+02
"function evaluation" "best-so-far f(x)"
1 -6.60000e+01
4 -6.50000e+01
27 -6.40000e+01
59 -6.30000e+01
78 -6.20000e+01
114 -6.10000e+01
115 -6.00000e+01
123 -5.90000e+01
129 -5.80000e+01
162 -5.70000e+01
179 -5.60000e+01
220 -5.50000e+01
256 -5.40000e+01
265 -5.30000e+01
286 -5.20000e+01
316 -5.10000e+01
338 -5.00000e+01
353 -4.90000e+01
357 -4.80000e+01
494 -4.70000e+01
512 -4.60000e+01
658 -4.50000e+01
692 -4.40000e+01
704 -4.30000e+01
792 -4.20000e+01
799 -4.10000e+01
862 -4.00000e+01
878 -3.90000e+01
930 -3.80000e+01
981 -3.70000e+01
1016 -3.60000e+01
1047 -3.50000e+01
1076 -3.40000e+01
1109 -3.30000e+01
1121 -3.20000e+01
1155 -3.10000e+01
1206 -3.00000e+01
1295 -2.90000e+01
1341 -2.80000e+01
1357 -2.70000e+01
1521 -2.60000e+01
1640 -2.50000e+01
1672 -2.40000e+01
1759 -2.30000e+01
1787 -2.20000e+01
1810 -2.10000e+01
1918 -2.00000e+01
1992 -1.90000e+01
2001 -1.80000e+01
2053 -1.70000e+01
2119 -1.60000e+01
2153 -1.50000e+01
2258 -1.40000e+01
2373 -1.30000e+01
2797 -1.20000e+01
2807 -1.10000e+01
3054 -1.00000e+01
3094 -9.00000e+00
3136 -8.00000e+00
3166 -7.00000e+00
3182 -6.00000e+00
3221 -5.00000e+00
3226 -4.00000e+00
3254 -3.00000e+00
3379 -2.00000e+00
3422 -1.00000e+00
3528 +6.06000e+02
3984 +6.11000e+02
4418 +6.26000e+02
4517 +6.31000e+02
4573 +6.45000e+02
5158 +6.46000e+02
5706 +6.50000e+02
7971 +6.56000e+02
8744 +6.58000e+02
10473 +6.59000e+02
24297 +6.62000e+02
27015 +6.64000e+02
33619 +6.68000e+02
38139 +6.74000e+02
43561 +6.77000e+02
43711 +6.80000e+02
44249 +6.83000e+02
46391 +6.90000e+02
49182 +6.92000e+02
53772 +6.94000e+02
59565 +6.96000e+02
70156 +6.97000e+02
76402 +6.99000e+02
78179 +7.02000e+02
99991 +7.02000e+02
"function evaluation" "best-so-far f(x)"
1 -6.60000e+01
18 -6.50000e+01
42 -6.40000e+01
105 -6.30000e+01
116 -6.20000e+01
154 -6.10000e+01
231 -6.00000e+01
291 -5.90000e+01
321 -5.80000e+01
335 -5.70000e+01
369 -5.60000e+01
388 -5.50000e+01
438 -5.40000e+01
492 -5.30000e+01
528 -5.20000e+01
570 -5.10000e+01
577 -5.00000e+01
635 -4.90000e+01
648 -4.80000e+01
652 -4.70000e+01
756 -4.60000e+01
795 -4.40000e+01
847 -4.30000e+01
869 -4.20000e+01
904 -4.10000e+01
995 -4.00000e+01
1034 -3.90000e+01
1081 -3.80000e+01
1088 -3.70000e+01
1135 -3.60000e+01
1141 -3.50000e+01
1257 -3.40000e+01
1270 -3.30000e+01
1375 -3.20000e+01
1432 -3.10000e+01
1489 -3.00000e+01
1570 -2.90000e+01
1588 -2.80000e+01
1610 -2.70000e+01
1649 -2.60000e+01
1709 -2.50000e+01
1712 -2.40000e+01
1765 -2.30000e+01
1782 -2.20000e+01
1785 -2.10000e+01
1863 -2.00000e+01
1912 -1.90000e+01
1935 -1.80000e+01
2028 -1.70000e+01
2172 -1.60000e+01
2350 -1.50000e+01
2427 -1.40000e+01
2736 -1.30000e+01
2750 -1.20000e+01
2852 -1.10000e+01
2888 -1.00000e+01
3007 -9.00000e+00
3030 -8.00000e+00
3195 -7.00000e+00
3209 -6.00000e+00
3324 -5.00000e+00
3343 -4.00000e+00
3474 -3.00000e+00
4104 -2.00000e+00
4159 -1.00000e+00
4518 +6.12000e+02
5425 +6.26000e+02
5747 +6.27000e+02
6271 +6.32000e+02
6340 +6.35000e+02
7510 +6.37000e+02
7641 +6.47000e+02
11332 +6.49000e+02
11921 +6.56000e+02
15233 +6.58000e+02
21707 +6.61000e+02
23685 +6.62000e+02
28117 +6.63000e+02
28259 +6.65000e+02
32361 +6.74000e+02
35423 +6.79000e+02
38035 +6.85000e+02
46926 +6.90000e+02
48699 +6.92000e+02
48932 +6.95000e+02
54564 +6.99000e+02
54665 +7.01000e+02
60730 +7.02000e+02
65754 +7.05000e+02
99991 +7.05000e+02
"function evaluation" "best-so-far f(x)"
1 -6.60000e+01
31 -6.50000e+01
62 -6.40000e+01
82 -6.30000e+01
109 -6.20000e+01
117 -6.10000e+01
139 -6.00000e+01
182 -5.90000e+01
232 -5.80000e+01
265 -5.70000e+01
284 -5.60000e+01
318 -5.50000e+01
357 -5.40000e+01
375 -5.30000e+01
380 -5.20000e+01
392 -5.10000e+01
428 -5.00000e+01
457 -4.90000e+01
494 -4.80000e+01
572 -4.70000e+01
618 -4.60000e+01
632 -4.50000e+01
660 -4.40000e+01
705 -4.30000e+01
722 -4.10000e+01
815 -4.00000e+01
847 -3.90000e+01
883 -3.80000e+01
888 -3.70000e+01
895 -3.60000e+01
940 -3.40000e+01
999 -3.30000e+01
1048 -3.10000e+01
1064 -3.00000e+01
1089 -2.90000e+01
1221 -2.80000e+01
1235 -2.70000e+01
1337 -2.60000e+01
1402 -2.50000e+01
1443 -2.40000e+01
1656 -2.30000e+01
1742 -2.20000e+01
1868 -2.10000e+01
1926 -2.00000e+01
1941 -1.90000e+01
1962 -1.80000e+01
1980 -1.70000e+01
1981 -1.60000e+01
2039 -1.50000e+01
2119 -1.30000e+01
2143 -1.10000e+01
2397 -1.00000e+01
2420 -9.00000e+00
2563 -8.00000e+00
2602 -7.00000e+00
2722 -6.00000e+00
3107 -5.00000e+00
3309 -4.00000e+00
3453 -3.00000e+00
4391 -2.00000e+00
4497 -1.00000e+00
4573 +6.29000e+02
4956 +6.33000e+02
6878 +6.40000e+02
7097 +6.41000e+02
7200 +6.45000e+02
9011 +6.51000e+02
9315 +6.58000e+02
12089 +6.59000e+02
12973 +6.61000e+02
14528 +6.65000e+02
18117 +6.66000e+02
20484 +6.67000e+02
21568 +6.75000e+02
44766 +6.76000e+02
44866 +6.78000e+02
51447 +6.89000e+02
93332 +6.94000e+02
99991 +6.94000e+02
"function evaluation" "best-so-far f(x)"
1 -6.60000e+01
23 -6.50000e+01
120 -6.40000e+01
142 -6.30000e+01
173 -6.20000e+01
195 -6.10000e+01
214 -6.00000e+01
308 -5.90000e+01
315 -5.80000e+01
333 -5.70000e+01
400 -5.60000e+01
432 -5.50000e+01
476 -5.40000e+01
517 -5.30000e+01
567 -5.20000e+01
603 -5.10000e+01
664 -5.00000e+01
694 -4.90000e+01
756 -4.80000e+01
758 -4.60000e+01
803 -4.50000e+01
862 -4.40000e+01
917 -4.30000e+01
928 -4.20000e+01
929 -4.10000e+01
957 -4.00000e+01
1073 -3.80000e+01
1103 -3.70000e+01
1238 -3.60000e+01
1297 -3.50000e+01
1346 -3.40000e+01
1407 -3.30000e+01
1449 -3.20000e+01
1450 -3.10000e+01
1564 -3.00000e+01
1726 -2.90000e+01
1769 -2.80000e+01
1784 -2.70000e+01
1880 -2.60000e+01
1979 -2.50000e+01
2028 -2.40000e+01
2067 -2.30000e+01
2092 -2.20000e+01
2148 -2.10000e+01
2179 -2.00000e+01
2198 -1.90000e+01
2225 -1.80000e+01
2294 -1.70000e+01
2376 -1.60000e+01
2419 -1.50000e+01
2440 -1.40000e+01
2490 -1.30000e+01
2527 -1.20000e+01
2785 -1.10000e+01
2873 -1.00000e+01
2887 -9.00000e+00
2954 -8.00000e+00
2972 -7.00000e+00
3028 -6.00000e+00
3182 -5.00000e+00
3391 -4.00000e+00
3545 -3.00000e+00
3586 -2.00000e+00
3691 -1.00000e+00
3825 +6.02000e+02
3866 +6.22000e+02
4125 +6.27000e+02
4330 +6.37000e+02
4512 +6.49000e+02
4712 +6.51000e+02
4861 +6.54000e+02
5364 +6.61000e+02
7213 +6.65000e+02
8428 +6.68000e+02
9524 +6.70000e+02
10352 +6.71000e+02
11173 +6.74000e+02
14050 +6.75000e+02
14817 +6.78000e+02
18929 +6.79000e+02
19175 +6.82000e+02
32372 +6.83000e+02
61054 +6.85000e+02
72910 +6.86000e+02
73430 +6.88000e+02
75422 +6.89000e+02
95110 +6.94000e+02
99991 +6.94000e+02
"function evaluation" "best-so-far f(x)"
1 -6.60000e+01
18 -6.50000e+01
35 -6.40000e+01
66 -6.30000e+01
114 -6.20000e+01
193 -6.10000e+01
252 -6.00000e+01
289 -5.90000e+01
315 -5.80000e+01
329 -5.70000e+01
331 -5.60000e+01
355 -5.50000e+01
380 -5.40000e+01
396 -5.30000e+01
461 -5.20000e+01
526 -5.10000e+01
584 -5.00000e+01
596 -4.90000e+01
613 -4.80000e+01
670 -4.70000e+01
674 -4.60000e+01
803 -4.50000e+01
813 -4.30000e+01
853 -4.20000e+01
882 -4.10000e+01
940 -4.00000e+01
988 -3.90000e+01
1018 -3.70000e+01
1137 -3.60000e+01
1154 -3.50000e+01
1179 -3.40000e+01
1191 -3.30000e+01
1205 -3.20000e+01
1313 -3.10000e+01
1316 -3.00000e+01
1376 -2.90000e+01
1377 -2.80000e+01
1378 -2.70000e+01
1418 -2.60000e+01
1441 -2.50000e+01
1486 -2.40000e+01
1524 -2.30000e+01
1551 -2.20000e+01
1643 -2.10000e+01
1846 -2.00000e+01
1948 -1.90000e+01
2140 -1.80000e+01
2211 -1.70000e+01
2314 -1.60000e+01
2359 -1.40000e+01
2383 -1.30000e+01
2490 -1.20000e+01
2753 -1.10000e+01
2771 -1.00000e+01
2794 -9.00000e+00
2810 -8.00000e+00
2973 -7.00000e+00
3060 -6.00000e+00
3376 -5.00000e+00
3398 -4.00000e+00
3509 -3.00000e+00
3569 -2.00000e+00
3645 -1.00000e+00
3803 +6.07000e+02
4335 +6.20000e+02
5221 +6.21000e+02
6139 +6.31000e+02
6228 +6.33000e+02
6613 +6.46000e+02
6667 +6.52000e+02
15530 +6.53000e+02
17561 +6.57000e+02
19048 +6.58000e+02
24491 +6.61000e+02
30086 +6.62000e+02
30815 +6.64000e+02
32345 +6.66000e+02
38417 +6.69000e+02
42631 +6.72000e+02
72412 +6.75000e+02
72574 +6.81000e+02
82272 +6.86000e+02
86071 +6.92000e+02
99991 +6.92000e+02
"function evaluation" "best-so-far f(x)"
1 -6.60000e+01
20 -6.50000e+01
27 -6.40000e+01
54 -6.30000e+01
80 -6.10000e+01
83 -6.00000e+01
99 -5.90000e+01
125 -5.80000e+01
132 -5.70000e+01
177 -5.60000e+01
279 -5.50000e+01
281 -5.40000e+01
304 -5.30000e+01
401 -5.20000e+01
405 -5.10000e+01
415 -5.00000e+01
436 -4.90000e+01
487 -4.80000e+01
519 -4.70000e+01
605 -4.60000e+01
651 -4.50000e+01
659 -4.40000e+01
672 -4.30000e+01
693 -4.20000e+01
724 -4.10000e+01
732 -4.00000e+01
776 -3.90000e+01
815 -3.80000e+01
858 -3.70000e+01
879 -3.60000e+01
890 -3.40000e+01
949 -3.30000e+01
1049 -3.20000e+01
1069 -3.10000e+01
1075 -3.00000e+01
1163 -2.90000e+01
1202 -2.80000e+01
1220 -2.70000e+01
1337 -2.60000e+01
1349 -2.50000e+01
1461 -2.40000e+01
1510 -2.30000e+01
1708 -2.10000e+01
1773 -2.00000e+01
1794 -1.90000e+01
1944 -1.80000e+01
2007 -1.70000e+01
2115 -1.60000e+01
2130 -1.50000e+01
2142 -1.40000e+01
2210 -1.30000e+01
2455 -1.20000e+01
2472 -1.10000e+01
2548 -1.00000e+01
2629 -9.00000e+00
2814 -8.00000e+00
3076 -7.00000e+00
3233 -6.00000e+00
3558 -5.00000e+00
3942 -4.00000e+00
4079 -3.00000e+00
4298 -2.00000e+00
4795 -1.00000e+00
4978 +5.52000e+02
5002 +5.58000e+02
5463 +5.74000e+02
6153 +5.78000e+02
6370 +5.81000e+02
6405 +5.83000e+02
6505 +5.86000e+02
6535 +5.93000e+02
6857 +6.05000e+02
6934 +6.07000e+02
8114 +6.14000e+02
8458 +6.36000e+02
8885 +6.39000e+02
9174 +6.46000e+02
10083 +6.48000e+02
10753 +6.50000e+02
11031 +6.51000e+02
11547 +6.52000e+02
15086 +6.53000e+02
17000 +6.54000e+02
18851 +6.58000e+02
21424 +6.59000e+02
25246 +6.65000e+02
26303 +6.67000e+02
34392 +6.71000e+02
35403 +6.73000e+02
37960 +6.74000e+02
38709 +6.77000e+02
41505 +6.79000e+02
64294 +6.87000e+02
99991 +6.87000e+02
"function evaluation" "best-so-far f(x)"
1 -6.60000e+01
59 -6.50000e+01
144 -6.40000e+01
220 -6.30000e+01
294 -6.20000e+01
308 -6.10000e+01
317 -6.00000e+01
385 -5.90000e+01
409 -5.80000e+01
412 -5.70000e+01
492 -5.60000e+01
500 -5.50000e+01
637 -5.40000e+01
649 -5.30000e+01
671 -5.20000e+01
731 -5.10000e+01
754 -5.00000e+01
784 -4.90000e+01
792 -4.80000e+01
795 -4.70000e+01
869 -4.60000e+01
901 -4.50000e+01
951 -4.40000e+01
994 -4.30000e+01
1011 -4.20000e+01
1060 -4.10000e+01
1094 -4.00000e+01
1197 -3.90000e+01
1228 -3.80000e+01
1237 -3.70000e+01
1258 -3.60000e+01
1303 -3.50000e+01
1346 -3.40000e+01
1362 -3.30000e+01
1400 -3.20000e+01
1429 -3.10000e+01
1456 -3.00000e+01
1512 -2.90000e+01
1526 -2.80000e+01
1613 -2.70000e+01
1713 -2.60000e+01
1783 -2.50000e+01
1838 -2.40000e+01
1916 -2.30000e+01
2021 -2.20000e+01
2042 -2.10000e+01
2195 -2.00000e+01
2290 -1.90000e+01
2540 -1.80000e+01
2597 -1.70000e+01
2630 -1.60000e+01
2651 -1.50000e+01
2999 -1.40000e+01
3038 -1.30000e+01
3116 -1.20000e+01
3155 -1.10000e+01
3262 -1.00000e+01
3266 -9.00000e+00
3388 -8.00000e+00
3390 -7.00000e+00
3631 -6.00000e+00
3798 -5.00000e+00
3854 -4.00000e+00
3917 -3.00000e+00
4173 -2.00000e+00
4654 -1.00000e+00
4740 +6.12000e+02
5062 +6.29000e+02
5181 +6.44000e+02
6698 +6.45000e+02
8210 +6.49000e+02
9011 +6.50000e+02
13533 +6.63000e+02
13961 +6.64000e+02
14323 +6.67000e+02
25573 +6.72000e+02
32951 +6.80000e+02
42449 +6.81000e+02
47744 +6.85000e+02
99991 +6.85000e+02
"function evaluation" "best-so-far f(x)"
1 -6.60000e+01
4 -6.50000e+01
8 -6.40000e+01
24 -6.20000e+01
29 -6.10000e+01
84 -6.00000e+01
110 -5.90000e+01
198 -5.80000e+01
247 -5.70000e+01
303 -5.60000e+01
320 -5.50000e+01
425 -5.40000e+01
455 -5.30000e+01
475 -5.20000e+01
506 -5.10000e+01
549 -5.00000e+01
619 -4.90000e+01
637 -4.80000e+01
704 -4.70000e+01
722 -4.60000e+01
761 -4.40000e+01
784 -4.30000e+01
798 -4.20000e+01
810 -4.10000e+01
850 -4.00000e+01
890 -3.90000e+01
931 -3.80000e+01
974 -3.70000e+01
1046 -3.60000e+01
1133 -3.50000e+01
1181 -3.40000e+01
1275 -3.30000e+01
1294 -3.20000e+01
1313 -3.10000e+01
1338 -2.90000e+01
1365 -2.80000e+01
1407 -2.70000e+01
1544 -2.60000e+01
1604 -2.50000e+01
1718 -2.40000e+01
1788 -2.30000e+01
1813 -2.20000e+01
1876 -2.10000e+01
1947 -2.00000e+01
1991 -1.90000e+01
2014 -1.80000e+01
2050 -1.70000e+01
2124 -1.60000e+01
2243 -1.50000e+01
2321 -1.40000e+01
2385 -1.30000e+01
2401 -1.20000e+01
2595 -1.10000e+01
2720 -1.00000e+01
2904 -9.00000e+00
3204 -8.00000e+00
3248 -7.00000e+00
3372 -6.00000e+00
3401 -5.00000e+00
3452 -4.00000e+00
4007 -3.00000e+00
4186 -2.00000e+00
4227 -1.00000e+00
4732 +5.77000e+02
4737 +5.80000e+02
4880 +5.90000e+02
4904 +5.92000e+02
5460 +6.01000e+02
5926 +6.15000e+02
6095 +6.38000e+02
8236 +6.44000e+02
8924 +6.49000e+02
9089 +6.50000e+02
9579 +6.53000e+02
10974 +6.63000e+02
11277 +6.64000e+02
12454 +6.77000e+02
15382 +6.88000e+02
98234 +6.89000e+02
99991 +6.89000e+02
"function evaluation" "best-so-far f(x)"
1 -6.60000e+01
24 -6.50000e+01
101 -6.40000e+01
186 -6.30000e+01
189 -6.20000e+01
191 -6.10000e+01
279 -6.00000e+01
295 -5.90000e+01
314 -5.80000e+01
341 -5.70000e+01
361 -5.60000e+01
368 -5.50000e+01
388 -5.40000e+01
442 -5.30000e+01
531 -5.20000e+01
540 -5.10000e+01
582 -5.00000e+01
639 -4.90000e+01
650 -4.80000e+01
653 -4.70000e+01
658 -4.60000e+01
678 -4.50000e+01
784 -4.40000e+01
816 -4.30000e+01
831 -4.20000e+01
898 -4.10000e+01
922 -4.00000e+01
928 -3.90000e+01
1032 -3.80000e+01
1084 -3.70000e+01
1106 -3.60000e+01
1137 -3.50000e+01
1170 -3.40000e+01
1290 -3.30000e+01
1311 -3.20000e+01
1324 -3.10000e+01
1333 -3.00000e+01
1358 -2.90000e+01
1498 -2.80000e+01
1674 -2.70000e+01
1686 -2.60000e+01
1687 -2.50000e+01
1940 -2.40000e+01
1945 -2.30000e+01
1994 -2.20000e+01
2108 -2.00000e+01
2149 -1.90000e+01
2207 -1.80000e+01
2256 -1.70000e+01
2312 -1.60000e+01
2403 -1.50000e+01
2462 -1.40000e+01
2531 -1.30000e+01
2573 -1.20000e+01
2621 -1.10000e+01
2826 -1.00000e+01
2857 -9.00000e+00
2871 -8.00000e+00
2917 -7.00000e+00
3068 -6.00000e+00
3325 -5.00000e+00
3437 -4.00000e+00
3666 -3.00000e+00
3930 -2.00000e+00
4026 -1.00000e+00
4126 +5.84000e+02
4150 +6.09000e+02
4619 +6.16000e+02
4895 +6.30000e+02
5112 +6.36000e+02
5714 +6.47000e+02
8349 +6.59000e+02
9760 +6.62000e+02
14736 +6.63000e+02
19116 +6.64000e+02
22288 +6.66000e+02
27123 +6.69000e+02
31295 +6.72000e+02
32013 +6.74000e+02
35870 +6.81000e+02
36614 +6.87000e+02
47693 +6.89000e+02
63501 +6.93000e+02
87468 +6.94000e+02
99991 +6.94000e+02
"function evaluation" "best-so-far f(x)"
1 -6.60000e+01
20 -6.50000e+01
72 -6.30000e+01
128 -6.20000e+01
189 -6.10000e+01
201 -6.00000e+01
206 -5.90000e+01
248 -5.80000e+01
277 -5.70000e+01
314 -5.60000e+01
330 -5.50000e+01
363 -5.40000e+01
414 -5.30000e+01
486 -5.20000e+01
557 -5.10000e+01
564 -4.90000e+01
586 -4.80000e+01
649 -4.70000e+01
686 -4.60000e+01
734 -4.50000e+01
768 -4.40000e+01
841 -4.30000e+01
888 -4.20000e+01
1020 -4.10000e+01
1028 -4.00000e+01
1051 -3.90000e+01
1059 -3.80000e+01
1124 -3.70000e+01
1174 -3.60000e+01
1190 -3.50000e+01
1201 -3.40000e+01
1252 -3.30000e+01
1273 -3.20000e+01
1280 -3.10000e+01
1344 -3.00000e+01
1376 -2.90000e+01
1513 -2.80000e+01
1541 -2.70000e+01
1607 -2.60000e+01
1653 -2.50000e+01
1817 -2.40000e+01
1881 -2.30000e+01
1896 -2.20000e+01
1962 -2.10000e+01
2025 -2.00000e+01
2062 -1.90000e+01
2074 -1.80000e+01
2091 -1.70000e+01
2138 -1.60000e+01
2197 -1.50000e+01
2364 -1.40000e+01
2411 -1.30000e+01
2525 -1.20000e+01
2585 -1.10000e+01
2589 -1.00000e+01
2756 -9.00000e+00
2949 -8.00000e+00
3107 -7.00000e+00
3326 -6.00000e+00
3627 -5.00000e+00
3822 -4.00000e+00
3970 -3.00000e+00
4261 -2.00000e+00
4281 -1.00000e+00
4389 +6.30000e+02
4440 +6.36000e+02
4484 +6.53000e+02
7452 +6.54000e+02
7472 +6.59000e+02
10030 +6.60000e+02
13453 +6.62000e+02
17359 +6.66000e+02
21594 +6.67000e+02
22675 +6.82000e+02
31507 +6.84000e+02
45245 +6.85000e+02
49783 +6.86000e+02
58236 +6.88000e+02
67117 +6.95000e+02
99991 +6.95000e+02
"function evaluation" "best-so-far f(x)"
1 -6.60000e+01
8 -6.50000e+01
33 -6.40000e+01
46 -6.30000e+01
52 -6.20000e+01
55 -6.10000e+01
70 -6.00000e+01
100 -5.90000e+01
117 -5.80000e+01
141 -5.70000e+01
207 -5.60000e+01
221 -5.50000e+01
223 -5.40000e+01
261 -5.30000e+01
286 -5.20000e+01
312 -5.10000e+01
336 -5.00000e+01
362 -4.90000e+01
365 -4.80000e+01
400 -4.70000e+01
471 -4.60000e+01
527 -4.50000e+01
582 -4.40000e+01
647 -4.30000e+01
719 -4.20000e+01
849 -4.10000e+01
863 -4.00000e+01
864 -3.90000e+01
902 -3.80000e+01
917 -3.70000e+01
962 -3.60000e+01
1018 -3.50000e+01
1150 -3.40000e+01
1201 -3.30000e+01
1343 -3.20000e+01
1399 -3.10000e+01
1426 -3.00000e+01
1458 -2.90000e+01
1460 -2.80000e+01
1474 -2.70000e+01
1507 -2.60000e+01
1527 -2.50000e+01
1556 -2.40000e+01
1610 -2.30000e+01
1710 -2.20000e+01
1743 -2.10000e+01
1776 -2.00000e+01
1892 -1.90000e+01
1930 -1.80000e+01
2072 -1.70000e+01
2145 -1.60000e+01
2230 -1.50000e+01
2369 -1.40000e+01
2399 -1.30000e+01
2733 -1.20000e+01
2882 -1.10000e+01
3049 -1.00000e+01
3431 -9.00000e+00
3551 -8.00000e+00
3635 -7.00000e+00
3731 -6.00000e+00
3988 -5.00000e+00
4099 -4.00000e+00
4198 -3.00000e+00
4267 -2.00000e+00
4272 -1.00000e+00
4309 +5.87000e+02
4351 +6.07000e+02
4941 +6.13000e+02
4958 +6.28000e+02
5428 +6.33000e+02
7444 +6.34000e+02
7659 +6.40000e+02
7835 +6.41000e+02
8414 +6.44000e+02
9530 +6.50000e+02
9732 +6.52000e+02
9819 +6.56000e+02
10688 +6.58000e+02
11215 +6.63000e+02
26468 +6.64000e+02
28422 +6.70000e+02
30908 +6.71000e+02
34717 +6.75000e+02
48454 +6.78000e+02
55677 +6.80000e+02
56762 +6.83000e+02
66543 +6.87000e+02
99991 +6.87000e+02
"function evaluation" "best-so-far f(x)"
1 -6.60000e+01
9 -6.50000e+01
16 -6.40000e+01
17 -6.30000e+01
81 -6.20000e+01
95 -6.10000e+01
142 -6.00000e+01
163 -5.90000e+01
178 -5.80000e+01
205 -5.70000e+01
240 -5.60000e+01
292 -5.50000e+01
310 -5.40000e+01
379 -5.30000e+01
391 -5.10000e+01
472 -5.00000e+01
499 -4.90000e+01
538 -4.80000e+01
572 -4.70000e+01
586 -4.60000e+01
675 -4.50000e+01
716 -4.40000e+01
803 -4.20000e+01
837 -4.10000e+01
863 -4.00000e+01
879 -3.90000e+01
899 -3.80000e+01
956 -3.70000e+01
1016 -3.60000e+01
1084 -3.50000e+01
1125 -3.30000e+01
1167 -3.20000e+01
1225 -3.10000e+01
1235 -3.00000e+01
1376 -2.90000e+01
1407 -2.80000e+01
1447 -2.70000e+01
1533 -2.60000e+01
1619 -2.50000e+01
1630 -2.40000e+01
1699 -2.30000e+01
1715 -2.20000e+01
1729 -2.10000e+01
1761 -2.00000e+01
1853 -1.90000e+01
1877 -1.80000e+01
2025 -1.70000e+01
2077 -1.60000e+01
2169 -1.50000e+01
2190 -1.40000e+01
2258 -1.30000e+01
2424 -1.20000e+01
2583 -1.10000e+01
2635 -1.00000e+01
2809 -9.00000e+00
2891 -8.00000e+00
2916 -7.00000e+00
3034 -6.00000e+00
3081 -5.00000e+00
3130 -4.00000e+00
3515 -3.00000e+00
3593 -2.00000e+00
3757 -1.00000e+00
4337 +5.55000e+02
4868 +5.82000e+02
5175 +6.01000e+02
5307 +6.14000e+02
6065 +6.33000e+02
6355 +6.47000e+02
6469 +6.48000e+02
7006 +6.52000e+02
11224 +6.64000e+02
14623 +6.68000e+02
15724 +6.75000e+02
16287 +6.77000e+02
25005 +6.79000e+02
25665 +6.80000e+02
34840 +6.82000e+02
41972 +6.84000e+02
71717 +6.87000e+02
99991 +6.87000e+02
