"function evaluation" "best-so-far f(x)"
1 -4.90000e+01
55 -4.80000e+01
68 -4.70000e+01
120 -4.60000e+01
146 -4.50000e+01
298 -4.40000e+01
333 -4.30000e+01
620 -4.20000e+01
653 -4.10000e+01
704 -4.00000e+01
784 -3.90000e+01
788 -3.80000e+01
821 -3.70000e+01
837 -3.60000e+01
909 -3.50000e+01
946 -3.40000e+01
1031 -3.30000e+01
1078 -3.20000e+01
1160 -3.10000e+01
1393 -3.00000e+01
1405 -2.90000e+01
1450 -2.80000e+01
1627 -2.70000e+01
1660 -2.60000e+01
1827 -2.50000e+01
2346 -2.40000e+01
2422 -2.30000e+01
2479 -2.20000e+01
2497 -2.10000e+01
2670 -2.00000e+01
2984 -1.90000e+01
3071 -1.80000e+01
3097 -1.70000e+01
3444 -1.60000e+01
3722 -1.50000e+01
4187 -1.40000e+01
4245 -1.30000e+01
4472 -1.20000e+01
5129 -1.10000e+01
5333 -1.00000e+01
5452 -9.00000e+00
5718 -8.00000e+00
5746 -7.00000e+00
6096 -6.00000e+00
6146 -5.00000e+00
7106 -4.00000e+00
7753 -3.00000e+00
7789 -2.00000e+00
7976 -1.00000e+00
8063 +4.74000e+02
8450 +4.91000e+02
8966 +4.95000e+02
9769 +5.08000e+02
9991 +5.08000e+02
"function evaluation" "best-so-far f(x)"
1 -4.90000e+01
22 -4.80000e+01
133 -4.70000e+01
140 -4.60000e+01
270 -4.50000e+01
330 -4.40000e+01
481 -4.30000e+01
484 -4.20000e+01
497 -4.10000e+01
615 -3.90000e+01
813 -3.80000e+01
862 -3.70000e+01
1001 -3.60000e+01
1002 -3.50000e+01
1047 -3.40000e+01
1223 -3.30000e+01
1285 -3.20000e+01
1359 -3.10000e+01
1499 -3.00000e+01
1688 -2.90000e+01
1892 -2.80000e+01
1929 -2.70000e+01
2037 -2.60000e+01
2053 -2.50000e+01
2200 -2.40000e+01
2316 -2.30000e+01
2667 -2.20000e+01
2749 -2.10000e+01
3146 -2.00000e+01
3526 -1.90000e+01
3640 -1.80000e+01
3657 -1.70000e+01
3938 -1.60000e+01
3999 -1.50000e+01
4013 -1.40000e+01
4313 -1.30000e+01
4422 -1.20000e+01
4423 -1.10000e+01
4783 -1.00000e+01
5186 -9.00000e+00
5294 -8.00000e+00
5705 -7.00000e+00
7278 -6.00000e+00
7453 -5.00000e+00
8923 -4.00000e+00
8931 -3.00000e+00
8947 -2.00000e+00
9255 -1.00000e+00
9756 +4.48000e+02
9970 +4.59000e+02
9991 +4.59000e+02
"function evaluation" "best-so-far f(x)"
1 -4.90000e+01
13 -4.80000e+01
243 -4.70000e+01
300 -4.60000e+01
362 -4.50000e+01
515 -4.40000e+01
579 -4.30000e+01
601 -4.20000e+01
631 -4.10000e+01
704 -4.00000e+01
801 -3.90000e+01
835 -3.80000e+01
1001 -3.70000e+01
1037 -3.60000e+01
1072 -3.50000e+01
1142 -3.40000e+01
1161 -3.30000e+01
1183 -3.20000e+01
1251 -3.00000e+01
1285 -2.90000e+01
1417 -2.80000e+01
1487 -2.70000e+01
1670 -2.60000e+01
1681 -2.50000e+01
1838 -2.40000e+01
1854 -2.30000e+01
1963 -2.20000e+01
2095 -2.10000e+01
2293 -2.00000e+01
2432 -1.90000e+01
2574 -1.80000e+01
2921 -1.70000e+01
3138 -1.60000e+01
3299 -1.50000e+01
3341 -1.40000e+01
3478 -1.30000e+01
3726 -1.20000e+01
3849 -1.10000e+01
3945 -1.00000e+01
4545 -9.00000e+00
4642 -8.00000e+00
4681 -7.00000e+00
4720 -6.00000e+00
5474 -5.00000e+00
7339 -4.00000e+00
7927 -3.00000e+00
8011 -2.00000e+00
8110 -1.00000e+00
8823 +4.85000e+02
9550 +5.16000e+02
9991 +5.16000e+02
"function evaluation" "best-so-far f(x)"
1 -4.90000e+01
9 -4.80000e+01
54 -4.70000e+01
74 -4.60000e+01
157 -4.50000e+01
194 -4.40000e+01
225 -4.20000e+01
234 -4.10000e+01
249 -4.00000e+01
271 -3.90000e+01
377 -3.80000e+01
386 -3.70000e+01
548 -3.60000e+01
646 -3.50000e+01
730 -3.40000e+01
731 -3.30000e+01
813 -3.20000e+01
1042 -3.10000e+01
1088 -3.00000e+01
1148 -2.90000e+01
1183 -2.80000e+01
1221 -2.70000e+01
1454 -2.60000e+01
1551 -2.50000e+01
1698 -2.40000e+01
1712 -2.30000e+01
2169 -2.20000e+01
2421 -2.10000e+01
2711 -2.00000e+01
2794 -1.90000e+01
2871 -1.80000e+01
3457 -1.70000e+01
3469 -1.60000e+01
3647 -1.50000e+01
4157 -1.40000e+01
4259 -1.30000e+01
4644 -1.20000e+01
4660 -1.10000e+01
4977 -1.00000e+01
5664 -9.00000e+00
5956 -8.00000e+00
5974 -7.00000e+00
6216 -6.00000e+00
6287 -5.00000e+00
6349 -4.00000e+00
6929 -3.00000e+00
7678 -2.00000e+00
7736 -1.00000e+00
8139 +5.01000e+02
9991 +5.01000e+02
"function evaluation" "best-so-far f(x)"
1 -4.90000e+01
23 -4.80000e+01
110 -4.70000e+01
227 -4.60000e+01
306 -4.50000e+01
410 -4.40000e+01
462 -4.30000e+01
558 -4.20000e+01
595 -4.10000e+01
739 -4.00000e+01
749 -3.90000e+01
884 -3.80000e+01
1099 -3.70000e+01
1125 -3.60000e+01
1166 -3.50000e+01
1188 -3.40000e+01
1404 -3.30000e+01
1643 -3.20000e+01
1688 -3.10000e+01
1756 -3.00000e+01
1782 -2.80000e+01
2028 -2.70000e+01
2038 -2.60000e+01
2052 -2.50000e+01
2185 -2.40000e+01
2188 -2.30000e+01
2252 -2.20000e+01
2281 -2.10000e+01
2514 -2.00000e+01
2543 -1.90000e+01
2737 -1.80000e+01
2894 -1.70000e+01
2944 -1.60000e+01
2950 -1.50000e+01
3226 -1.40000e+01
4018 -1.30000e+01
4029 -1.20000e+01
4443 -1.10000e+01
4701 -1.00000e+01
4809 -9.00000e+00
5014 -8.00000e+00
5157 -7.00000e+00
5321 -6.00000e+00
5618 -5.00000e+00
5768 -4.00000e+00
6201 -3.00000e+00
6213 -2.00000e+00
8530 -1.00000e+00
9792 +4.14000e+02
9991 +4.14000e+02
"function evaluation" "best-so-far f(x)"
1 -4.90000e+01
12 -4.80000e+01
27 -4.70000e+01
95 -4.60000e+01
127 -4.50000e+01
186 -4.40000e+01
217 -4.30000e+01
347 -4.20000e+01
363 -4.10000e+01
367 -4.00000e+01
476 -3.90000e+01
512 -3.80000e+01
549 -3.70000e+01
588 -3.60000e+01
629 -3.50000e+01
648 -3.40000e+01
680 -3.30000e+01
768 -3.20000e+01
1060 -3.10000e+01
1132 -3.00000e+01
1350 -2.90000e+01
1364 -2.80000e+01
1416 -2.70000e+01
1525 -2.60000e+01
1645 -2.50000e+01
1673 -2.40000e+01
1682 -2.30000e+01
1996 -2.20000e+01
2368 -2.10000e+01
2419 -2.00000e+01
2525 -1.90000e+01
2588 -1.80000e+01
2704 -1.70000e+01
2820 -1.60000e+01
3033 -1.50000e+01
3429 -1.40000e+01
3634 -1.30000e+01
3688 -1.20000e+01
3841 -1.10000e+01
3913 -1.00000e+01
3965 -9.00000e+00
4151 -8.00000e+00
4341 -7.00000e+00
4617 -6.00000e+00
4674 -5.00000e+00
4960 -4.00000e+00
5264 -3.00000e+00
6880 -2.00000e+00
7038 -1.00000e+00
7688 +4.63000e+02
7829 +4.79000e+02
9648 +4.98000e+02
9940 +5.09000e+02
9991 +5.09000e+02
"function evaluation" "best-so-far f(x)"
1 -4.90000e+01
22 -4.80000e+01
48 -4.70000e+01
74 -4.50000e+01
132 -4.40000e+01
190 -4.30000e+01
205 -4.20000e+01
251 -4.10000e+01
386 -4.00000e+01
582 -3.90000e+01
626 -3.80000e+01
757 -3.70000e+01
761 -3.60000e+01
799 -3.50000e+01
848 -3.40000e+01
1028 -3.30000e+01
1095 -3.10000e+01
1316 -3.00000e+01
1332 -2.90000e+01
1393 -2.80000e+01
1396 -2.70000e+01
1752 -2.60000e+01
1753 -2.50000e+01
1849 -2.40000e+01
1969 -2.30000e+01
2005 -2.20000e+01
2017 -2.10000e+01
2027 -2.00000e+01
2121 -1.90000e+01
2176 -1.80000e+01
2414 -1.70000e+01
2511 -1.60000e+01
2969 -1.50000e+01
3521 -1.40000e+01
3546 -1.30000e+01
3624 -1.20000e+01
3858 -1.10000e+01
4053 -1.00000e+01
4454 -9.00000e+00
4636 -8.00000e+00
5438 -7.00000e+00
5984 -6.00000e+00
6143 -5.00000e+00
6328 -4.00000e+00
6597 -3.00000e+00
7012 -2.00000e+00
7214 -1.00000e+00
7485 +4.48000e+02
8102 +4.59000e+02
8621 +4.69000e+02
8648 +4.80000e+02
9991 +4.80000e+02
"function evaluation" "best-so-far f(x)"
1 -4.90000e+01
16 -4.80000e+01
31 -4.70000e+01
132 -4.60000e+01
401 -4.50000e+01
541 -4.40000e+01
582 -4.30000e+01
769 -4.20000e+01
904 -4.10000e+01
1102 -4.00000e+01
1128 -3.90000e+01
1174 -3.80000e+01
1303 -3.70000e+01
1409 -3.60000e+01
1419 -3.50000e+01
1434 -3.40000e+01
1471 -3.30000e+01
1609 -3.20000e+01
1953 -3.10000e+01
1958 -3.00000e+01
2042 -2.90000e+01
2555 -2.80000e+01
2689 -2.70000e+01
2775 -2.60000e+01
3046 -2.50000e+01
3110 -2.40000e+01
3177 -2.30000e+01
3345 -2.20000e+01
3382 -2.10000e+01
3398 -2.00000e+01
3419 -1.90000e+01
3537 -1.80000e+01
3930 -1.70000e+01
4231 -1.60000e+01
4289 -1.50000e+01
4488 -1.40000e+01
4573 -1.30000e+01
4872 -1.10000e+01
5034 -1.00000e+01
5651 -9.00000e+00
6039 -8.00000e+00
6354 -7.00000e+00
6553 -6.00000e+00
6751 -5.00000e+00
7244 -4.00000e+00
7659 -3.00000e+00
7660 -2.00000e+00
7956 -1.00000e+00
8424 +4.08000e+02
8864 +4.64000e+02
9991 +4.64000e+02
"function evaluation" "best-so-far f(x)"
1 -4.90000e+01
26 -4.80000e+01
65 -4.70000e+01
187 -4.60000e+01
256 -4.50000e+01
276 -4.40000e+01
371 -4.30000e+01
442 -4.20000e+01
534 -4.10000e+01
600 -4.00000e+01
736 -3.90000e+01
791 -3.80000e+01
834 -3.70000e+01
1002 -3.60000e+01
1177 -3.50000e+01
1313 -3.40000e+01
1363 -3.30000e+01
2084 -3.20000e+01
2092 -3.10000e+01
2168 -3.00000e+01
2318 -2.90000e+01
2338 -2.80000e+01
2358 -2.70000e+01
2464 -2.60000e+01
2904 -2.50000e+01
2908 -2.40000e+01
3096 -2.30000e+01
3184 -2.20000e+01
3189 -2.10000e+01
3332 -2.00000e+01
3363 -1.90000e+01
3937 -1.80000e+01
4113 -1.70000e+01
4136 -1.60000e+01
4324 -1.50000e+01
4340 -1.40000e+01
4441 -1.30000e+01
4569 -1.20000e+01
4782 -1.10000e+01
5076 -1.00000e+01
5570 -9.00000e+00
5598 -7.00000e+00
6152 -6.00000e+00
6629 -5.00000e+00
6653 -4.00000e+00
7472 -3.00000e+00
8094 -2.00000e+00
8157 -1.00000e+00
8280 +4.87000e+02
8748 +4.95000e+02
9991 +4.95000e+02
"function evaluation" "best-so-far f(x)"
1 -4.90000e+01
17 -4.80000e+01
40 -4.60000e+01
171 -4.50000e+01
277 -4.40000e+01
399 -4.30000e+01
418 -4.20000e+01
437 -4.10000e+01
562 -3.90000e+01
563 -3.80000e+01
735 -3.70000e+01
756 -3.60000e+01
841 -3.50000e+01
850 -3.40000e+01
884 -3.30000e+01
1195 -3.20000e+01
1879 -3.10000e+01
1974 -3.00000e+01
1998 -2.80000e+01
2046 -2.70000e+01
2292 -2.60000e+01
2455 -2.50000e+01
2824 -2.40000e+01
2962 -2.30000e+01
2990 -2.20000e+01
3276 -2.10000e+01
3345 -2.00000e+01
3921 -1.90000e+01
3984 -1.80000e+01
4149 -1.70000e+01
4231 -1.60000e+01
4315 -1.50000e+01
4384 -1.40000e+01
4557 -1.30000e+01
4601 -1.20000e+01
5160 -1.10000e+01
5512 -1.00000e+01
5556 -9.00000e+00
6017 -8.00000e+00
6556 -7.00000e+00
7059 -6.00000e+00
7198 -5.00000e+00
7990 -4.00000e+00
8218 -3.00000e+00
8352 -2.00000e+00
8804 +4.77000e+02
9476 +4.84000e+02
9991 +4.84000e+02
"function evaluation" "best-so-far f(x)"
1 -4.90000e+01
53 -4.80000e+01
88 -4.70000e+01
141 -4.60000e+01
244 -4.50000e+01
299 -4.40000e+01
374 -4.30000e+01
711 -4.20000e+01
782 -4.10000e+01
834 -4.00000e+01
840 -3.90000e+01
976 -3.70000e+01
997 -3.60000e+01
1013 -3.50000e+01
1178 -3.40000e+01
1244 -3.30000e+01
1329 -3.20000e+01
1390 -3.10000e+01
1440 -3.00000e+01
1496 -2.90000e+01
1622 -2.80000e+01
1945 -2.70000e+01
2163 -2.60000e+01
2190 -2.50000e+01
2441 -2.40000e+01
2699 -2.30000e+01
2881 -2.20000e+01
2941 -2.10000e+01
3120 -2.00000e+01
3122 -1.90000e+01
3172 -1.80000e+01
3396 -1.70000e+01
3612 -1.60000e+01
3641 -1.50000e+01
3822 -1.40000e+01
3877 -1.30000e+01
4173 -1.20000e+01
4341 -1.10000e+01
4469 -1.00000e+01
5579 -9.00000e+00
5834 -8.00000e+00
6545 -7.00000e+00
6569 -6.00000e+00
6580 -5.00000e+00
7369 -4.00000e+00
8274 -3.00000e+00
8489 -2.00000e+00
8506 -1.00000e+00
8552 +5.03000e+02
9398 +5.11000e+02
9991 +5.11000e+02
"function evaluation" "best-so-far f(x)"
1 -4.90000e+01
27 -4.80000e+01
53 -4.70000e+01
69 -4.60000e+01
110 -4.50000e+01
261 -4.40000e+01
280 -4.30000e+01
343 -4.20000e+01
439 -4.00000e+01
766 -3.90000e+01
847 -3.60000e+01
962 -3.50000e+01
1001 -3.40000e+01
1006 -3.30000e+01
1199 -3.10000e+01
1258 -3.00000e+01
1761 -2.90000e+01
1876 -2.80000e+01
2045 -2.70000e+01
2388 -2.60000e+01
2449 -2.50000e+01
2536 -2.40000e+01
2810 -2.30000e+01
3009 -2.20000e+01
3062 -2.10000e+01
3367 -1.90000e+01
3448 -1.80000e+01
3517 -1.70000e+01
3559 -1.60000e+01
4103 -1.50000e+01
4301 -1.40000e+01
4489 -1.30000e+01
4518 -1.20000e+01
4617 -1.10000e+01
4997 -1.00000e+01
5030 -9.00000e+00
5433 -8.00000e+00
5751 -7.00000e+00
5941 -6.00000e+00
5993 -5.00000e+00
7075 -4.00000e+00
7184 -3.00000e+00
7404 -2.00000e+00
7681 -1.00000e+00
7911 +4.61000e+02
9061 +4.71000e+02
9991 +4.71000e+02
"function evaluation" "best-so-far f(x)"
1 -4.90000e+01
52 -4.80000e+01
60 -4.60000e+01
77 -4.50000e+01
242 -4.40000e+01
341 -4.30000e+01
366 -4.20000e+01
515 -4.10000e+01
560 -4.00000e+01
616 -3.90000e+01
784 -3.80000e+01
871 -3.70000e+01
946 -3.60000e+01
1046 -3.50000e+01
1104 -3.40000e+01
1105 -3.30000e+01
1162 -3.20000e+01
1194 -3.10000e+01
1272 -3.00000e+01
1423 -2.90000e+01
1478 -2.80000e+01
1498 -2.70000e+01
1567 -2.60000e+01
1788 -2.50000e+01
1816 -2.40000e+01
1932 -2.30000e+01
1941 -2.20000e+01
2012 -2.10000e+01
2023 -2.00000e+01
2024 -1.90000e+01
2092 -1.80000e+01
2139 -1.70000e+01
2368 -1.60000e+01
2722 -1.50000e+01
2747 -1.40000e+01
3271 -1.30000e+01
3625 -1.20000e+01
3702 -1.10000e+01
3714 -1.00000e+01
4115 -9.00000e+00
4365 -8.00000e+00
4579 -7.00000e+00
4697 -6.00000e+00
5349 -5.00000e+00
5685 -4.00000e+00
6140 -3.00000e+00
6219 -2.00000e+00
6436 -1.00000e+00
6442 +4.79000e+02
7027 +4.91000e+02
7053 +4.92000e+02
7151 +4.94000e+02
9991 +4.94000e+02
"function evaluation" "best-so-far f(x)"
1 -4.90000e+01
15 -4.80000e+01
36 -4.70000e+01
95 -4.60000e+01
112 -4.50000e+01
159 -4.40000e+01
162 -4.30000e+01
470 -4.20000e+01
628 -4.10000e+01
777 -4.00000e+01
941 -3.90000e+01
1015 -3.80000e+01
1253 -3.70000e+01
1387 -3.60000e+01
1480 -3.40000e+01
1564 -3.30000e+01
1568 -3.20000e+01
1648 -3.10000e+01
2024 -3.00000e+01
2217 -2.90000e+01
2227 -2.80000e+01
2264 -2.70000e+01
2399 -2.60000e+01
2663 -2.50000e+01
2674 -2.40000e+01
2759 -2.30000e+01
2857 -2.20000e+01
3327 -2.10000e+01
3419 -2.00000e+01
3746 -1.90000e+01
4021 -1.80000e+01
4045 -1.70000e+01
4088 -1.60000e+01
4154 -1.50000e+01
4197 -1.40000e+01
4249 -1.30000e+01
4322 -1.20000e+01
4472 -1.10000e+01
4647 -1.00000e+01
4962 -9.00000e+00
5436 -8.00000e+00
5583 -7.00000e+00
5768 -6.00000e+00
5977 -5.00000e+00
6039 -4.00000e+00
6898 -3.00000e+00
7012 -2.00000e+00
7349 -1.00000e+00
7597 +4.17000e+02
8053 +4.33000e+02
8458 +4.50000e+02
9991 +4.50000e+02
"function evaluation" "best-so-far f(x)"
1 -4.90000e+01
3 -4.80000e+01
14 -4.70000e+01
23 -4.60000e+01
63 -4.50000e+01
135 -4.40000e+01
142 -4.30000e+01
199 -4.20000e+01
205 -4.10000e+01
292 -4.00000e+01
484 -3.90000e+01
493 -3.80000e+01
529 -3.70000e+01
774 -3.50000e+01
787 -3.40000e+01
1049 -3.30000e+01
1431 -3.20000e+01
1459 -3.10000e+01
1527 -2.90000e+01
1634 -2.80000e+01
1654 -2.70000e+01
1686 -2.60000e+01
1723 -2.50000e+01
1730 -2.40000e+01
1922 -2.30000e+01
2017 -2.20000e+01
2270 -2.10000e+01
2573 -2.00000e+01
2740 -1.90000e+01
2922 -1.80000e+01
3359 -1.70000e+01
3590 -1.60000e+01
3598 -1.50000e+01
4411 -1.40000e+01
4584 -1.30000e+01
4696 -1.20000e+01
5005 -1.10000e+01
5154 -1.00000e+01
5561 -9.00000e+00
5697 -8.00000e+00
5826 -7.00000e+00
5923 -6.00000e+00
5931 -5.00000e+00
6182 -4.00000e+00
6251 -3.00000e+00
6541 -2.00000e+00
6653 -1.00000e+00
7315 +4.59000e+02
8315 +4.83000e+02
8336 +4.89000e+02
9550 +4.93000e+02
9991 +4.93000e+02
"function evaluation" "best-so-far f(x)"
1 -4.90000e+01
7 -4.80000e+01
20 -4.70000e+01
143 -4.60000e+01
189 -4.50000e+01
259 -4.40000e+01
285 -4.30000e+01
386 -4.20000e+01
561 -4.10000e+01
572 -4.00000e+01
587 -3.90000e+01
674 -3.80000e+01
817 -3.70000e+01
888 -3.60000e+01
1151 -3.50000e+01
1202 -3.40000e+01
1434 -3.30000e+01
1622 -3.20000e+01
1780 -3.10000e+01
1841 -3.00000e+01
2068 -2.90000e+01
2086 -2.80000e+01
2394 -2.70000e+01
2579 -2.60000e+01
2582 -2.50000e+01
2647 -2.40000e+01
2811 -2.30000e+01
2918 -2.20000e+01
3149 -2.10000e+01
3202 -2.00000e+01
3459 -1.90000e+01
3749 -1.80000e+01
3872 -1.70000e+01
3878 -1.60000e+01
3931 -1.50000e+01
4026 -1.40000e+01
4416 -1.30000e+01
4488 -1.20000e+01
4507 -1.10000e+01
5207 -1.00000e+01
5367 -9.00000e+00
5466 -8.00000e+00
5897 -7.00000e+00
5916 -6.00000e+00
6116 -5.00000e+00
6876 -4.00000e+00
6982 -3.00000e+00
7523 -2.00000e+00
8525 -1.00000e+00
8772 +4.81000e+02
9991 +4.81000e+02
"function evaluation" "best-so-far f(x)"
1 -4.90000e+01
8 -4.80000e+01
43 -4.70000e+01
251 -4.60000e+01
350 -4.50000e+01
376 -4.40000e+01
502 -4.30000e+01
621 -4.20000e+01
912 -4.10000e+01
1001 -4.00000e+01
1080 -3.90000e+01
1102 -3.80000e+01
1176 -3.70000e+01
1183 -3.60000e+01
1428 -3.50000e+01
1443 -3.40000e+01
1501 -3.30000e+01
1688 -3.20000e+01
1731 -3.10000e+01
1867 -3.00000e+01
1982 -2.90000e+01
2093 -2.80000e+01
2198 -2.70000e+01
2218 -2.60000e+01
2400 -2.50000e+01
2594 -2.40000e+01
2749 -2.30000e+01
2855 -2.20000e+01
2957 -2.10000e+01
2988 -2.00000e+01
3041 -1.90000e+01
3380 -1.80000e+01
3435 -1.70000e+01
3567 -1.60000e+01
3663 -1.50000e+01
3736 -1.40000e+01
3787 -1.30000e+01
4081 -1.20000e+01
4695 -1.10000e+01
4719 -1.00000e+01
4842 -9.00000e+00
4882 -8.00000e+00
5328 -7.00000e+00
5334 -6.00000e+00
6321 -5.00000e+00
6826 -4.00000e+00
7068 -3.00000e+00
7073 -2.00000e+00
7237 -1.00000e+00
7493 +4.40000e+02
7652 +4.44000e+02
7693 +4.79000e+02
8479 +4.90000e+02
8650 +5.00000e+02
8662 +5.04000e+02
9991 +5.04000e+02
"function evaluation" "best-so-far f(x)"
1 -4.90000e+01
55 -4.80000e+01
60 -4.70000e+01
62 -4.60000e+01
184 -4.50000e+01
278 -4.40000e+01
329 -4.30000e+01
372 -4.20000e+01
445 -4.10000e+01
455 -3.90000e+01
711 -3.80000e+01
810 -3.70000e+01
1006 -3.60000e+01
1144 -3.50000e+01
1248 -3.40000e+01
1578 -3.30000e+01
1696 -3.20000e+01
2215 -3.10000e+01
2348 -3.00000e+01
2382 -2.90000e+01
2464 -2.70000e+01
2642 -2.60000e+01
2790 -2.50000e+01
2797 -2.40000e+01
2852 -2.30000e+01
2895 -2.20000e+01
3001 -2.10000e+01
3363 -2.00000e+01
3486 -1.90000e+01
3509 -1.80000e+01
3617 -1.70000e+01
3932 -1.60000e+01
3947 -1.50000e+01
3948 -1.40000e+01
4060 -1.30000e+01
4617 -1.20000e+01
4711 -1.10000e+01
4777 -1.00000e+01
5494 -9.00000e+00
5719 -8.00000e+00
5938 -7.00000e+00
5966 -6.00000e+00
6402 -5.00000e+00
6705 -4.00000e+00
7260 -3.00000e+00
7364 -2.00000e+00
7791 -1.00000e+00
8276 +4.53000e+02
9991 +4.53000e+02
"function evaluation" "best-so-far f(x)"
1 -4.90000e+01
9 -4.80000e+01
65 -4.60000e+01
191 -4.50000e+01
222 -4.40000e+01
306 -4.30000e+01
337 -4.20000e+01
358 -4.10000e+01
548 -4.00000e+01
552 -3.90000e+01
597 -3.80000e+01
771 -3.70000e+01
910 -3.60000e+01
914 -3.50000e+01
1006 -3.40000e+01
1339 -3.30000e+01
1364 -3.20000e+01
1369 -3.10000e+01
1484 -3.00000e+01
1613 -2.90000e+01
1782 -2.80000e+01
1847 -2.70000e+01
2071 -2.60000e+01
2340 -2.50000e+01
2596 -2.40000e+01
2718 -2.30000e+01
2735 -2.20000e+01
3005 -2.10000e+01
3191 -1.90000e+01
3218 -1.80000e+01
3243 -1.70000e+01
3427 -1.60000e+01
3706 -1.50000e+01
3728 -1.40000e+01
3885 -1.30000e+01
4090 -1.20000e+01
4884 -1.10000e+01
5244 -1.00000e+01
5641 -9.00000e+00
6118 -8.00000e+00
6509 -7.00000e+00
6622 -6.00000e+00
7573 -5.00000e+00
7628 -4.00000e+00
8178 -3.00000e+00
8624 -2.00000e+00
8785 -1.00000e+00
9991 -1.00000e+00
"function evaluation" "best-so-far f(x)"
1 -4.90000e+01
23 -4.80000e+01
181 -4.70000e+01
191 -4.60000e+01
197 -4.50000e+01
347 -4.40000e+01
455 -4.30000e+01
499 -4.20000e+01
511 -4.10000e+01
733 -4.00000e+01
742 -3.90000e+01
753 -3.80000e+01
817 -3.70000e+01
857 -3.60000e+01
925 -3.50000e+01
942 -3.40000e+01
1044 -3.30000e+01
1180 -3.20000e+01
1444 -3.10000e+01
1477 -3.00000e+01
1500 -2.90000e+01
1667 -2.80000e+01
1670 -2.70000e+01
1876 -2.60000e+01
1939 -2.50000e+01
2175 -2.30000e+01
2202 -2.20000e+01
2231 -2.10000e+01
2325 -2.00000e+01
2515 -1.90000e+01
2590 -1.80000e+01
2731 -1.70000e+01
2734 -1.60000e+01
3095 -1.50000e+01
3173 -1.40000e+01
3545 -1.30000e+01
3564 -1.20000e+01
3607 -1.10000e+01
3682 -1.00000e+01
3891 -9.00000e+00
4190 -8.00000e+00
4202 -7.00000e+00
4617 -6.00000e+00
4962 -5.00000e+00
5513 -4.00000e+00
5598 -3.00000e+00
5760 -2.00000e+00
5779 -1.00000e+00
6159 +4.54000e+02
7177 +4.55000e+02
7746 +4.61000e+02
8837 +4.69000e+02
9591 +4.78000e+02
9991 +4.78000e+02
"function evaluation" "best-so-far f(x)"
1 -4.90000e+01
40 -4.80000e+01
80 -4.70000e+01
114 -4.60000e+01
238 -4.50000e+01
360 -4.40000e+01
408 -4.30000e+01
440 -4.20000e+01
479 -4.10000e+01
549 -4.00000e+01
649 -3.80000e+01
690 -3.70000e+01
932 -3.60000e+01
993 -3.50000e+01
1004 -3.40000e+01
1024 -3.30000e+01
1059 -3.20000e+01
1111 -3.10000e+01
1132 -3.00000e+01
1141 -2.90000e+01
1415 -2.80000e+01
1802 -2.70000e+01
1819 -2.60000e+01
1863 -2.50000e+01
1949 -2.30000e+01
1968 -2.20000e+01
2055 -2.10000e+01
2099 -2.00000e+01
2122 -1.90000e+01
2123 -1.80000e+01
2263 -1.70000e+01
2442 -1.60000e+01
2498 -1.50000e+01
2641 -1.40000e+01
2651 -1.30000e+01
2721 -1.20000e+01
2763 -1.10000e+01
2811 -1.00000e+01
3519 -9.00000e+00
3839 -8.00000e+00
3855 -7.00000e+00
3993 -6.00000e+00
4006 -5.00000e+00
6824 -4.00000e+00
7236 -3.00000e+00
7567 -2.00000e+00
8119 -1.00000e+00
8605 +4.18000e+02
9603 +4.33000e+02
9991 +4.33000e+02
"function evaluation" "best-so-far f(x)"
1 -4.90000e+01
42 -4.80000e+01
107 -4.70000e+01
242 -4.60000e+01
262 -4.50000e+01
380 -4.40000e+01
584 -4.30000e+01
599 -4.20000e+01
725 -4.10000e+01
767 -4.00000e+01
813 -3.90000e+01
829 -3.80000e+01
993 -3.70000e+01
1019 -3.60000e+01
1344 -3.50000e+01
1355 -3.40000e+01
1568 -3.30000e+01
1571 -3.20000e+01
1609 -3.10000e+01
1788 -3.00000e+01
1987 -2.90000e+01
2749 -2.80000e+01
2783 -2.60000e+01
2955 -2.50000e+01
3108 -2.40000e+01
3120 -2.30000e+01
3173 -2.20000e+01
3502 -2.10000e+01
3719 -2.00000e+01
3848 -1.90000e+01
3898 -1.80000e+01
4004 -1.70000e+01
4092 -1.60000e+01
4411 -1.50000e+01
4919 -1.40000e+01
4943 -1.30000e+01
5105 -1.20000e+01
5273 -1.10000e+01
5786 -1.00000e+01
5856 -9.00000e+00
6325 -8.00000e+00
6579 -7.00000e+00
6956 -6.00000e+00
7000 -5.00000e+00
7631 -4.00000e+00
7727 -3.00000e+00
7855 -2.00000e+00
8152 -1.00000e+00
8859 +4.12000e+02
9965 +4.18000e+02
9991 +4.18000e+02
"function evaluation" "best-so-far f(x)"
1 -4.90000e+01
12 -4.80000e+01
48 -4.70000e+01
174 -4.60000e+01
178 -4.50000e+01
208 -4.40000e+01
222 -4.30000e+01
230 -4.20000e+01
233 -4.10000e+01
265 -4.00000e+01
355 -3.90000e+01
558 -3.80000e+01
642 -3.70000e+01
645 -3.60000e+01
754 -3.40000e+01
857 -3.20000e+01
874 -3.10000e+01
910 -3.00000e+01
934 -2.90000e+01
963 -2.80000e+01
1243 -2.70000e+01
1252 -2.60000e+01
1347 -2.50000e+01
1560 -2.40000e+01
1604 -2.30000e+01
1971 -2.20000e+01
2331 -2.10000e+01
2464 -2.00000e+01
2496 -1.90000e+01
2506 -1.80000e+01
2586 -1.70000e+01
2594 -1.60000e+01
2747 -1.50000e+01
3499 -1.40000e+01
4270 -1.30000e+01
4341 -1.10000e+01
5050 -1.00000e+01
5123 -9.00000e+00
5354 -8.00000e+00
5773 -7.00000e+00
5916 -5.00000e+00
6334 -4.00000e+00
6450 -3.00000e+00
7366 -2.00000e+00
7598 -1.00000e+00
8092 +4.92000e+02
8231 +5.05000e+02
9991 +5.05000e+02
"function evaluation" "best-so-far f(x)"
1 -4.90000e+01
4 -4.80000e+01
30 -4.70000e+01
220 -4.60000e+01
287 -4.50000e+01
370 -4.40000e+01
445 -4.30000e+01
468 -4.20000e+01
558 -4.10000e+01
634 -4.00000e+01
676 -3.90000e+01
903 -3.80000e+01
1123 -3.70000e+01
1124 -3.60000e+01
1221 -3.50000e+01
1257 -3.40000e+01
1388 -3.30000e+01
1405 -3.20000e+01
1505 -3.10000e+01
1538 -3.00000e+01
1611 -2.90000e+01
2009 -2.80000e+01
2065 -2.70000e+01
2131 -2.60000e+01
2251 -2.50000e+01
2417 -2.40000e+01
2667 -2.30000e+01
2958 -2.20000e+01
3101 -2.10000e+01
3329 -2.00000e+01
3375 -1.90000e+01
3410 -1.80000e+01
3497 -1.70000e+01
3499 -1.60000e+01
3508 -1.50000e+01
3708 -1.40000e+01
4200 -1.30000e+01
4244 -1.20000e+01
4269 -1.10000e+01
4827 -1.00000e+01
4873 -9.00000e+00
5511 -8.00000e+00
5999 -7.00000e+00
6025 -6.00000e+00
6213 -5.00000e+00
6687 -4.00000e+00
7229 -3.00000e+00
7475 -2.00000e+00
7934 -1.00000e+00
8282 +4.88000e+02
8502 +4.89000e+02
9274 +4.95000e+02
9991 +4.95000e+02
"function evaluation" "best-so-far f(x)"
1 -4.90000e+01
26 -4.80000e+01
125 -4.70000e+01
266 -4.60000e+01
384 -4.50000e+01
469 -4.40000e+01
551 -4.30000e+01
710 -4.10000e+01
825 -4.00000e+01
890 -3.90000e+01
1121 -3.80000e+01
1335 -3.70000e+01
1347 -3.60000e+01
1388 -3.50000e+01
1391 -3.40000e+01
1424 -3.30000e+01
1543 -3.20000e+01
1676 -3.10000e+01
1694 -3.00000e+01
1745 -2.90000e+01
1781 -2.80000e+01
1860 -2.70000e+01
1994 -2.60000e+01
2231 -2.50000e+01
2302 -2.40000e+01
2370 -2.30000e+01
2385 -2.20000e+01
2505 -2.10000e+01
2799 -2.00000e+01
2920 -1.90000e+01
2932 -1.80000e+01
3172 -1.70000e+01
3240 -1.60000e+01
3312 -1.50000e+01
3372 -1.40000e+01
3373 -1.30000e+01
3543 -1.20000e+01
3906 -1.10000e+01
4111 -1.00000e+01
4531 -9.00000e+00
4547 -8.00000e+00
4692 -7.00000e+00
4992 -6.00000e+00
5570 -5.00000e+00
5709 -4.00000e+00
5949 -3.00000e+00
6045 -2.00000e+00
6440 -1.00000e+00
6640 +4.67000e+02
7384 +4.73000e+02
7857 +4.88000e+02
7872 +4.91000e+02
8660 +5.03000e+02
9991 +5.03000e+02
"function evaluation" "best-so-far f(x)"
1 -4.90000e+01
67 -4.80000e+01
112 -4.70000e+01
169 -4.60000e+01
193 -4.50000e+01
228 -4.40000e+01
234 -4.30000e+01
297 -4.20000e+01
628 -4.10000e+01
745 -4.00000e+01
767 -3.90000e+01
823 -3.80000e+01
876 -3.70000e+01
978 -3.60000e+01
992 -3.40000e+01
1204 -3.30000e+01
1288 -3.20000e+01
1385 -3.10000e+01
1399 -3.00000e+01
1476 -2.90000e+01
1508 -2.80000e+01
1859 -2.70000e+01
2021 -2.60000e+01
2067 -2.50000e+01
2250 -2.30000e+01
2350 -2.20000e+01
2406 -2.00000e+01
2476 -1.90000e+01
2569 -1.80000e+01
2693 -1.70000e+01
2858 -1.60000e+01
3496 -1.50000e+01
3611 -1.40000e+01
3624 -1.30000e+01
3938 -1.20000e+01
4795 -1.10000e+01
4973 -1.00000e+01
5701 -9.00000e+00
5829 -8.00000e+00
6478 -7.00000e+00
6738 -6.00000e+00
7000 -5.00000e+00
7153 -4.00000e+00
7476 -3.00000e+00
7740 -2.00000e+00
7814 -1.00000e+00
8195 +4.54000e+02
8556 +4.71000e+02
8998 +4.99000e+02
9991 +4.99000e+02
"function evaluation" "best-so-far f(x)"
1 -4.90000e+01
2 -4.80000e+01
131 -4.70000e+01
137 -4.60000e+01
140 -4.50000e+01
161 -4.40000e+01
172 -4.30000e+01
213 -4.10000e+01
234 -4.00000e+01
240 -3.90000e+01
262 -3.80000e+01
309 -3.70000e+01
360 -3.60000e+01
384 -3.50000e+01
483 -3.40000e+01
597 -3.30000e+01
722 -3.20000e+01
793 -3.10000e+01
1010 -3.00000e+01
1039 -2.90000e+01
1049 -2.80000e+01
1128 -2.70000e+01
1196 -2.60000e+01
1257 -2.50000e+01
1299 -2.40000e+01
1319 -2.30000e+01
1432 -2.20000e+01
1504 -2.10000e+01
1577 -2.00000e+01
1596 -1.90000e+01
1796 -1.80000e+01
1801 -1.70000e+01
1842 -1.60000e+01
1932 -1.40000e+01
2705 -1.30000e+01
2713 -1.20000e+01
2815 -1.10000e+01
3256 -1.00000e+01
4007 -9.00000e+00
5751 -8.00000e+00
5899 -7.00000e+00
5942 -6.00000e+00
5980 -5.00000e+00
6640 -4.00000e+00
6652 -3.00000e+00
6672 -2.00000e+00
6731 -1.00000e+00
7161 +4.27000e+02
7864 +4.52000e+02
8138 +4.62000e+02
8478 +4.70000e+02
8750 +4.89000e+02
8971 +4.98000e+02
9122 +5.03000e+02
9352 +5.15000e+02
9991 +5.15000e+02
"function evaluation" "best-so-far f(x)"
1 -4.90000e+01
39 -4.70000e+01
126 -4.60000e+01
163 -4.50000e+01
333 -4.40000e+01
374 -4.30000e+01
516 -4.20000e+01
532 -4.10000e+01
553 -4.00000e+01
563 -3.90000e+01
677 -3.80000e+01
723 -3.70000e+01
770 -3.60000e+01
817 -3.50000e+01
973 -3.40000e+01
1062 -3.30000e+01
1093 -3.20000e+01
1137 -3.10000e+01
1328 -3.00000e+01
1541 -2.90000e+01
1778 -2.80000e+01
1861 -2.70000e+01
2154 -2.60000e+01
2174 -2.50000e+01
2233 -2.40000e+01
2262 -2.30000e+01
2375 -2.20000e+01
2500 -2.10000e+01
2538 -2.00000e+01
2551 -1.90000e+01
3145 -1.80000e+01
3495 -1.70000e+01
3660 -1.60000e+01
3817 -1.50000e+01
3871 -1.40000e+01
4028 -1.30000e+01
4429 -1.20000e+01
4720 -1.10000e+01
5189 -1.00000e+01
5248 -9.00000e+00
5852 -8.00000e+00
5854 -7.00000e+00
6509 -6.00000e+00
6553 -5.00000e+00
6688 -3.00000e+00
6803 -2.00000e+00
8286 -1.00000e+00
9252 +4.46000e+02
9424 +4.57000e+02
9455 +4.66000e+02
9797 +4.74000e+02
9884 +4.80000e+02
9991 +4.80000e+02
"function evaluation" "best-so-far f(x)"
1 -4.90000e+01
27 -4.70000e+01
129 -4.60000e+01
168 -4.50000e+01
345 -4.40000e+01
369 -4.30000e+01
537 -4.20000e+01
566 -4.10000e+01
617 -3.90000e+01
750 -3.80000e+01
1003 -3.70000e+01
1059 -3.60000e+01
1212 -3.50000e+01
1261 -3.40000e+01
1408 -3.30000e+01
1417 -3.20000e+01
1438 -3.10000e+01
1452 -3.00000e+01
1600 -2.90000e+01
1606 -2.80000e+01
1630 -2.70000e+01
1677 -2.60000e+01
1859 -2.50000e+01
2100 -2.40000e+01
2144 -2.30000e+01
2173 -2.20000e+01
2708 -2.10000e+01
2974 -2.00000e+01
3395 -1.90000e+01
3552 -1.80000e+01
3554 -1.70000e+01
4207 -1.60000e+01
4528 -1.50000e+01
4691 -1.40000e+01
4753 -1.30000e+01
4857 -1.20000e+01
5112 -1.10000e+01
5160 -1.00000e+01
5236 -9.00000e+00
5302 -8.00000e+00
5451 -7.00000e+00
5489 -6.00000e+00
5532 -5.00000e+00
5689 -4.00000e+00
5866 -2.00000e+00
5883 -1.00000e+00
5950 +4.71000e+02
6099 +4.83000e+02
6471 +4.87000e+02
6708 +5.05000e+02
6943 +5.14000e+02
9854 +5.15000e+02
9991 +5.15000e+02
"function evaluation" "best-so-far f(x)"
1 -4.90000e+01
29 -4.80000e+01
155 -4.70000e+01
224 -4.60000e+01
284 -4.50000e+01
320 -4.40000e+01
430 -4.30000e+01
469 -4.20000e+01
482 -4.10000e+01
513 -4.00000e+01
560 -3.90000e+01
764 -3.80000e+01
843 -3.70000e+01
914 -3.60000e+01
1122 -3.40000e+01
1130 -3.30000e+01
1209 -3.20000e+01
1250 -3.10000e+01
1676 -3.00000e+01
1720 -2.90000e+01
1831 -2.80000e+01
2204 -2.70000e+01
2205 -2.60000e+01
2427 -2.50000e+01
2831 -2.40000e+01
2981 -2.30000e+01
3229 -2.20000e+01
3527 -2.10000e+01
3529 -2.00000e+01
3548 -1.90000e+01
3620 -1.80000e+01
3798 -1.70000e+01
3924 -1.60000e+01
3981 -1.40000e+01
4214 -1.30000e+01
4358 -1.20000e+01
4438 -1.00000e+01
4506 -9.00000e+00
4573 -8.00000e+00
4687 -7.00000e+00
4785 -6.00000e+00
5189 -5.00000e+00
6240 -4.00000e+00
7126 -3.00000e+00
7321 -2.00000e+00
7695 -1.00000e+00
7999 +4.57000e+02
9319 +4.83000e+02
9976 +4.99000e+02
9991 +4.99000e+02
