"function evaluation" "best-so-far f(x)"
1 -4.90000e+01
3 -4.80000e+01
13 -4.70000e+01
18 -4.60000e+01
33 -4.50000e+01
40 -4.40000e+01
94 -4.30000e+01
125 -4.20000e+01
156 -4.10000e+01
157 -4.00000e+01
280 -3.90000e+01
285 -3.80000e+01
347 -3.70000e+01
472 -3.60000e+01
560 -3.50000e+01
571 -3.40000e+01
628 -3.20000e+01
719 -3.10000e+01
720 -3.00000e+01
774 -2.90000e+01
777 -2.80000e+01
793 -2.70000e+01
830 -2.60000e+01
935 -2.50000e+01
1144 -2.40000e+01
1320 -2.30000e+01
1333 -2.20000e+01
1378 -2.10000e+01
1398 -2.00000e+01
1401 -1.90000e+01
1468 -1.80000e+01
1505 -1.70000e+01
1587 -1.60000e+01
1636 -1.50000e+01
1646 -1.40000e+01
1705 -1.30000e+01
1752 -1.20000e+01
2196 -1.10000e+01
2225 -1.00000e+01
2509 -9.00000e+00
2580 -8.00000e+00
2671 -7.00000e+00
2702 -6.00000e+00
2882 -5.00000e+00
2973 -4.00000e+00
2998 -3.00000e+00
3084 -2.00000e+00
3125 -1.00000e+00
3129 +4.43000e+02
3173 +4.76000e+02
3319 +4.83000e+02
3400 +5.09000e+02
4539 +5.13000e+02
4999 +5.20000e+02
9991 +5.20000e+02
"function evaluation" "best-so-far f(x)"
1 -4.90000e+01
17 -4.80000e+01
68 -4.70000e+01
74 -4.60000e+01
116 -4.50000e+01
132 -4.40000e+01
215 -4.30000e+01
345 -4.20000e+01
374 -4.10000e+01
395 -4.00000e+01
481 -3.80000e+01
520 -3.70000e+01
548 -3.60000e+01
595 -3.50000e+01
628 -3.40000e+01
643 -3.30000e+01
656 -3.20000e+01
682 -3.10000e+01
805 -3.00000e+01
808 -2.90000e+01
820 -2.80000e+01
835 -2.70000e+01
854 -2.60000e+01
917 -2.50000e+01
990 -2.40000e+01
1021 -2.30000e+01
1104 -2.20000e+01
1237 -2.10000e+01
1414 -2.00000e+01
1440 -1.90000e+01
1628 -1.80000e+01
1704 -1.70000e+01
1899 -1.60000e+01
1946 -1.50000e+01
2112 -1.40000e+01
2135 -1.30000e+01
2341 -1.20000e+01
2428 -1.10000e+01
2478 -1.00000e+01
2765 -9.00000e+00
2788 -8.00000e+00
2862 -7.00000e+00
2990 -6.00000e+00
3035 -5.00000e+00
3377 -4.00000e+00
3399 -3.00000e+00
3564 -2.00000e+00
3574 -1.00000e+00
3625 +4.97000e+02
3764 +5.00000e+02
3831 +5.03000e+02
3841 +5.06000e+02
5610 +5.16000e+02
5843 +5.19000e+02
6523 +5.20000e+02
9147 +5.30000e+02
9638 +5.38000e+02
9991 +5.38000e+02
"function evaluation" "best-so-far f(x)"
1 -4.90000e+01
62 -4.80000e+01
67 -4.70000e+01
83 -4.60000e+01
174 -4.50000e+01
229 -4.40000e+01
269 -4.30000e+01
305 -4.20000e+01
388 -4.10000e+01
417 -4.00000e+01
478 -3.90000e+01
505 -3.80000e+01
520 -3.70000e+01
648 -3.60000e+01
656 -3.50000e+01
679 -3.40000e+01
719 -3.30000e+01
736 -3.20000e+01
761 -3.10000e+01
791 -3.00000e+01
906 -2.90000e+01
907 -2.80000e+01
954 -2.70000e+01
996 -2.60000e+01
1094 -2.50000e+01
1123 -2.40000e+01
1263 -2.30000e+01
1320 -2.20000e+01
1348 -2.10000e+01
1580 -2.00000e+01
1638 -1.90000e+01
1682 -1.80000e+01
1813 -1.60000e+01
1929 -1.50000e+01
2384 -1.40000e+01
2658 -1.30000e+01
2736 -1.20000e+01
2813 -1.10000e+01
2931 -1.00000e+01
2958 -9.00000e+00
3103 -8.00000e+00
3248 -7.00000e+00
3288 -6.00000e+00
3302 -5.00000e+00
3319 -4.00000e+00
3337 -3.00000e+00
3350 -2.00000e+00
3370 -1.00000e+00
3386 +4.58000e+02
3494 +4.65000e+02
3495 +4.72000e+02
3544 +4.96000e+02
3714 +5.13000e+02
3883 +5.23000e+02
4648 +5.33000e+02
8106 +5.34000e+02
9991 +5.34000e+02
"function evaluation" "best-so-far f(x)"
1 -4.90000e+01
9 -4.80000e+01
31 -4.70000e+01
65 -4.50000e+01
70 -4.40000e+01
77 -4.30000e+01
235 -4.20000e+01
320 -4.10000e+01
327 -4.00000e+01
353 -3.90000e+01
364 -3.80000e+01
410 -3.70000e+01
429 -3.60000e+01
457 -3.50000e+01
480 -3.40000e+01
520 -3.30000e+01
584 -3.20000e+01
633 -3.10000e+01
635 -3.00000e+01
768 -2.90000e+01
804 -2.80000e+01
838 -2.70000e+01
895 -2.60000e+01
935 -2.50000e+01
1032 -2.40000e+01
1044 -2.30000e+01
1088 -2.20000e+01
1133 -2.10000e+01
1161 -2.00000e+01
1187 -1.90000e+01
1249 -1.80000e+01
1328 -1.70000e+01
1428 -1.60000e+01
1535 -1.50000e+01
1849 -1.40000e+01
1919 -1.30000e+01
1929 -1.20000e+01
1986 -1.10000e+01
2036 -1.00000e+01
2071 -9.00000e+00
2447 -8.00000e+00
2641 -7.00000e+00
2687 -6.00000e+00
2828 -5.00000e+00
3183 -4.00000e+00
3394 -3.00000e+00
3505 -2.00000e+00
3687 -1.00000e+00
3848 +4.48000e+02
4236 +4.57000e+02
4347 +4.59000e+02
4452 +4.82000e+02
4628 +4.90000e+02
4753 +4.99000e+02
5444 +5.08000e+02
6389 +5.17000e+02
8707 +5.19000e+02
9155 +5.25000e+02
9338 +5.28000e+02
9991 +5.28000e+02
"function evaluation" "best-so-far f(x)"
1 -4.90000e+01
7 -4.80000e+01
11 -4.70000e+01
138 -4.60000e+01
169 -4.50000e+01
261 -4.40000e+01
295 -4.30000e+01
298 -4.10000e+01
404 -4.00000e+01
412 -3.90000e+01
482 -3.80000e+01
502 -3.70000e+01
538 -3.60000e+01
652 -3.50000e+01
684 -3.40000e+01
796 -3.30000e+01
880 -3.20000e+01
884 -3.10000e+01
914 -3.00000e+01
1064 -2.90000e+01
1096 -2.80000e+01
1125 -2.70000e+01
1203 -2.60000e+01
1273 -2.50000e+01
1318 -2.40000e+01
1326 -2.30000e+01
1357 -2.20000e+01
1425 -2.10000e+01
1455 -2.00000e+01
1526 -1.90000e+01
1574 -1.80000e+01
1601 -1.70000e+01
1695 -1.60000e+01
1736 -1.50000e+01
1794 -1.40000e+01
1804 -1.30000e+01
1826 -1.20000e+01
1880 -1.10000e+01
1886 -1.00000e+01
1965 -9.00000e+00
2015 -8.00000e+00
2114 -7.00000e+00
2208 -6.00000e+00
2470 -5.00000e+00
2522 -4.00000e+00
3037 -3.00000e+00
3131 -2.00000e+00
3245 -1.00000e+00
3581 +4.86000e+02
3796 +4.89000e+02
4050 +4.96000e+02
4077 +5.05000e+02
4145 +5.30000e+02
4460 +5.31000e+02
5850 +5.44000e+02
9991 +5.44000e+02
"function evaluation" "best-so-far f(x)"
1 -4.90000e+01
13 -4.80000e+01
28 -4.70000e+01
68 -4.60000e+01
86 -4.50000e+01
161 -4.40000e+01
327 -4.30000e+01
404 -4.20000e+01
450 -4.10000e+01
466 -3.90000e+01
475 -3.80000e+01
591 -3.70000e+01
643 -3.60000e+01
706 -3.50000e+01
713 -3.40000e+01
775 -3.30000e+01
813 -3.20000e+01
874 -3.10000e+01
934 -3.00000e+01
955 -2.90000e+01
1013 -2.80000e+01
1046 -2.70000e+01
1053 -2.60000e+01
1071 -2.50000e+01
1100 -2.40000e+01
1117 -2.30000e+01
1263 -2.20000e+01
1326 -2.10000e+01
1365 -2.00000e+01
1374 -1.90000e+01
1458 -1.80000e+01
1564 -1.70000e+01
1628 -1.60000e+01
1677 -1.50000e+01
1688 -1.40000e+01
1780 -1.30000e+01
2021 -1.20000e+01
2122 -1.10000e+01
2186 -1.00000e+01
2217 -9.00000e+00
2267 -8.00000e+00
2324 -7.00000e+00
2348 -6.00000e+00
2684 -4.00000e+00
2875 -3.00000e+00
2922 -2.00000e+00
2997 -1.00000e+00
3145 +4.72000e+02
3376 +4.74000e+02
3392 +4.88000e+02
3402 +5.00000e+02
3520 +5.09000e+02
3755 +5.14000e+02
4261 +5.18000e+02
4413 +5.20000e+02
5524 +5.21000e+02
7298 +5.29000e+02
8684 +5.30000e+02
9727 +5.33000e+02
9869 +5.43000e+02
9991 +5.43000e+02
"function evaluation" "best-so-far f(x)"
1 -4.90000e+01
43 -4.80000e+01
45 -4.70000e+01
78 -4.60000e+01
151 -4.50000e+01
182 -4.40000e+01
213 -4.30000e+01
271 -4.20000e+01
314 -4.10000e+01
392 -4.00000e+01
515 -3.90000e+01
540 -3.70000e+01
574 -3.60000e+01
623 -3.50000e+01
646 -3.40000e+01
742 -3.30000e+01
786 -3.20000e+01
836 -3.10000e+01
853 -3.00000e+01
903 -2.90000e+01
955 -2.80000e+01
967 -2.70000e+01
978 -2.60000e+01
997 -2.50000e+01
1092 -2.40000e+01
1107 -2.30000e+01
1177 -2.20000e+01
1227 -2.10000e+01
1245 -2.00000e+01
1371 -1.90000e+01
1520 -1.80000e+01
1533 -1.70000e+01
1586 -1.60000e+01
1625 -1.50000e+01
1679 -1.40000e+01
1767 -1.30000e+01
1892 -1.20000e+01
2000 -1.10000e+01
2067 -1.00000e+01
2226 -9.00000e+00
2305 -8.00000e+00
2369 -7.00000e+00
2605 -6.00000e+00
2866 -5.00000e+00
3065 -4.00000e+00
3174 -3.00000e+00
3210 -2.00000e+00
3365 -1.00000e+00
3451 +4.65000e+02
3653 +4.83000e+02
4286 +4.96000e+02
4398 +5.07000e+02
4674 +5.09000e+02
4758 +5.10000e+02
5414 +5.16000e+02
5746 +5.18000e+02
5748 +5.24000e+02
5956 +5.31000e+02
8067 +5.36000e+02
9518 +5.37000e+02
9991 +5.37000e+02
"function evaluation" "best-so-far f(x)"
1 -4.90000e+01
9 -4.80000e+01
43 -4.70000e+01
68 -4.60000e+01
97 -4.50000e+01
172 -4.40000e+01
249 -4.30000e+01
263 -4.20000e+01
352 -4.10000e+01
362 -4.00000e+01
374 -3.90000e+01
421 -3.80000e+01
457 -3.70000e+01
497 -3.60000e+01
533 -3.50000e+01
587 -3.40000e+01
687 -3.30000e+01
697 -3.20000e+01
811 -3.10000e+01
846 -3.00000e+01
871 -2.90000e+01
1245 -2.80000e+01
1258 -2.70000e+01
1299 -2.60000e+01
1354 -2.50000e+01
1409 -2.40000e+01
1517 -2.30000e+01
1718 -2.20000e+01
1773 -2.10000e+01
1922 -2.00000e+01
2096 -1.90000e+01
2131 -1.80000e+01
2177 -1.70000e+01
2321 -1.60000e+01
2335 -1.50000e+01
2443 -1.40000e+01
2555 -1.30000e+01
2725 -1.20000e+01
2773 -1.10000e+01
2804 -1.00000e+01
2838 -9.00000e+00
3081 -8.00000e+00
3160 -7.00000e+00
3169 -6.00000e+00
3240 -5.00000e+00
3524 -4.00000e+00
3624 -3.00000e+00
4110 -2.00000e+00
4279 -1.00000e+00
4418 +5.05000e+02
4754 +5.07000e+02
4916 +5.08000e+02
5106 +5.16000e+02
5782 +5.18000e+02
9745 +5.20000e+02
9991 +5.20000e+02
"function evaluation" "best-so-far f(x)"
1 -4.90000e+01
18 -4.80000e+01
31 -4.70000e+01
84 -4.60000e+01
105 -4.50000e+01
223 -4.40000e+01
300 -4.20000e+01
391 -4.10000e+01
421 -4.00000e+01
435 -3.90000e+01
452 -3.80000e+01
471 -3.70000e+01
498 -3.60000e+01
542 -3.50000e+01
642 -3.40000e+01
666 -3.30000e+01
685 -3.10000e+01
767 -3.00000e+01
781 -2.90000e+01
792 -2.80000e+01
852 -2.70000e+01
910 -2.60000e+01
915 -2.50000e+01
1073 -2.40000e+01
1079 -2.30000e+01
1202 -2.20000e+01
1289 -2.10000e+01
1338 -2.00000e+01
1420 -1.90000e+01
1496 -1.80000e+01
1562 -1.70000e+01
1572 -1.60000e+01
1673 -1.50000e+01
1720 -1.40000e+01
1854 -1.30000e+01
1942 -1.20000e+01
1954 -1.10000e+01
2126 -1.00000e+01
2158 -9.00000e+00
2271 -8.00000e+00
2340 -7.00000e+00
2380 -6.00000e+00
2439 -5.00000e+00
2482 -4.00000e+00
2595 -3.00000e+00
2604 -2.00000e+00
2683 -1.00000e+00
2741 +4.93000e+02
3105 +5.03000e+02
4529 +5.05000e+02
4944 +5.06000e+02
5871 +5.09000e+02
6916 +5.11000e+02
7964 +5.12000e+02
8154 +5.23000e+02
9991 +5.23000e+02
"function evaluation" "best-so-far f(x)"
1 -4.90000e+01
21 -4.80000e+01
41 -4.70000e+01
114 -4.60000e+01
180 -4.50000e+01
182 -4.30000e+01
236 -4.20000e+01
268 -4.10000e+01
281 -4.00000e+01
301 -3.90000e+01
443 -3.80000e+01
462 -3.70000e+01
484 -3.60000e+01
554 -3.50000e+01
558 -3.40000e+01
591 -3.30000e+01
627 -3.20000e+01
691 -3.10000e+01
714 -3.00000e+01
738 -2.90000e+01
747 -2.80000e+01
757 -2.70000e+01
857 -2.60000e+01
883 -2.50000e+01
897 -2.40000e+01
966 -2.30000e+01
1022 -2.20000e+01
1048 -2.10000e+01
1088 -1.90000e+01
1163 -1.80000e+01
1258 -1.70000e+01
1274 -1.60000e+01
1288 -1.50000e+01
1303 -1.40000e+01
1441 -1.30000e+01
1499 -1.20000e+01
1542 -1.10000e+01
1578 -1.00000e+01
1602 -9.00000e+00
1818 -8.00000e+00
2282 -7.00000e+00
2588 -6.00000e+00
2727 -5.00000e+00
2755 -4.00000e+00
2780 -3.00000e+00
2789 -2.00000e+00
2826 -1.00000e+00
2864 +4.79000e+02
2943 +4.86000e+02
3349 +4.87000e+02
3652 +5.06000e+02
4278 +5.16000e+02
4506 +5.19000e+02
4515 +5.25000e+02
9991 +5.25000e+02
"function evaluation" "best-so-far f(x)"
1 -4.90000e+01
2 -4.80000e+01
69 -4.70000e+01
94 -4.60000e+01
159 -4.50000e+01
177 -4.40000e+01
185 -4.30000e+01
211 -4.20000e+01
248 -4.10000e+01
285 -4.00000e+01
302 -3.90000e+01
476 -3.80000e+01
517 -3.70000e+01
539 -3.60000e+01
544 -3.50000e+01
553 -3.40000e+01
569 -3.30000e+01
629 -3.20000e+01
635 -3.10000e+01
760 -3.00000e+01
778 -2.90000e+01
797 -2.80000e+01
914 -2.70000e+01
1021 -2.60000e+01
1169 -2.50000e+01
1263 -2.40000e+01
1283 -2.30000e+01
1333 -2.20000e+01
1443 -2.10000e+01
1444 -2.00000e+01
1468 -1.90000e+01
1753 -1.80000e+01
1800 -1.70000e+01
1840 -1.60000e+01
1847 -1.50000e+01
2172 -1.40000e+01
2257 -1.30000e+01
2314 -1.20000e+01
2421 -1.10000e+01
2502 -1.00000e+01
2736 -8.00000e+00
3011 -7.00000e+00
3262 -6.00000e+00
3360 -5.00000e+00
3412 -4.00000e+00
3723 -3.00000e+00
4780 -2.00000e+00
4888 -1.00000e+00
4939 +4.80000e+02
5035 +4.81000e+02
5083 +4.88000e+02
6108 +4.92000e+02
6573 +4.98000e+02
7634 +5.09000e+02
7721 +5.13000e+02
8118 +5.14000e+02
8268 +5.24000e+02
8506 +5.32000e+02
9257 +5.34000e+02
9991 +5.34000e+02
"function evaluation" "best-so-far f(x)"
1 -4.90000e+01
6 -4.80000e+01
58 -4.70000e+01
70 -4.60000e+01
117 -4.50000e+01
119 -4.40000e+01
169 -4.30000e+01
179 -4.20000e+01
289 -4.10000e+01
306 -4.00000e+01
337 -3.90000e+01
368 -3.80000e+01
397 -3.70000e+01
425 -3.60000e+01
492 -3.50000e+01
506 -3.40000e+01
548 -3.20000e+01
590 -3.10000e+01
606 -3.00000e+01
685 -2.90000e+01
713 -2.80000e+01
759 -2.70000e+01
786 -2.60000e+01
870 -2.50000e+01
912 -2.40000e+01
929 -2.30000e+01
932 -2.20000e+01
1038 -2.10000e+01
1187 -2.00000e+01
1240 -1.90000e+01
1368 -1.80000e+01
1392 -1.70000e+01
1585 -1.60000e+01
1615 -1.50000e+01
1715 -1.40000e+01
1968 -1.30000e+01
2012 -1.20000e+01
2025 -1.10000e+01
2106 -1.00000e+01
2146 -9.00000e+00
2183 -8.00000e+00
2201 -7.00000e+00
2253 -6.00000e+00
2279 -5.00000e+00
2331 -4.00000e+00
2381 -3.00000e+00
2544 -2.00000e+00
2639 -1.00000e+00
2758 +4.71000e+02
3034 +4.77000e+02
3354 +4.98000e+02
3483 +5.09000e+02
4814 +5.23000e+02
5309 +5.26000e+02
5679 +5.29000e+02
5956 +5.30000e+02
9991 +5.30000e+02
"function evaluation" "best-so-far f(x)"
1 -4.90000e+01
7 -4.80000e+01
43 -4.70000e+01
57 -4.60000e+01
134 -4.50000e+01
150 -4.40000e+01
258 -4.30000e+01
284 -4.20000e+01
404 -4.10000e+01
454 -4.00000e+01
460 -3.90000e+01
557 -3.80000e+01
572 -3.70000e+01
599 -3.60000e+01
662 -3.50000e+01
735 -3.40000e+01
892 -3.30000e+01
902 -3.20000e+01
923 -3.10000e+01
1116 -3.00000e+01
1199 -2.90000e+01
1232 -2.80000e+01
1281 -2.70000e+01
1332 -2.60000e+01
1394 -2.50000e+01
1416 -2.40000e+01
1489 -2.30000e+01
1500 -2.20000e+01
1512 -2.10000e+01
1655 -2.00000e+01
1667 -1.90000e+01
1782 -1.80000e+01
1809 -1.70000e+01
1841 -1.60000e+01
1962 -1.50000e+01
1975 -1.40000e+01
2009 -1.30000e+01
2078 -1.20000e+01
2203 -1.10000e+01
2256 -1.00000e+01
2266 -9.00000e+00
2459 -8.00000e+00
2499 -7.00000e+00
2790 -6.00000e+00
2808 -5.00000e+00
3197 -4.00000e+00
3224 -3.00000e+00
3371 -2.00000e+00
3422 -1.00000e+00
3440 +4.85000e+02
4247 +4.99000e+02
4257 +5.15000e+02
4389 +5.16000e+02
5201 +5.17000e+02
5423 +5.18000e+02
7557 +5.23000e+02
9991 +5.23000e+02
"function evaluation" "best-so-far f(x)"
1 -4.90000e+01
52 -4.70000e+01
57 -4.60000e+01
149 -4.50000e+01
309 -4.40000e+01
320 -4.30000e+01
393 -4.20000e+01
429 -4.10000e+01
437 -4.00000e+01
575 -3.90000e+01
680 -3.80000e+01
704 -3.70000e+01
723 -3.60000e+01
752 -3.50000e+01
773 -3.40000e+01
806 -3.30000e+01
875 -3.20000e+01
915 -3.10000e+01
980 -3.00000e+01
1058 -2.90000e+01
1117 -2.80000e+01
1142 -2.70000e+01
1150 -2.60000e+01
1253 -2.50000e+01
1332 -2.40000e+01
1470 -2.30000e+01
1488 -2.20000e+01
1506 -2.10000e+01
1554 -2.00000e+01
1650 -1.90000e+01
1785 -1.80000e+01
1886 -1.70000e+01
1932 -1.60000e+01
2039 -1.50000e+01
2299 -1.40000e+01
2338 -1.30000e+01
2734 -1.20000e+01
2746 -1.10000e+01
2827 -1.00000e+01
2952 -9.00000e+00
3403 -7.00000e+00
3441 -6.00000e+00
3510 -5.00000e+00
3611 -4.00000e+00
4096 -3.00000e+00
4122 -2.00000e+00
4167 -1.00000e+00
4274 +4.59000e+02
4297 +4.72000e+02
4349 +4.76000e+02
4461 +4.80000e+02
4524 +4.86000e+02
4697 +4.92000e+02
4905 +4.97000e+02
5461 +4.98000e+02
5635 +5.02000e+02
6349 +5.03000e+02
6805 +5.09000e+02
6870 +5.17000e+02
7113 +5.22000e+02
9991 +5.22000e+02
"function evaluation" "best-so-far f(x)"
1 -4.90000e+01
6 -4.80000e+01
32 -4.70000e+01
63 -4.60000e+01
83 -4.50000e+01
173 -4.40000e+01
181 -4.30000e+01
214 -4.20000e+01
274 -4.10000e+01
305 -4.00000e+01
381 -3.90000e+01
510 -3.80000e+01
617 -3.70000e+01
682 -3.60000e+01
738 -3.50000e+01
761 -3.40000e+01
876 -3.30000e+01
877 -3.20000e+01
904 -3.10000e+01
914 -3.00000e+01
960 -2.90000e+01
975 -2.80000e+01
1007 -2.70000e+01
1068 -2.60000e+01
1080 -2.50000e+01
1101 -2.40000e+01
1109 -2.30000e+01
1232 -2.20000e+01
1246 -2.10000e+01
1280 -2.00000e+01
1319 -1.90000e+01
1509 -1.80000e+01
1594 -1.70000e+01
1717 -1.60000e+01
1869 -1.50000e+01
1970 -1.40000e+01
2033 -1.30000e+01
2088 -1.10000e+01
2090 -1.00000e+01
2122 -9.00000e+00
2212 -7.00000e+00
2237 -6.00000e+00
2358 -5.00000e+00
2392 -4.00000e+00
2446 -3.00000e+00
2491 -2.00000e+00
2866 -1.00000e+00
2907 +4.58000e+02
3373 +4.69000e+02
3424 +4.82000e+02
4718 +4.83000e+02
4803 +4.89000e+02
4859 +4.93000e+02
4869 +4.97000e+02
5584 +5.02000e+02
5747 +5.10000e+02
5894 +5.17000e+02
6627 +5.18000e+02
6915 +5.22000e+02
8377 +5.31000e+02
9991 +5.31000e+02
"function evaluation" "best-so-far f(x)"
1 -4.90000e+01
14 -4.70000e+01
29 -4.60000e+01
102 -4.50000e+01
108 -4.40000e+01
169 -4.30000e+01
217 -4.20000e+01
253 -4.10000e+01
284 -4.00000e+01
296 -3.80000e+01
332 -3.70000e+01
338 -3.60000e+01
376 -3.50000e+01
398 -3.40000e+01
430 -3.30000e+01
481 -3.20000e+01
634 -3.10000e+01
663 -3.00000e+01
712 -2.90000e+01
824 -2.80000e+01
859 -2.70000e+01
866 -2.60000e+01
927 -2.50000e+01
989 -2.40000e+01
1084 -2.30000e+01
1120 -2.20000e+01
1170 -2.10000e+01
1190 -2.00000e+01
1377 -1.90000e+01
1447 -1.80000e+01
1497 -1.70000e+01
1505 -1.60000e+01
1587 -1.50000e+01
1702 -1.40000e+01
1824 -1.30000e+01
1886 -1.20000e+01
1994 -1.10000e+01
2008 -1.00000e+01
2213 -9.00000e+00
2288 -8.00000e+00
2420 -7.00000e+00
2483 -6.00000e+00
2648 -5.00000e+00
2767 -4.00000e+00
2872 -3.00000e+00
3135 -2.00000e+00
3304 -1.00000e+00
3574 +4.95000e+02
3719 +5.09000e+02
4457 +5.21000e+02
5313 +5.23000e+02
5685 +5.27000e+02
5686 +5.28000e+02
9991 +5.28000e+02
"function evaluation" "best-so-far f(x)"
1 -4.90000e+01
3 -4.70000e+01
100 -4.60000e+01
115 -4.50000e+01
128 -4.40000e+01
218 -4.30000e+01
228 -4.20000e+01
230 -4.10000e+01
234 -4.00000e+01
257 -3.90000e+01
379 -3.80000e+01
403 -3.70000e+01
470 -3.60000e+01
573 -3.50000e+01
626 -3.40000e+01
738 -3.30000e+01
766 -3.20000e+01
785 -3.10000e+01
812 -3.00000e+01
848 -2.80000e+01
857 -2.70000e+01
888 -2.60000e+01
941 -2.50000e+01
979 -2.40000e+01
1088 -2.30000e+01
1153 -2.20000e+01
1220 -2.10000e+01
1264 -2.00000e+01
1387 -1.90000e+01
1517 -1.80000e+01
1546 -1.70000e+01
1559 -1.60000e+01
1636 -1.50000e+01
1646 -1.40000e+01
1990 -1.30000e+01
2055 -1.20000e+01
2094 -1.10000e+01
2191 -1.00000e+01
2211 -9.00000e+00
2249 -8.00000e+00
2252 -7.00000e+00
2287 -6.00000e+00
2467 -5.00000e+00
2498 -4.00000e+00
2586 -3.00000e+00
2649 -1.00000e+00
2904 +4.74000e+02
2980 +5.02000e+02
3207 +5.11000e+02
3392 +5.24000e+02
5595 +5.26000e+02
5688 +5.27000e+02
7920 +5.30000e+02
9745 +5.31000e+02
9991 +5.31000e+02
"function evaluation" "best-so-far f(x)"
1 -4.90000e+01
3 -4.80000e+01
79 -4.70000e+01
101 -4.60000e+01
123 -4.50000e+01
153 -4.40000e+01
171 -4.30000e+01
184 -4.20000e+01
238 -4.10000e+01
248 -4.00000e+01
330 -3.90000e+01
333 -3.80000e+01
375 -3.70000e+01
395 -3.60000e+01
416 -3.50000e+01
484 -3.40000e+01
574 -3.30000e+01
673 -3.20000e+01
737 -3.10000e+01
756 -3.00000e+01
871 -2.90000e+01
1026 -2.80000e+01
1086 -2.70000e+01
1200 -2.60000e+01
1305 -2.50000e+01
1312 -2.40000e+01
1326 -2.30000e+01
1334 -2.10000e+01
1378 -2.00000e+01
1420 -1.90000e+01
1542 -1.80000e+01
1569 -1.70000e+01
1738 -1.60000e+01
1781 -1.50000e+01
1840 -1.40000e+01
2102 -1.30000e+01
2422 -1.20000e+01
2480 -1.10000e+01
2492 -1.00000e+01
2513 -9.00000e+00
2726 -8.00000e+00
2913 -7.00000e+00
3009 -6.00000e+00
3100 -5.00000e+00
3414 -4.00000e+00
3451 -3.00000e+00
3601 -2.00000e+00
3934 -1.00000e+00
4017 +4.28000e+02
4118 +4.54000e+02
4160 +4.64000e+02
4170 +4.75000e+02
4270 +4.93000e+02
4341 +4.95000e+02
4511 +4.97000e+02
4649 +5.06000e+02
5084 +5.12000e+02
5364 +5.20000e+02
6197 +5.28000e+02
6939 +5.33000e+02
8311 +5.35000e+02
9991 +5.35000e+02
"function evaluation" "best-so-far f(x)"
1 -4.90000e+01
8 -4.80000e+01
27 -4.70000e+01
37 -4.60000e+01
116 -4.40000e+01
142 -4.30000e+01
185 -4.20000e+01
276 -4.10000e+01
348 -4.00000e+01
399 -3.80000e+01
482 -3.70000e+01
500 -3.60000e+01
518 -3.50000e+01
630 -3.40000e+01
736 -3.30000e+01
810 -3.20000e+01
893 -3.10000e+01
918 -3.00000e+01
939 -2.90000e+01
1047 -2.80000e+01
1064 -2.70000e+01
1148 -2.50000e+01
1159 -2.40000e+01
1190 -2.30000e+01
1299 -2.20000e+01
1323 -2.10000e+01
1350 -2.00000e+01
1516 -1.90000e+01
1617 -1.80000e+01
1664 -1.70000e+01
1731 -1.60000e+01
1809 -1.50000e+01
1877 -1.40000e+01
2024 -1.30000e+01
2200 -1.20000e+01
2206 -1.10000e+01
2226 -1.00000e+01
2262 -9.00000e+00
2333 -8.00000e+00
2624 -7.00000e+00
2705 -6.00000e+00
2711 -5.00000e+00
2717 -4.00000e+00
2801 -3.00000e+00
3528 -2.00000e+00
3654 -1.00000e+00
4211 +4.79000e+02
4455 +4.90000e+02
4779 +4.93000e+02
4790 +5.04000e+02
5314 +5.07000e+02
5350 +5.18000e+02
5626 +5.28000e+02
7853 +5.32000e+02
9531 +5.37000e+02
9991 +5.37000e+02
"function evaluation" "best-so-far f(x)"
1 -4.90000e+01
12 -4.80000e+01
51 -4.70000e+01
143 -4.60000e+01
145 -4.50000e+01
339 -4.40000e+01
369 -4.20000e+01
372 -4.10000e+01
458 -4.00000e+01
633 -3.90000e+01
660 -3.70000e+01
686 -3.60000e+01
694 -3.50000e+01
713 -3.40000e+01
790 -3.30000e+01
826 -3.20000e+01
842 -3.10000e+01
920 -3.00000e+01
1022 -2.90000e+01
1039 -2.80000e+01
1102 -2.70000e+01
1198 -2.60000e+01
1240 -2.50000e+01
1313 -2.40000e+01
1338 -2.30000e+01
1395 -2.20000e+01
1402 -2.10000e+01
1458 -2.00000e+01
1507 -1.90000e+01
1530 -1.80000e+01
1670 -1.70000e+01
1719 -1.60000e+01
1789 -1.50000e+01
2106 -1.40000e+01
2147 -1.30000e+01
2273 -1.20000e+01
2381 -1.10000e+01
2534 -1.00000e+01
2548 -9.00000e+00
2672 -8.00000e+00
2810 -7.00000e+00
2852 -6.00000e+00
2914 -5.00000e+00
2996 -4.00000e+00
3016 -3.00000e+00
3239 -2.00000e+00
3379 -1.00000e+00
3429 +4.86000e+02
3567 +4.96000e+02
3685 +5.04000e+02
3709 +5.07000e+02
3985 +5.10000e+02
4577 +5.14000e+02
4782 +5.15000e+02
5245 +5.19000e+02
5839 +5.28000e+02
7193 +5.38000e+02
8801 +5.39000e+02
9991 +5.39000e+02
"function evaluation" "best-so-far f(x)"
1 -4.90000e+01
4 -4.80000e+01
65 -4.70000e+01
221 -4.60000e+01
273 -4.50000e+01
289 -4.40000e+01
297 -4.30000e+01
305 -4.20000e+01
376 -4.10000e+01
396 -4.00000e+01
439 -3.90000e+01
440 -3.80000e+01
444 -3.70000e+01
477 -3.60000e+01
479 -3.50000e+01
502 -3.40000e+01
531 -3.30000e+01
554 -3.20000e+01
640 -3.10000e+01
776 -3.00000e+01
836 -2.90000e+01
853 -2.80000e+01
984 -2.70000e+01
1174 -2.60000e+01
1288 -2.50000e+01
1425 -2.40000e+01
1524 -2.30000e+01
1549 -2.20000e+01
1657 -2.10000e+01
1665 -2.00000e+01
1707 -1.90000e+01
1767 -1.80000e+01
1780 -1.70000e+01
1832 -1.60000e+01
1894 -1.50000e+01
1915 -1.40000e+01
1979 -1.30000e+01
2197 -1.20000e+01
2413 -1.10000e+01
2581 -1.00000e+01
2607 -9.00000e+00
2620 -8.00000e+00
2767 -7.00000e+00
2860 -6.00000e+00
3058 -5.00000e+00
3067 -4.00000e+00
3231 -3.00000e+00
3348 -2.00000e+00
3447 -1.00000e+00
3796 +4.89000e+02
4426 +4.90000e+02
4655 +4.97000e+02
4671 +5.00000e+02
4924 +5.04000e+02
5378 +5.07000e+02
5906 +5.08000e+02
7235 +5.14000e+02
7441 +5.18000e+02
8167 +5.23000e+02
9667 +5.26000e+02
9991 +5.26000e+02
"function evaluation" "best-so-far f(x)"
1 -4.90000e+01
8 -4.80000e+01
28 -4.70000e+01
51 -4.60000e+01
147 -4.50000e+01
201 -4.40000e+01
228 -4.30000e+01
252 -4.20000e+01
393 -4.10000e+01
426 -4.00000e+01
469 -3.90000e+01
563 -3.80000e+01
572 -3.70000e+01
584 -3.60000e+01
595 -3.50000e+01
655 -3.40000e+01
749 -3.30000e+01
763 -3.20000e+01
810 -3.10000e+01
829 -3.00000e+01
880 -2.90000e+01
882 -2.80000e+01
922 -2.70000e+01
978 -2.60000e+01
991 -2.50000e+01
1162 -2.40000e+01
1173 -2.30000e+01
1305 -2.20000e+01
1394 -2.10000e+01
1405 -2.00000e+01
1432 -1.90000e+01
1551 -1.80000e+01
1555 -1.70000e+01
1645 -1.60000e+01
1713 -1.50000e+01
1760 -1.40000e+01
1926 -1.30000e+01
1995 -1.20000e+01
2012 -1.10000e+01
2187 -1.00000e+01
2339 -8.00000e+00
2569 -7.00000e+00
2595 -6.00000e+00
2690 -4.00000e+00
2943 -3.00000e+00
2961 -2.00000e+00
2977 -1.00000e+00
3188 +4.49000e+02
3834 +4.76000e+02
4433 +4.84000e+02
4755 +4.92000e+02
4763 +4.97000e+02
4923 +5.04000e+02
5381 +5.10000e+02
6272 +5.17000e+02
6349 +5.21000e+02
6563 +5.25000e+02
6753 +5.27000e+02
8702 +5.29000e+02
9135 +5.30000e+02
9144 +5.31000e+02
9991 +5.31000e+02
"function evaluation" "best-so-far f(x)"
1 -4.90000e+01
34 -4.70000e+01
92 -4.60000e+01
161 -4.50000e+01
205 -4.40000e+01
248 -4.30000e+01
259 -4.20000e+01
342 -4.10000e+01
392 -4.00000e+01
446 -3.90000e+01
466 -3.80000e+01
507 -3.70000e+01
532 -3.60000e+01
538 -3.40000e+01
544 -3.30000e+01
611 -3.20000e+01
680 -3.10000e+01
734 -3.00000e+01
743 -2.90000e+01
778 -2.80000e+01
840 -2.70000e+01
893 -2.60000e+01
923 -2.50000e+01
1050 -2.40000e+01
1160 -2.30000e+01
1198 -2.20000e+01
1234 -2.10000e+01
1238 -2.00000e+01
1251 -1.90000e+01
1297 -1.80000e+01
1387 -1.70000e+01
1632 -1.60000e+01
1737 -1.50000e+01
1754 -1.40000e+01
1917 -1.30000e+01
2011 -1.10000e+01
2130 -1.00000e+01
2294 -9.00000e+00
2516 -8.00000e+00
2582 -7.00000e+00
2782 -6.00000e+00
2796 -5.00000e+00
2874 -4.00000e+00
2891 -3.00000e+00
3055 -2.00000e+00
3352 -1.00000e+00
3375 +4.68000e+02
3507 +4.75000e+02
3760 +4.90000e+02
4644 +5.02000e+02
5597 +5.15000e+02
6087 +5.17000e+02
6579 +5.20000e+02
7000 +5.26000e+02
9205 +5.27000e+02
9210 +5.30000e+02
9623 +5.33000e+02
9991 +5.33000e+02
"function evaluation" "best-so-far f(x)"
1 -4.90000e+01
51 -4.80000e+01
63 -4.70000e+01
124 -4.60000e+01
142 -4.50000e+01
237 -4.40000e+01
243 -4.30000e+01
257 -4.20000e+01
274 -4.10000e+01
284 -4.00000e+01
285 -3.90000e+01
298 -3.80000e+01
307 -3.70000e+01
412 -3.60000e+01
571 -3.50000e+01
623 -3.40000e+01
697 -3.30000e+01
764 -3.20000e+01
768 -3.10000e+01
891 -3.00000e+01
936 -2.90000e+01
982 -2.80000e+01
1071 -2.70000e+01
1232 -2.60000e+01
1354 -2.50000e+01
1437 -2.40000e+01
1474 -2.30000e+01
1515 -2.20000e+01
1616 -2.10000e+01
1643 -2.00000e+01
1711 -1.90000e+01
1752 -1.80000e+01
1815 -1.70000e+01
1840 -1.60000e+01
1908 -1.50000e+01
2144 -1.40000e+01
2181 -1.30000e+01
2276 -1.20000e+01
2315 -1.10000e+01
2459 -1.00000e+01
2466 -9.00000e+00
2522 -8.00000e+00
2577 -7.00000e+00
2684 -6.00000e+00
2854 -5.00000e+00
2908 -4.00000e+00
3089 -3.00000e+00
3203 -2.00000e+00
3307 -1.00000e+00
3371 +4.59000e+02
4027 +4.85000e+02
4402 +4.95000e+02
5120 +5.05000e+02
5196 +5.14000e+02
5787 +5.15000e+02
6230 +5.18000e+02
6395 +5.19000e+02
7318 +5.21000e+02
7411 +5.31000e+02
8036 +5.38000e+02
9314 +5.42000e+02
9810 +5.43000e+02
9991 +5.43000e+02
"function evaluation" "best-so-far f(x)"
1 -4.90000e+01
2 -4.80000e+01
5 -4.70000e+01
12 -4.60000e+01
74 -4.50000e+01
97 -4.40000e+01
181 -4.30000e+01
187 -4.10000e+01
202 -4.00000e+01
330 -3.90000e+01
363 -3.80000e+01
471 -3.70000e+01
537 -3.60000e+01
586 -3.50000e+01
720 -3.40000e+01
745 -3.30000e+01
749 -3.20000e+01
756 -3.10000e+01
772 -3.00000e+01
833 -2.90000e+01
871 -2.70000e+01
998 -2.60000e+01
1151 -2.50000e+01
1220 -2.40000e+01
1221 -2.30000e+01
1260 -2.20000e+01
1310 -2.10000e+01
1406 -2.00000e+01
1429 -1.90000e+01
1456 -1.80000e+01
1494 -1.70000e+01
1508 -1.60000e+01
1522 -1.50000e+01
1748 -1.40000e+01
1894 -1.30000e+01
1916 -1.20000e+01
1990 -1.10000e+01
2177 -1.00000e+01
2219 -9.00000e+00
2338 -8.00000e+00
2382 -7.00000e+00
2506 -6.00000e+00
2663 -5.00000e+00
2690 -4.00000e+00
2703 -3.00000e+00
2988 -2.00000e+00
3225 -1.00000e+00
3301 +4.84000e+02
3457 +5.05000e+02
3591 +5.07000e+02
3916 +5.08000e+02
5596 +5.13000e+02
5625 +5.14000e+02
5661 +5.19000e+02
6146 +5.24000e+02
6616 +5.31000e+02
7002 +5.32000e+02
9155 +5.34000e+02
9991 +5.34000e+02
"function evaluation" "best-so-far f(x)"
1 -4.90000e+01
10 -4.70000e+01
49 -4.60000e+01
122 -4.40000e+01
140 -4.30000e+01
184 -4.20000e+01
187 -4.10000e+01
200 -4.00000e+01
210 -3.90000e+01
244 -3.80000e+01
247 -3.70000e+01
324 -3.60000e+01
349 -3.50000e+01
403 -3.40000e+01
433 -3.30000e+01
592 -3.20000e+01
607 -3.10000e+01
640 -3.00000e+01
717 -2.90000e+01
746 -2.80000e+01
795 -2.70000e+01
804 -2.60000e+01
835 -2.50000e+01
885 -2.40000e+01
952 -2.30000e+01
993 -2.20000e+01
1008 -2.10000e+01
1037 -2.00000e+01
1056 -1.90000e+01
1062 -1.70000e+01
1074 -1.60000e+01
1198 -1.50000e+01
1267 -1.40000e+01
1472 -1.20000e+01
1525 -1.10000e+01
1700 -1.00000e+01
1728 -9.00000e+00
1957 -8.00000e+00
1963 -7.00000e+00
2010 -6.00000e+00
2300 -5.00000e+00
2614 -4.00000e+00
2630 -3.00000e+00
2730 -2.00000e+00
2981 -1.00000e+00
3315 +4.78000e+02
3639 +4.81000e+02
3721 +4.83000e+02
3760 +5.01000e+02
3827 +5.07000e+02
3919 +5.12000e+02
5484 +5.13000e+02
6309 +5.25000e+02
6673 +5.33000e+02
8833 +5.36000e+02
9991 +5.36000e+02
"function evaluation" "best-so-far f(x)"
1 -4.90000e+01
7 -4.80000e+01
14 -4.70000e+01
91 -4.60000e+01
191 -4.50000e+01
254 -4.40000e+01
263 -4.30000e+01
329 -4.20000e+01
337 -4.10000e+01
351 -4.00000e+01
405 -3.90000e+01
440 -3.80000e+01
552 -3.70000e+01
558 -3.60000e+01
565 -3.50000e+01
592 -3.40000e+01
635 -3.30000e+01
749 -3.20000e+01
835 -3.10000e+01
863 -3.00000e+01
882 -2.80000e+01
925 -2.60000e+01
980 -2.50000e+01
990 -2.40000e+01
1112 -2.30000e+01
1157 -2.20000e+01
1230 -2.10000e+01
1263 -2.00000e+01
1278 -1.90000e+01
1299 -1.80000e+01
1312 -1.60000e+01
1321 -1.50000e+01
1359 -1.40000e+01
1447 -1.30000e+01
1465 -1.20000e+01
1478 -1.10000e+01
1611 -1.00000e+01
1741 -9.00000e+00
2143 -8.00000e+00
2590 -7.00000e+00
2663 -6.00000e+00
2732 -5.00000e+00
2755 -4.00000e+00
2929 -3.00000e+00
3014 -2.00000e+00
3100 -1.00000e+00
3123 +4.81000e+02
3190 +4.85000e+02
3467 +4.89000e+02
3552 +4.90000e+02
3622 +5.01000e+02
3676 +5.12000e+02
4464 +5.15000e+02
4981 +5.16000e+02
5892 +5.24000e+02
9011 +5.25000e+02
9367 +5.28000e+02
9991 +5.28000e+02
"function evaluation" "best-so-far f(x)"
1 -4.90000e+01
21 -4.80000e+01
106 -4.70000e+01
111 -4.60000e+01
116 -4.50000e+01
163 -4.40000e+01
181 -4.30000e+01
201 -4.20000e+01
221 -4.10000e+01
275 -4.00000e+01
314 -3.90000e+01
351 -3.80000e+01
457 -3.70000e+01
471 -3.60000e+01
507 -3.50000e+01
561 -3.30000e+01
573 -3.20000e+01
577 -3.10000e+01
640 -3.00000e+01
737 -2.90000e+01
769 -2.80000e+01
794 -2.70000e+01
865 -2.60000e+01
903 -2.50000e+01
933 -2.40000e+01
989 -2.30000e+01
1048 -2.20000e+01
1075 -2.10000e+01
1092 -2.00000e+01
1171 -1.90000e+01
1175 -1.80000e+01
1275 -1.70000e+01
1421 -1.60000e+01
1433 -1.50000e+01
1716 -1.40000e+01
1717 -1.30000e+01
2017 -1.20000e+01
2033 -1.10000e+01
2063 -1.00000e+01
2188 -9.00000e+00
2243 -8.00000e+00
3023 -7.00000e+00
3120 -6.00000e+00
3193 -5.00000e+00
3306 -4.00000e+00
3378 -3.00000e+00
3539 -2.00000e+00
3592 -1.00000e+00
3732 +5.06000e+02
3830 +5.13000e+02
4098 +5.15000e+02
6674 +5.17000e+02
6965 +5.18000e+02
7593 +5.23000e+02
8525 +5.29000e+02
9903 +5.34000e+02
9991 +5.34000e+02
"function evaluation" "best-so-far f(x)"
1 -4.90000e+01
27 -4.80000e+01
69 -4.70000e+01
173 -4.60000e+01
185 -4.50000e+01
191 -4.40000e+01
206 -4.30000e+01
209 -4.20000e+01
215 -4.10000e+01
216 -4.00000e+01
275 -3.90000e+01
317 -3.80000e+01
323 -3.70000e+01
324 -3.60000e+01
365 -3.50000e+01
449 -3.40000e+01
454 -3.30000e+01
470 -3.20000e+01
493 -3.10000e+01
517 -3.00000e+01
522 -2.90000e+01
548 -2.80000e+01
594 -2.70000e+01
595 -2.60000e+01
882 -2.50000e+01
942 -2.40000e+01
1107 -2.30000e+01
1116 -2.20000e+01
1135 -2.10000e+01
1161 -2.00000e+01
1182 -1.90000e+01
1283 -1.80000e+01
1323 -1.70000e+01
1375 -1.60000e+01
1439 -1.50000e+01
1499 -1.40000e+01
1535 -1.30000e+01
1551 -1.20000e+01
1610 -1.10000e+01
1644 -1.00000e+01
1843 -9.00000e+00
1879 -8.00000e+00
1917 -7.00000e+00
2037 -6.00000e+00
2064 -5.00000e+00
2083 -4.00000e+00
2106 -3.00000e+00
2167 -2.00000e+00
2837 -1.00000e+00
2865 +4.42000e+02
2923 +4.67000e+02
3284 +4.76000e+02
3362 +4.93000e+02
3441 +5.09000e+02
3753 +5.10000e+02
4233 +5.16000e+02
4255 +5.17000e+02
4275 +5.20000e+02
4405 +5.25000e+02
5780 +5.26000e+02
6439 +5.35000e+02
9991 +5.35000e+02
"function evaluation" "best-so-far f(x)"
1 -4.90000e+01
29 -4.80000e+01
106 -4.70000e+01
123 -4.60000e+01
178 -4.40000e+01
273 -4.30000e+01
290 -4.20000e+01
294 -4.10000e+01
307 -4.00000e+01
487 -3.90000e+01
498 -3.80000e+01
578 -3.70000e+01
620 -3.50000e+01
660 -3.40000e+01
696 -3.30000e+01
795 -3.20000e+01
856 -3.10000e+01
892 -3.00000e+01
924 -2.90000e+01
995 -2.80000e+01
1183 -2.70000e+01
1211 -2.60000e+01
1254 -2.50000e+01
1282 -2.40000e+01
1366 -2.30000e+01
1424 -2.20000e+01
1476 -2.10000e+01
1561 -2.00000e+01
1589 -1.90000e+01
1706 -1.80000e+01
1707 -1.70000e+01
1765 -1.60000e+01
1846 -1.50000e+01
1905 -1.40000e+01
1913 -1.30000e+01
2168 -1.20000e+01
2197 -1.10000e+01
2221 -1.00000e+01
2332 -9.00000e+00
2393 -8.00000e+00
2454 -7.00000e+00
2659 -6.00000e+00
3031 -5.00000e+00
3040 -4.00000e+00
3131 -3.00000e+00
3369 -2.00000e+00
3386 -1.00000e+00
3483 +4.39000e+02
3804 +4.68000e+02
4141 +4.79000e+02
4292 +4.82000e+02
4884 +4.83000e+02
5049 +4.88000e+02
5075 +4.99000e+02
5388 +5.08000e+02
7944 +5.15000e+02
8046 +5.22000e+02
8443 +5.24000e+02
8714 +5.34000e+02
9351 +5.39000e+02
9991 +5.39000e+02
