"function evaluation" "best-so-far f(x)"
1 -4.90000e+01
2 -4.80000e+01
89 -4.70000e+01
97 -4.60000e+01
496 -4.50000e+01
501 -4.40000e+01
571 -4.30000e+01
635 -4.20000e+01
737 -4.10000e+01
942 -4.00000e+01
1011 -3.90000e+01
1044 -3.80000e+01
1161 -3.70000e+01
1303 -3.60000e+01
1443 -3.50000e+01
1533 -3.40000e+01
1559 -3.30000e+01
1609 -3.10000e+01
1768 -3.00000e+01
1930 -2.90000e+01
1996 -2.80000e+01
2078 -2.70000e+01
2192 -2.60000e+01
2290 -2.40000e+01
2303 -2.30000e+01
2326 -2.20000e+01
2362 -2.00000e+01
2450 -1.90000e+01
2843 -1.80000e+01
2892 -1.70000e+01
2963 -1.60000e+01
3172 -1.50000e+01
3343 -1.40000e+01
3662 -1.30000e+01
3755 -1.20000e+01
4030 -1.10000e+01
4234 -1.00000e+01
4329 -9.00000e+00
4440 -8.00000e+00
4714 -7.00000e+00
4807 -6.00000e+00
5091 -5.00000e+00
5219 -4.00000e+00
5776 -3.00000e+00
6218 -2.00000e+00
6469 -1.00000e+00
6616 +4.65000e+02
7145 +4.86000e+02
7497 +4.87000e+02
7779 +5.03000e+02
7909 +5.06000e+02
8217 +5.08000e+02
8317 +5.09000e+02
8332 +5.11000e+02
8384 +5.13000e+02
8755 +5.25000e+02
9724 +5.31000e+02
9951 +5.31000e+02
"function evaluation" "best-so-far f(x)"
1 -4.90000e+01
19 -4.80000e+01
78 -4.70000e+01
115 -4.60000e+01
241 -4.50000e+01
303 -4.30000e+01
352 -4.20000e+01
545 -4.10000e+01
644 -4.00000e+01
767 -3.90000e+01
824 -3.80000e+01
857 -3.70000e+01
1058 -3.60000e+01
1255 -3.50000e+01
1349 -3.40000e+01
1395 -3.30000e+01
1604 -3.20000e+01
1689 -3.10000e+01
1720 -3.00000e+01
1862 -2.90000e+01
1960 -2.80000e+01
1977 -2.70000e+01
2143 -2.60000e+01
2269 -2.40000e+01
2410 -2.30000e+01
2457 -2.20000e+01
2741 -2.10000e+01
2848 -2.00000e+01
3040 -1.90000e+01
3183 -1.80000e+01
3546 -1.70000e+01
3958 -1.50000e+01
4246 -1.40000e+01
4342 -1.30000e+01
4495 -1.20000e+01
4557 -1.10000e+01
4596 -1.00000e+01
4996 -9.00000e+00
5190 -8.00000e+00
5763 -7.00000e+00
6325 -6.00000e+00
6502 -5.00000e+00
6642 -4.00000e+00
6789 -3.00000e+00
7649 -2.00000e+00
7761 -1.00000e+00
8286 +4.67000e+02
8332 +4.88000e+02
8816 +5.04000e+02
9542 +5.05000e+02
9566 +5.10000e+02
9951 +5.10000e+02
"function evaluation" "best-so-far f(x)"
1 -4.90000e+01
25 -4.80000e+01
43 -4.70000e+01
206 -4.60000e+01
309 -4.50000e+01
413 -4.40000e+01
585 -4.30000e+01
657 -4.20000e+01
697 -4.10000e+01
807 -4.00000e+01
953 -3.90000e+01
1056 -3.80000e+01
1177 -3.70000e+01
1224 -3.60000e+01
1521 -3.50000e+01
1623 -3.40000e+01
1737 -3.30000e+01
1883 -3.20000e+01
1932 -3.10000e+01
1967 -3.00000e+01
2017 -2.90000e+01
2089 -2.80000e+01
2259 -2.70000e+01
2337 -2.60000e+01
2513 -2.50000e+01
2696 -2.40000e+01
2772 -2.30000e+01
3051 -2.20000e+01
3099 -2.10000e+01
3100 -2.00000e+01
3391 -1.90000e+01
3512 -1.80000e+01
4180 -1.70000e+01
4365 -1.60000e+01
4616 -1.50000e+01
4823 -1.40000e+01
4863 -1.30000e+01
4931 -1.20000e+01
5089 -1.10000e+01
5733 -1.00000e+01
6049 -9.00000e+00
6157 -8.00000e+00
6216 -7.00000e+00
6528 -6.00000e+00
7195 -4.00000e+00
7373 -3.00000e+00
7435 -2.00000e+00
7527 -1.00000e+00
7984 +4.49000e+02
8055 +4.52000e+02
8304 +4.57000e+02
8369 +4.65000e+02
8569 +4.68000e+02
8868 +4.71000e+02
8980 +4.77000e+02
9364 +4.79000e+02
9514 +4.82000e+02
9951 +4.82000e+02
"function evaluation" "best-so-far f(x)"
1 -4.90000e+01
5 -4.80000e+01
87 -4.70000e+01
254 -4.60000e+01
343 -4.50000e+01
439 -4.40000e+01
594 -4.30000e+01
779 -4.20000e+01
919 -4.10000e+01
1036 -4.00000e+01
1150 -3.90000e+01
1169 -3.80000e+01
1293 -3.70000e+01
1389 -3.60000e+01
1506 -3.50000e+01
1636 -3.40000e+01
1683 -3.30000e+01
1702 -3.20000e+01
1797 -3.10000e+01
1997 -3.00000e+01
2268 -2.90000e+01
2345 -2.80000e+01
2564 -2.70000e+01
2740 -2.50000e+01
2893 -2.40000e+01
3062 -2.30000e+01
3280 -2.20000e+01
3287 -2.10000e+01
3397 -2.00000e+01
3511 -1.90000e+01
3743 -1.80000e+01
3777 -1.70000e+01
3907 -1.60000e+01
4273 -1.50000e+01
4327 -1.40000e+01
4728 -1.30000e+01
4891 -1.20000e+01
5300 -1.10000e+01
5601 -1.00000e+01
5876 -9.00000e+00
6098 -7.00000e+00
6269 -6.00000e+00
6506 -5.00000e+00
6763 -4.00000e+00
7803 -3.00000e+00
8303 -2.00000e+00
8398 -1.00000e+00
9041 +4.46000e+02
9281 +4.49000e+02
9545 +4.63000e+02
9951 +4.63000e+02
"function evaluation" "best-so-far f(x)"
1 -4.90000e+01
16 -4.80000e+01
36 -4.70000e+01
163 -4.60000e+01
254 -4.50000e+01
370 -4.40000e+01
471 -4.30000e+01
591 -4.20000e+01
749 -4.10000e+01
828 -4.00000e+01
839 -3.90000e+01
975 -3.80000e+01
1003 -3.70000e+01
1147 -3.60000e+01
1218 -3.50000e+01
1241 -3.40000e+01
1364 -3.20000e+01
1418 -3.10000e+01
1472 -3.00000e+01
1509 -2.90000e+01
1662 -2.80000e+01
1741 -2.70000e+01
1749 -2.60000e+01
1809 -2.50000e+01
2144 -2.40000e+01
2335 -2.30000e+01
2579 -2.20000e+01
2642 -2.10000e+01
2855 -2.00000e+01
2941 -1.90000e+01
3161 -1.80000e+01
3211 -1.70000e+01
3571 -1.60000e+01
3982 -1.50000e+01
4118 -1.40000e+01
4190 -1.20000e+01
4312 -1.10000e+01
4447 -1.00000e+01
4770 -9.00000e+00
5092 -8.00000e+00
5148 -7.00000e+00
5176 -6.00000e+00
5460 -5.00000e+00
5557 -4.00000e+00
5787 -3.00000e+00
5902 -2.00000e+00
6158 -1.00000e+00
6393 +5.14000e+02
7399 +5.32000e+02
7636 +5.38000e+02
9951 +5.38000e+02
"function evaluation" "best-so-far f(x)"
1 -4.90000e+01
32 -4.70000e+01
70 -4.50000e+01
86 -4.40000e+01
153 -4.30000e+01
242 -4.20000e+01
580 -4.10000e+01
621 -4.00000e+01
857 -3.90000e+01
939 -3.80000e+01
1096 -3.70000e+01
1176 -3.60000e+01
1355 -3.50000e+01
1383 -3.40000e+01
1468 -3.30000e+01
1471 -3.20000e+01
1555 -3.10000e+01
1666 -3.00000e+01
1782 -2.90000e+01
1880 -2.80000e+01
1960 -2.70000e+01
2047 -2.60000e+01
2208 -2.50000e+01
2475 -2.40000e+01
2553 -2.30000e+01
2654 -2.20000e+01
2733 -2.10000e+01
2829 -2.00000e+01
3007 -1.90000e+01
3222 -1.80000e+01
3315 -1.70000e+01
3370 -1.60000e+01
3630 -1.50000e+01
3836 -1.40000e+01
4209 -1.30000e+01
4302 -1.20000e+01
4453 -1.10000e+01
4563 -1.00000e+01
4718 -9.00000e+00
4992 -8.00000e+00
5072 -7.00000e+00
5095 -6.00000e+00
5283 -5.00000e+00
5529 -4.00000e+00
5700 -3.00000e+00
5832 -2.00000e+00
5932 -1.00000e+00
6284 +4.51000e+02
6805 +4.67000e+02
7112 +4.77000e+02
7193 +4.80000e+02
7243 +4.89000e+02
7917 +4.97000e+02
8122 +5.02000e+02
8177 +5.11000e+02
9951 +5.11000e+02
"function evaluation" "best-so-far f(x)"
1 -4.90000e+01
20 -4.80000e+01
48 -4.70000e+01
121 -4.60000e+01
366 -4.50000e+01
425 -4.40000e+01
499 -4.30000e+01
628 -4.20000e+01
718 -4.10000e+01
917 -4.00000e+01
1006 -3.90000e+01
1176 -3.80000e+01
1323 -3.70000e+01
1363 -3.60000e+01
1594 -3.50000e+01
1727 -3.40000e+01
1798 -3.30000e+01
2023 -3.20000e+01
2311 -3.10000e+01
2429 -3.00000e+01
2651 -2.90000e+01
2764 -2.70000e+01
2818 -2.60000e+01
2989 -2.50000e+01
3179 -2.40000e+01
3225 -2.30000e+01
3239 -2.20000e+01
3371 -2.10000e+01
3480 -2.00000e+01
3610 -1.90000e+01
3789 -1.80000e+01
3839 -1.70000e+01
3888 -1.60000e+01
4225 -1.40000e+01
4444 -1.30000e+01
4652 -1.20000e+01
4778 -1.00000e+01
5098 -9.00000e+00
5321 -8.00000e+00
5907 -7.00000e+00
6199 -6.00000e+00
6867 -5.00000e+00
6984 -4.00000e+00
7267 -2.00000e+00
7332 -1.00000e+00
7846 +4.69000e+02
7896 +4.82000e+02
8317 +4.84000e+02
8444 +4.89000e+02
8518 +4.95000e+02
8541 +4.99000e+02
8906 +5.00000e+02
8937 +5.03000e+02
9121 +5.13000e+02
9354 +5.14000e+02
9951 +5.14000e+02
"function evaluation" "best-so-far f(x)"
1 -4.90000e+01
34 -4.80000e+01
50 -4.70000e+01
152 -4.60000e+01
221 -4.50000e+01
272 -4.40000e+01
486 -4.30000e+01
612 -4.20000e+01
713 -4.10000e+01
862 -4.00000e+01
954 -3.90000e+01
1084 -3.80000e+01
1114 -3.70000e+01
1203 -3.60000e+01
1403 -3.50000e+01
1500 -3.40000e+01
1541 -3.30000e+01
1662 -3.20000e+01
1749 -3.10000e+01
1949 -3.00000e+01
2169 -2.90000e+01
2435 -2.80000e+01
2572 -2.70000e+01
2612 -2.60000e+01
2662 -2.50000e+01
2819 -2.40000e+01
3009 -2.30000e+01
3289 -2.20000e+01
3657 -2.10000e+01
3706 -2.00000e+01
3930 -1.90000e+01
4396 -1.80000e+01
4436 -1.70000e+01
4708 -1.60000e+01
4832 -1.50000e+01
5083 -1.40000e+01
5169 -1.30000e+01
5192 -1.20000e+01
5240 -1.10000e+01
5418 -1.00000e+01
5642 -9.00000e+00
5851 -8.00000e+00
6152 -7.00000e+00
7255 -6.00000e+00
7471 -5.00000e+00
7617 -4.00000e+00
7682 -3.00000e+00
7834 -2.00000e+00
8244 -1.00000e+00
9019 +4.94000e+02
9306 +5.01000e+02
9652 +5.09000e+02
9951 +5.09000e+02
"function evaluation" "best-so-far f(x)"
1 -4.90000e+01
48 -4.80000e+01
105 -4.70000e+01
209 -4.60000e+01
213 -4.50000e+01
402 -4.40000e+01
603 -4.30000e+01
677 -4.20000e+01
720 -4.10000e+01
806 -4.00000e+01
897 -3.90000e+01
1000 -3.80000e+01
1093 -3.70000e+01
1326 -3.60000e+01
1428 -3.50000e+01
1544 -3.40000e+01
1747 -3.30000e+01
1946 -3.20000e+01
2154 -3.10000e+01
2288 -3.00000e+01
2418 -2.90000e+01
2544 -2.80000e+01
2559 -2.70000e+01
2692 -2.60000e+01
2813 -2.50000e+01
3183 -2.40000e+01
3494 -2.30000e+01
3620 -2.20000e+01
3729 -2.10000e+01
3934 -2.00000e+01
4020 -1.90000e+01
4290 -1.80000e+01
4434 -1.70000e+01
4688 -1.60000e+01
4811 -1.50000e+01
5195 -1.40000e+01
5603 -1.30000e+01
5822 -1.20000e+01
5939 -1.10000e+01
6262 -1.00000e+01
6374 -9.00000e+00
6520 -8.00000e+00
6640 -7.00000e+00
6902 -6.00000e+00
7007 -5.00000e+00
7447 -4.00000e+00
7596 -3.00000e+00
7676 -2.00000e+00
7960 -1.00000e+00
8071 +4.75000e+02
8347 +4.80000e+02
8930 +4.83000e+02
9155 +4.86000e+02
9205 +4.87000e+02
9612 +4.88000e+02
9658 +4.99000e+02
9951 +4.99000e+02
"function evaluation" "best-so-far f(x)"
1 -4.90000e+01
43 -4.80000e+01
121 -4.70000e+01
198 -4.60000e+01
242 -4.50000e+01
444 -4.40000e+01
524 -4.30000e+01
597 -4.20000e+01
824 -4.10000e+01
960 -4.00000e+01
1053 -3.90000e+01
1105 -3.80000e+01
1380 -3.70000e+01
1573 -3.60000e+01
1702 -3.50000e+01
1809 -3.40000e+01
1864 -3.30000e+01
2054 -3.20000e+01
2060 -3.10000e+01
2111 -3.00000e+01
2402 -2.90000e+01
2417 -2.80000e+01
2495 -2.70000e+01
2647 -2.60000e+01
2944 -2.50000e+01
3015 -2.40000e+01
3095 -2.30000e+01
3141 -2.20000e+01
3213 -2.10000e+01
3547 -2.00000e+01
3581 -1.90000e+01
3772 -1.80000e+01
4047 -1.70000e+01
4155 -1.60000e+01
4222 -1.50000e+01
4235 -1.40000e+01
4418 -1.20000e+01
4517 -1.10000e+01
4758 -1.00000e+01
5331 -9.00000e+00
5376 -8.00000e+00
5585 -7.00000e+00
5791 -6.00000e+00
5928 -5.00000e+00
6163 -4.00000e+00
6329 -3.00000e+00
6797 -2.00000e+00
7029 -1.00000e+00
7209 +4.85000e+02
7300 +4.89000e+02
7376 +5.01000e+02
7709 +5.04000e+02
8690 +5.06000e+02
8971 +5.14000e+02
9013 +5.16000e+02
9169 +5.23000e+02
9951 +5.23000e+02
"function evaluation" "best-so-far f(x)"
1 -4.90000e+01
5 -4.80000e+01
97 -4.70000e+01
243 -4.60000e+01
278 -4.50000e+01
451 -4.40000e+01
588 -4.30000e+01
680 -4.20000e+01
794 -4.10000e+01
839 -4.00000e+01
961 -3.90000e+01
1033 -3.80000e+01
1058 -3.70000e+01
1080 -3.60000e+01
1314 -3.50000e+01
1505 -3.40000e+01
1657 -3.30000e+01
1834 -3.20000e+01
1987 -3.10000e+01
2141 -3.00000e+01
2189 -2.90000e+01
2285 -2.80000e+01
2312 -2.70000e+01
2537 -2.60000e+01
2680 -2.50000e+01
2768 -2.40000e+01
2934 -2.30000e+01
3290 -2.20000e+01
3502 -2.10000e+01
3752 -2.00000e+01
3993 -1.90000e+01
4221 -1.80000e+01
4346 -1.70000e+01
4359 -1.60000e+01
4422 -1.50000e+01
5018 -1.40000e+01
5189 -1.30000e+01
5306 -1.10000e+01
5606 -1.00000e+01
5928 -9.00000e+00
6190 -8.00000e+00
6217 -7.00000e+00
6418 -6.00000e+00
6588 -5.00000e+00
6902 -4.00000e+00
7252 -3.00000e+00
7463 -2.00000e+00
7924 -1.00000e+00
8600 +4.67000e+02
8706 +4.68000e+02
9214 +4.72000e+02
9670 +4.77000e+02
9951 +4.77000e+02
"function evaluation" "best-so-far f(x)"
1 -4.90000e+01
10 -4.70000e+01
141 -4.60000e+01
189 -4.50000e+01
194 -4.40000e+01
329 -4.30000e+01
345 -4.20000e+01
374 -4.10000e+01
429 -4.00000e+01
509 -3.90000e+01
644 -3.80000e+01
849 -3.70000e+01
862 -3.60000e+01
917 -3.50000e+01
1120 -3.40000e+01
1149 -3.30000e+01
1300 -3.20000e+01
1487 -3.10000e+01
1707 -3.00000e+01
1844 -2.90000e+01
1883 -2.80000e+01
1958 -2.70000e+01
2228 -2.60000e+01
2345 -2.50000e+01
2597 -2.40000e+01
2698 -2.30000e+01
2870 -2.20000e+01
3074 -2.10000e+01
3148 -2.00000e+01
3251 -1.90000e+01
3315 -1.80000e+01
3496 -1.70000e+01
3516 -1.60000e+01
3642 -1.50000e+01
3890 -1.40000e+01
4000 -1.30000e+01
4217 -1.20000e+01
4386 -1.10000e+01
4533 -1.00000e+01
4699 -9.00000e+00
5395 -8.00000e+00
5483 -7.00000e+00
5636 -6.00000e+00
5638 -5.00000e+00
5795 -4.00000e+00
6093 -3.00000e+00
6547 -2.00000e+00
6939 -1.00000e+00
7462 +4.47000e+02
7722 +4.79000e+02
7922 +4.89000e+02
8000 +4.90000e+02
8335 +4.97000e+02
8636 +5.00000e+02
9130 +5.02000e+02
9272 +5.04000e+02
9951 +5.04000e+02
"function evaluation" "best-so-far f(x)"
1 -4.90000e+01
3 -4.80000e+01
115 -4.70000e+01
287 -4.60000e+01
303 -4.50000e+01
408 -4.40000e+01
521 -4.30000e+01
707 -4.20000e+01
754 -4.10000e+01
818 -4.00000e+01
845 -3.90000e+01
965 -3.80000e+01
1147 -3.70000e+01
1316 -3.60000e+01
1373 -3.50000e+01
1409 -3.40000e+01
1561 -3.30000e+01
1720 -3.20000e+01
1908 -3.10000e+01
2011 -3.00000e+01
2068 -2.90000e+01
2117 -2.80000e+01
2188 -2.70000e+01
2275 -2.60000e+01
2331 -2.50000e+01
2493 -2.40000e+01
2556 -2.30000e+01
2873 -2.20000e+01
2947 -2.10000e+01
3060 -2.00000e+01
3146 -1.90000e+01
3221 -1.80000e+01
3275 -1.70000e+01
3397 -1.60000e+01
3595 -1.50000e+01
3732 -1.40000e+01
4148 -1.30000e+01
4178 -1.20000e+01
4325 -1.10000e+01
4465 -1.00000e+01
4584 -9.00000e+00
4747 -8.00000e+00
4873 -7.00000e+00
5022 -6.00000e+00
5333 -5.00000e+00
5455 -4.00000e+00
5685 -3.00000e+00
5874 -2.00000e+00
6869 -1.00000e+00
8348 +4.61000e+02
8728 +4.67000e+02
8975 +4.76000e+02
8982 +4.78000e+02
9148 +4.85000e+02
9670 +4.90000e+02
9750 +4.97000e+02
9951 +4.97000e+02
"function evaluation" "best-so-far f(x)"
1 -4.90000e+01
78 -4.80000e+01
102 -4.70000e+01
146 -4.60000e+01
190 -4.50000e+01
318 -4.40000e+01
359 -4.30000e+01
469 -4.20000e+01
565 -4.10000e+01
686 -4.00000e+01
832 -3.90000e+01
1032 -3.80000e+01
1185 -3.70000e+01
1439 -3.60000e+01
1553 -3.50000e+01
1613 -3.40000e+01
1627 -3.30000e+01
1761 -3.20000e+01
1793 -3.10000e+01
1841 -3.00000e+01
1999 -2.90000e+01
2157 -2.80000e+01
2278 -2.70000e+01
2323 -2.60000e+01
2346 -2.50000e+01
2620 -2.40000e+01
2634 -2.30000e+01
2747 -2.20000e+01
2922 -2.10000e+01
2995 -2.00000e+01
3201 -1.90000e+01
3255 -1.70000e+01
3387 -1.60000e+01
3573 -1.50000e+01
3678 -1.40000e+01
3889 -1.30000e+01
4071 -1.20000e+01
4415 -1.10000e+01
4794 -1.00000e+01
4894 -9.00000e+00
5164 -8.00000e+00
5214 -7.00000e+00
5433 -6.00000e+00
5838 -5.00000e+00
5975 -4.00000e+00
6134 -3.00000e+00
6458 -2.00000e+00
6590 -1.00000e+00
6941 +4.92000e+02
7062 +5.02000e+02
7441 +5.15000e+02
7480 +5.17000e+02
7823 +5.21000e+02
7840 +5.25000e+02
9333 +5.28000e+02
9585 +5.33000e+02
9869 +5.36000e+02
9951 +5.36000e+02
"function evaluation" "best-so-far f(x)"
1 -4.90000e+01
19 -4.80000e+01
49 -4.70000e+01
149 -4.60000e+01
266 -4.50000e+01
311 -4.40000e+01
413 -4.30000e+01
514 -4.20000e+01
596 -4.10000e+01
687 -4.00000e+01
940 -3.90000e+01
981 -3.80000e+01
1121 -3.70000e+01
1311 -3.60000e+01
1478 -3.50000e+01
1500 -3.40000e+01
1574 -3.30000e+01
1643 -3.20000e+01
1724 -3.10000e+01
1871 -3.00000e+01
1979 -2.90000e+01
2009 -2.80000e+01
2172 -2.70000e+01
2312 -2.60000e+01
2549 -2.50000e+01
2564 -2.40000e+01
2766 -2.30000e+01
2967 -2.20000e+01
2986 -2.10000e+01
3070 -2.00000e+01
3325 -1.90000e+01
3508 -1.80000e+01
3580 -1.70000e+01
3857 -1.60000e+01
3921 -1.50000e+01
4047 -1.40000e+01
4190 -1.30000e+01
4263 -1.20000e+01
4861 -1.10000e+01
4920 -1.00000e+01
5098 -9.00000e+00
5623 -8.00000e+00
5853 -7.00000e+00
5979 -6.00000e+00
6137 -5.00000e+00
6170 -4.00000e+00
6658 -3.00000e+00
6912 -2.00000e+00
7017 -1.00000e+00
7221 +4.30000e+02
8048 +4.50000e+02
8483 +4.63000e+02
8564 +4.73000e+02
9116 +5.01000e+02
9195 +5.02000e+02
9550 +5.05000e+02
9826 +5.10000e+02
9951 +5.10000e+02
"function evaluation" "best-so-far f(x)"
1 -4.90000e+01
17 -4.80000e+01
57 -4.70000e+01
82 -4.60000e+01
148 -4.50000e+01
257 -4.40000e+01
303 -4.30000e+01
479 -4.20000e+01
543 -4.10000e+01
680 -4.00000e+01
724 -3.90000e+01
830 -3.80000e+01
985 -3.70000e+01
1134 -3.60000e+01
1230 -3.50000e+01
1322 -3.40000e+01
1403 -3.30000e+01
1470 -3.20000e+01
1713 -3.10000e+01
1869 -3.00000e+01
1920 -2.90000e+01
2045 -2.80000e+01
2145 -2.70000e+01
2333 -2.60000e+01
2374 -2.50000e+01
2495 -2.40000e+01
2497 -2.30000e+01
2642 -2.20000e+01
2673 -2.10000e+01
2703 -2.00000e+01
2826 -1.90000e+01
3089 -1.80000e+01
3305 -1.70000e+01
3583 -1.60000e+01
3760 -1.50000e+01
3955 -1.40000e+01
4110 -1.30000e+01
4250 -1.20000e+01
4337 -1.10000e+01
4561 -1.00000e+01
4710 -9.00000e+00
4973 -8.00000e+00
5178 -7.00000e+00
5309 -6.00000e+00
5650 -5.00000e+00
5756 -4.00000e+00
6350 -3.00000e+00
6423 -2.00000e+00
6614 -1.00000e+00
6742 +4.87000e+02
6851 +5.04000e+02
7840 +5.18000e+02
9951 +5.18000e+02
"function evaluation" "best-so-far f(x)"
1 -4.90000e+01
6 -4.80000e+01
135 -4.70000e+01
170 -4.60000e+01
435 -4.50000e+01
481 -4.40000e+01
644 -4.30000e+01
737 -4.20000e+01
981 -4.10000e+01
1054 -4.00000e+01
1249 -3.90000e+01
1353 -3.80000e+01
1404 -3.70000e+01
1437 -3.50000e+01
1548 -3.40000e+01
1704 -3.30000e+01
1724 -3.20000e+01
1917 -3.10000e+01
2181 -3.00000e+01
2234 -2.90000e+01
2306 -2.80000e+01
2457 -2.70000e+01
2576 -2.60000e+01
2628 -2.50000e+01
2728 -2.40000e+01
2759 -2.30000e+01
2944 -2.20000e+01
3087 -2.10000e+01
3152 -2.00000e+01
3268 -1.90000e+01
3369 -1.80000e+01
3545 -1.70000e+01
3700 -1.60000e+01
3809 -1.50000e+01
3970 -1.40000e+01
4162 -1.30000e+01
4298 -1.20000e+01
4517 -1.10000e+01
4779 -1.00000e+01
4952 -9.00000e+00
5178 -8.00000e+00
5691 -7.00000e+00
5881 -6.00000e+00
5912 -5.00000e+00
5980 -4.00000e+00
6135 -3.00000e+00
6304 -2.00000e+00
6362 -1.00000e+00
6476 +5.15000e+02
7197 +5.18000e+02
7243 +5.19000e+02
9019 +5.21000e+02
9404 +5.27000e+02
9951 +5.27000e+02
"function evaluation" "best-so-far f(x)"
1 -4.90000e+01
17 -4.70000e+01
129 -4.60000e+01
250 -4.50000e+01
316 -4.40000e+01
393 -4.30000e+01
530 -4.20000e+01
584 -4.10000e+01
647 -4.00000e+01
649 -3.80000e+01
986 -3.70000e+01
1111 -3.50000e+01
1231 -3.40000e+01
1448 -3.30000e+01
1449 -3.20000e+01
1610 -3.10000e+01
1781 -3.00000e+01
1832 -2.90000e+01
1934 -2.80000e+01
2150 -2.70000e+01
2198 -2.60000e+01
2360 -2.50000e+01
2607 -2.40000e+01
2735 -2.30000e+01
2844 -2.20000e+01
3023 -2.10000e+01
3355 -2.00000e+01
3409 -1.90000e+01
3562 -1.80000e+01
3677 -1.70000e+01
3730 -1.60000e+01
3903 -1.50000e+01
3964 -1.40000e+01
4070 -1.30000e+01
4288 -1.20000e+01
4457 -1.10000e+01
4560 -1.00000e+01
4786 -9.00000e+00
5038 -8.00000e+00
5328 -7.00000e+00
5504 -6.00000e+00
5874 -5.00000e+00
6094 -4.00000e+00
6485 -3.00000e+00
6892 -2.00000e+00
7089 -1.00000e+00
8040 +4.91000e+02
8684 +4.93000e+02
9141 +4.95000e+02
9369 +4.96000e+02
9564 +5.00000e+02
9609 +5.17000e+02
9951 +5.17000e+02
"function evaluation" "best-so-far f(x)"
1 -4.90000e+01
12 -4.80000e+01
44 -4.70000e+01
68 -4.60000e+01
160 -4.50000e+01
364 -4.40000e+01
445 -4.30000e+01
485 -4.20000e+01
602 -4.10000e+01
674 -4.00000e+01
744 -3.90000e+01
813 -3.80000e+01
894 -3.70000e+01
1016 -3.50000e+01
1121 -3.40000e+01
1269 -3.30000e+01
1407 -3.20000e+01
1540 -3.10000e+01
1678 -3.00000e+01
1824 -2.90000e+01
1873 -2.80000e+01
2024 -2.70000e+01
2121 -2.60000e+01
2267 -2.50000e+01
2382 -2.40000e+01
2492 -2.30000e+01
2631 -2.20000e+01
2759 -2.10000e+01
3083 -2.00000e+01
3150 -1.90000e+01
3307 -1.80000e+01
3319 -1.70000e+01
3393 -1.60000e+01
3535 -1.50000e+01
3946 -1.40000e+01
4230 -1.30000e+01
4726 -1.20000e+01
5172 -1.10000e+01
5371 -1.00000e+01
5492 -9.00000e+00
5687 -8.00000e+00
5811 -7.00000e+00
5873 -6.00000e+00
5955 -5.00000e+00
6335 -4.00000e+00
6583 -3.00000e+00
6850 -2.00000e+00
7115 -1.00000e+00
7437 +5.03000e+02
7644 +5.05000e+02
8107 +5.09000e+02
8340 +5.10000e+02
9440 +5.11000e+02
9951 +5.11000e+02
"function evaluation" "best-so-far f(x)"
1 -4.90000e+01
13 -4.80000e+01
62 -4.70000e+01
229 -4.60000e+01
429 -4.50000e+01
468 -4.40000e+01
563 -4.30000e+01
813 -4.20000e+01
913 -4.10000e+01
1105 -4.00000e+01
1244 -3.90000e+01
1320 -3.80000e+01
1403 -3.70000e+01
1606 -3.60000e+01
1685 -3.50000e+01
1717 -3.40000e+01
2168 -3.30000e+01
2221 -3.20000e+01
2313 -3.10000e+01
2384 -3.00000e+01
2486 -2.90000e+01
2685 -2.80000e+01
2901 -2.70000e+01
2961 -2.60000e+01
3017 -2.50000e+01
3113 -2.40000e+01
3373 -2.30000e+01
3388 -2.20000e+01
3509 -2.10000e+01
3755 -2.00000e+01
3944 -1.90000e+01
4192 -1.80000e+01
4306 -1.70000e+01
4383 -1.60000e+01
4515 -1.50000e+01
4627 -1.40000e+01
4938 -1.30000e+01
5193 -1.20000e+01
5849 -1.10000e+01
6042 -1.00000e+01
6346 -9.00000e+00
6493 -8.00000e+00
6811 -7.00000e+00
7075 -6.00000e+00
7422 -5.00000e+00
7785 -4.00000e+00
8051 -3.00000e+00
8199 -2.00000e+00
8436 -1.00000e+00
8956 +4.56000e+02
8985 +4.65000e+02
9662 +4.74000e+02
9951 +4.74000e+02
"function evaluation" "best-so-far f(x)"
1 -4.90000e+01
11 -4.80000e+01
93 -4.70000e+01
140 -4.60000e+01
161 -4.50000e+01
334 -4.30000e+01
454 -4.10000e+01
662 -4.00000e+01
705 -3.90000e+01
914 -3.80000e+01
988 -3.70000e+01
1004 -3.60000e+01
1104 -3.50000e+01
1259 -3.40000e+01
1494 -3.30000e+01
1796 -3.20000e+01
1929 -3.10000e+01
2027 -3.00000e+01
2171 -2.80000e+01
2412 -2.70000e+01
2685 -2.60000e+01
2712 -2.50000e+01
2819 -2.40000e+01
2841 -2.30000e+01
2974 -2.20000e+01
3114 -2.10000e+01
3674 -1.90000e+01
4000 -1.80000e+01
4251 -1.70000e+01
4372 -1.60000e+01
4404 -1.50000e+01
4481 -1.40000e+01
4701 -1.30000e+01
4713 -1.20000e+01
4737 -1.10000e+01
5384 -1.00000e+01
5546 -9.00000e+00
5795 -8.00000e+00
6160 -7.00000e+00
6478 -6.00000e+00
7005 -5.00000e+00
7217 -4.00000e+00
7273 -3.00000e+00
7586 -2.00000e+00
8067 -1.00000e+00
8444 +4.70000e+02
8586 +4.83000e+02
8824 +4.94000e+02
9225 +4.95000e+02
9951 +4.95000e+02
"function evaluation" "best-so-far f(x)"
1 -4.90000e+01
22 -4.80000e+01
80 -4.70000e+01
242 -4.60000e+01
343 -4.40000e+01
462 -4.30000e+01
556 -4.20000e+01
613 -4.00000e+01
643 -3.90000e+01
856 -3.80000e+01
901 -3.70000e+01
1043 -3.60000e+01
1154 -3.50000e+01
1219 -3.40000e+01
1412 -3.30000e+01
1582 -3.20000e+01
1733 -3.10000e+01
1953 -3.00000e+01
2009 -2.90000e+01
2107 -2.80000e+01
2168 -2.70000e+01
2337 -2.60000e+01
2496 -2.50000e+01
2787 -2.40000e+01
3059 -2.30000e+01
3081 -2.20000e+01
3269 -2.10000e+01
3485 -2.00000e+01
3653 -1.90000e+01
3724 -1.80000e+01
3815 -1.70000e+01
3842 -1.60000e+01
3997 -1.50000e+01
4121 -1.40000e+01
4160 -1.30000e+01
4350 -1.20000e+01
4768 -1.10000e+01
5142 -1.00000e+01
5412 -9.00000e+00
5830 -8.00000e+00
6424 -7.00000e+00
6619 -6.00000e+00
7088 -5.00000e+00
7365 -4.00000e+00
7625 -3.00000e+00
8062 -2.00000e+00
8865 -1.00000e+00
9049 +4.41000e+02
9235 +4.60000e+02
9542 +4.70000e+02
9661 +4.78000e+02
9951 +4.78000e+02
"function evaluation" "best-so-far f(x)"
1 -4.90000e+01
7 -4.80000e+01
25 -4.70000e+01
33 -4.60000e+01
285 -4.50000e+01
301 -4.40000e+01
341 -4.30000e+01
517 -4.10000e+01
656 -4.00000e+01
674 -3.90000e+01
876 -3.80000e+01
945 -3.70000e+01
1098 -3.60000e+01
1223 -3.50000e+01
1317 -3.40000e+01
1453 -3.30000e+01
1481 -3.20000e+01
1549 -3.10000e+01
1761 -3.00000e+01
1932 -2.90000e+01
2018 -2.70000e+01
2133 -2.60000e+01
2270 -2.50000e+01
2308 -2.40000e+01
2423 -2.30000e+01
2471 -2.20000e+01
2652 -2.00000e+01
2839 -1.90000e+01
3041 -1.70000e+01
3123 -1.60000e+01
3319 -1.50000e+01
3556 -1.40000e+01
3881 -1.30000e+01
3952 -1.20000e+01
4263 -1.10000e+01
4408 -1.00000e+01
4833 -9.00000e+00
5038 -8.00000e+00
5265 -7.00000e+00
5664 -6.00000e+00
6072 -5.00000e+00
6305 -4.00000e+00
6740 -3.00000e+00
6983 -2.00000e+00
7060 -1.00000e+00
7463 +4.73000e+02
7574 +4.74000e+02
7708 +4.83000e+02
7832 +4.90000e+02
7881 +4.94000e+02
8393 +4.95000e+02
8445 +4.96000e+02
8928 +5.06000e+02
9438 +5.12000e+02
9669 +5.13000e+02
9951 +5.13000e+02
"function evaluation" "best-so-far f(x)"
1 -4.90000e+01
167 -4.80000e+01
204 -4.70000e+01
300 -4.60000e+01
358 -4.50000e+01
397 -4.40000e+01
606 -4.20000e+01
675 -4.10000e+01
692 -4.00000e+01
749 -3.90000e+01
907 -3.80000e+01
933 -3.70000e+01
1037 -3.60000e+01
1184 -3.50000e+01
1263 -3.40000e+01
1434 -3.30000e+01
1601 -3.20000e+01
1681 -3.10000e+01
1840 -3.00000e+01
1981 -2.90000e+01
2002 -2.80000e+01
2120 -2.70000e+01
2232 -2.60000e+01
2249 -2.50000e+01
2308 -2.40000e+01
2370 -2.30000e+01
2411 -2.20000e+01
2791 -2.10000e+01
2928 -2.00000e+01
2945 -1.90000e+01
3100 -1.80000e+01
3402 -1.70000e+01
3502 -1.60000e+01
3646 -1.50000e+01
3850 -1.40000e+01
3975 -1.30000e+01
4057 -1.20000e+01
4165 -1.10000e+01
4391 -1.00000e+01
4486 -9.00000e+00
4648 -8.00000e+00
5219 -7.00000e+00
5456 -6.00000e+00
5656 -5.00000e+00
5868 -4.00000e+00
6336 -3.00000e+00
6591 -2.00000e+00
6736 -1.00000e+00
7690 +4.97000e+02
7759 +5.06000e+02
7762 +5.11000e+02
7767 +5.12000e+02
7794 +5.14000e+02
8143 +5.27000e+02
9951 +5.27000e+02
"function evaluation" "best-so-far f(x)"
1 -4.90000e+01
26 -4.80000e+01
53 -4.70000e+01
299 -4.60000e+01
377 -4.50000e+01
450 -4.40000e+01
531 -4.30000e+01
632 -4.20000e+01
809 -4.10000e+01
1003 -4.00000e+01
1129 -3.90000e+01
1146 -3.80000e+01
1312 -3.70000e+01
1333 -3.60000e+01
1513 -3.50000e+01
1612 -3.40000e+01
1636 -3.30000e+01
1877 -3.20000e+01
1970 -3.10000e+01
2068 -3.00000e+01
2316 -2.90000e+01
2347 -2.80000e+01
2485 -2.70000e+01
2609 -2.60000e+01
2691 -2.50000e+01
2803 -2.40000e+01
2911 -2.30000e+01
3000 -2.20000e+01
3143 -2.10000e+01
3224 -2.00000e+01
3414 -1.90000e+01
3504 -1.80000e+01
3812 -1.70000e+01
3917 -1.60000e+01
4135 -1.50000e+01
4679 -1.40000e+01
5001 -1.30000e+01
5189 -1.20000e+01
5663 -1.10000e+01
5871 -1.00000e+01
6140 -9.00000e+00
6343 -8.00000e+00
6422 -7.00000e+00
6788 -6.00000e+00
6943 -5.00000e+00
7049 -4.00000e+00
7411 -3.00000e+00
7588 -2.00000e+00
7802 -1.00000e+00
8132 +4.70000e+02
8334 +4.94000e+02
8414 +4.99000e+02
9111 +5.03000e+02
9392 +5.04000e+02
9565 +5.21000e+02
9951 +5.21000e+02
"function evaluation" "best-so-far f(x)"
1 -4.90000e+01
9 -4.80000e+01
126 -4.70000e+01
219 -4.60000e+01
369 -4.50000e+01
540 -4.40000e+01
566 -4.30000e+01
623 -4.20000e+01
755 -4.10000e+01
841 -4.00000e+01
1047 -3.90000e+01
1181 -3.80000e+01
1268 -3.70000e+01
1412 -3.60000e+01
1551 -3.40000e+01
1689 -3.30000e+01
1831 -3.20000e+01
1918 -3.10000e+01
2285 -3.00000e+01
2492 -2.90000e+01
2740 -2.80000e+01
2909 -2.70000e+01
3010 -2.60000e+01
3169 -2.50000e+01
3274 -2.40000e+01
3687 -2.30000e+01
3896 -2.20000e+01
3901 -2.10000e+01
3943 -2.00000e+01
4259 -1.90000e+01
4271 -1.80000e+01
4422 -1.70000e+01
4837 -1.60000e+01
5068 -1.50000e+01
5153 -1.40000e+01
5207 -1.30000e+01
5390 -1.20000e+01
5502 -1.10000e+01
5715 -1.00000e+01
6056 -9.00000e+00
6290 -8.00000e+00
6697 -7.00000e+00
6800 -6.00000e+00
6948 -5.00000e+00
7007 -4.00000e+00
7188 -3.00000e+00
7472 -2.00000e+00
7776 -1.00000e+00
8108 +4.61000e+02
8311 +4.90000e+02
8766 +5.06000e+02
8919 +5.12000e+02
9080 +5.18000e+02
9156 +5.20000e+02
9283 +5.23000e+02
9712 +5.25000e+02
9951 +5.25000e+02
"function evaluation" "best-so-far f(x)"
1 -4.90000e+01
29 -4.80000e+01
214 -4.60000e+01
270 -4.50000e+01
393 -4.40000e+01
495 -4.30000e+01
621 -4.20000e+01
689 -4.10000e+01
862 -4.00000e+01
1107 -3.90000e+01
1160 -3.80000e+01
1369 -3.70000e+01
1657 -3.60000e+01
1732 -3.50000e+01
1859 -3.30000e+01
1999 -3.20000e+01
2048 -3.10000e+01
2080 -2.90000e+01
2261 -2.80000e+01
2601 -2.70000e+01
2788 -2.60000e+01
2941 -2.50000e+01
2990 -2.40000e+01
3193 -2.30000e+01
3340 -2.10000e+01
3501 -2.00000e+01
3617 -1.90000e+01
3856 -1.80000e+01
3942 -1.70000e+01
4073 -1.60000e+01
4333 -1.50000e+01
4433 -1.40000e+01
4622 -1.30000e+01
4811 -1.20000e+01
4917 -1.10000e+01
5195 -1.00000e+01
5464 -9.00000e+00
5670 -8.00000e+00
5816 -7.00000e+00
6066 -6.00000e+00
6533 -5.00000e+00
6557 -4.00000e+00
7092 -3.00000e+00
7441 -2.00000e+00
7658 -1.00000e+00
7920 +4.80000e+02
8107 +4.85000e+02
8172 +5.03000e+02
8445 +5.06000e+02
8467 +5.12000e+02
9951 +5.12000e+02
"function evaluation" "best-so-far f(x)"
1 -4.90000e+01
34 -4.80000e+01
125 -4.70000e+01
204 -4.60000e+01
232 -4.50000e+01
347 -4.40000e+01
517 -4.30000e+01
658 -4.20000e+01
719 -4.10000e+01
753 -4.00000e+01
868 -3.90000e+01
962 -3.80000e+01
1321 -3.70000e+01
1510 -3.60000e+01
1544 -3.50000e+01
1705 -3.40000e+01
1948 -3.30000e+01
2114 -3.20000e+01
2180 -3.10000e+01
2463 -3.00000e+01
2715 -2.90000e+01
2773 -2.80000e+01
3064 -2.70000e+01
3206 -2.60000e+01
3377 -2.50000e+01
3395 -2.40000e+01
3423 -2.30000e+01
3461 -2.20000e+01
3602 -2.10000e+01
3706 -2.00000e+01
3892 -1.90000e+01
4010 -1.80000e+01
4144 -1.70000e+01
4209 -1.60000e+01
4504 -1.50000e+01
4801 -1.40000e+01
5211 -1.30000e+01
5342 -1.20000e+01
5614 -1.10000e+01
5757 -1.00000e+01
5903 -9.00000e+00
6037 -8.00000e+00
6250 -7.00000e+00
6489 -6.00000e+00
6634 -5.00000e+00
6834 -4.00000e+00
6867 -3.00000e+00
7242 -2.00000e+00
7382 -1.00000e+00
7470 +4.91000e+02
8074 +4.93000e+02
8689 +4.95000e+02
8763 +5.00000e+02
9204 +5.14000e+02
9250 +5.17000e+02
9298 +5.27000e+02
9951 +5.27000e+02
"function evaluation" "best-so-far f(x)"
1 -4.90000e+01
70 -4.80000e+01
112 -4.70000e+01
410 -4.60000e+01
443 -4.50000e+01
584 -4.40000e+01
810 -4.30000e+01
854 -4.20000e+01
934 -4.10000e+01
1003 -4.00000e+01
1187 -3.90000e+01
1364 -3.80000e+01
1442 -3.60000e+01
1454 -3.50000e+01
1525 -3.40000e+01
1607 -3.30000e+01
1700 -3.20000e+01
1771 -3.10000e+01
1885 -3.00000e+01
1994 -2.90000e+01
2076 -2.80000e+01
2218 -2.70000e+01
2323 -2.60000e+01
2540 -2.50000e+01
2548 -2.40000e+01
2664 -2.30000e+01
2743 -2.20000e+01
2811 -2.10000e+01
2869 -2.00000e+01
3042 -1.90000e+01
3307 -1.80000e+01
3321 -1.70000e+01
3738 -1.60000e+01
3913 -1.50000e+01
3973 -1.40000e+01
4174 -1.30000e+01
4360 -1.20000e+01
4582 -1.10000e+01
4973 -1.00000e+01
5256 -9.00000e+00
5536 -8.00000e+00
5810 -7.00000e+00
6163 -6.00000e+00
6196 -5.00000e+00
6800 -4.00000e+00
7132 -3.00000e+00
7165 -2.00000e+00
7797 -1.00000e+00
7995 +4.09000e+02
8143 +4.36000e+02
8332 +4.38000e+02
8340 +4.49000e+02
8528 +4.62000e+02
8838 +4.72000e+02
9035 +4.79000e+02
9109 +4.89000e+02
9589 +4.93000e+02
9594 +4.94000e+02
9893 +5.01000e+02
9951 +5.01000e+02
"function evaluation" "best-so-far f(x)"
1 -4.90000e+01
25 -4.80000e+01
121 -4.70000e+01
166 -4.60000e+01
269 -4.50000e+01
370 -4.40000e+01
542 -4.30000e+01
753 -4.20000e+01
892 -4.10000e+01
989 -4.00000e+01
1181 -3.90000e+01
1314 -3.80000e+01
1426 -3.70000e+01
1431 -3.60000e+01
1560 -3.50000e+01
1609 -3.40000e+01
1726 -3.30000e+01
1773 -3.20000e+01
1908 -3.10000e+01
1998 -3.00000e+01
2030 -2.90000e+01
2227 -2.80000e+01
2301 -2.70000e+01
2353 -2.60000e+01
2536 -2.50000e+01
2598 -2.40000e+01
2745 -2.30000e+01
2917 -2.20000e+01
3226 -2.10000e+01
3290 -2.00000e+01
3674 -1.90000e+01
3788 -1.80000e+01
4020 -1.70000e+01
4240 -1.60000e+01
4503 -1.50000e+01
4802 -1.40000e+01
5006 -1.30000e+01
5041 -1.20000e+01
5243 -1.10000e+01
5446 -1.00000e+01
5543 -9.00000e+00
5696 -8.00000e+00
5746 -7.00000e+00
5936 -6.00000e+00
6821 -5.00000e+00
7022 -4.00000e+00
7570 -3.00000e+00
7949 -2.00000e+00
9146 -1.00000e+00
9600 +4.61000e+02
9821 +4.68000e+02
9951 +4.68000e+02
