"function evaluation" "best-so-far f(x)"
1 -4.90000e+01
24 -4.80000e+01
98 -4.70000e+01
116 -4.60000e+01
128 -4.50000e+01
141 -4.40000e+01
143 -4.30000e+01
196 -4.20000e+01
232 -4.10000e+01
251 -4.00000e+01
258 -3.90000e+01
275 -3.80000e+01
355 -3.70000e+01
403 -3.60000e+01
408 -3.50000e+01
467 -3.40000e+01
532 -3.30000e+01
557 -3.20000e+01
608 -3.10000e+01
612 -3.00000e+01
631 -2.90000e+01
637 -2.80000e+01
642 -2.70000e+01
724 -2.60000e+01
751 -2.50000e+01
754 -2.40000e+01
768 -2.30000e+01
836 -2.20000e+01
998 -2.10000e+01
1021 -2.00000e+01
1038 -1.90000e+01
1110 -1.80000e+01
1126 -1.70000e+01
1249 -1.60000e+01
1488 -1.50000e+01
1598 -1.40000e+01
1696 -1.30000e+01
1833 -1.20000e+01
1919 -1.10000e+01
2071 -1.00000e+01
2097 -9.00000e+00
2147 -8.00000e+00
2386 -7.00000e+00
2431 -6.00000e+00
2519 -5.00000e+00
2565 -4.00000e+00
2601 -3.00000e+00
2752 -2.00000e+00
2823 -1.00000e+00
3208 +4.65000e+02
3654 +4.84000e+02
4316 +4.88000e+02
4754 +4.99000e+02
4780 +5.02000e+02
4784 +5.04000e+02
4917 +5.15000e+02
5344 +5.17000e+02
7379 +5.25000e+02
8537 +5.26000e+02
8629 +5.29000e+02
9234 +5.30000e+02
9991 +5.30000e+02
"function evaluation" "best-so-far f(x)"
1 -4.90000e+01
23 -4.80000e+01
49 -4.70000e+01
72 -4.60000e+01
121 -4.50000e+01
127 -4.40000e+01
152 -4.30000e+01
211 -4.20000e+01
271 -4.10000e+01
300 -3.90000e+01
348 -3.80000e+01
401 -3.60000e+01
438 -3.50000e+01
440 -3.40000e+01
442 -3.30000e+01
467 -3.20000e+01
515 -3.10000e+01
524 -3.00000e+01
591 -2.90000e+01
598 -2.80000e+01
668 -2.70000e+01
674 -2.60000e+01
708 -2.50000e+01
755 -2.40000e+01
789 -2.30000e+01
797 -2.20000e+01
862 -2.10000e+01
871 -2.00000e+01
906 -1.90000e+01
950 -1.80000e+01
1332 -1.70000e+01
1386 -1.60000e+01
1479 -1.50000e+01
1503 -1.40000e+01
1548 -1.30000e+01
1615 -1.20000e+01
1643 -1.00000e+01
1666 -9.00000e+00
1683 -8.00000e+00
1806 -7.00000e+00
1937 -6.00000e+00
2342 -5.00000e+00
2361 -4.00000e+00
2805 -3.00000e+00
3228 -2.00000e+00
3500 -1.00000e+00
3547 +4.89000e+02
4047 +4.91000e+02
5142 +5.01000e+02
5204 +5.11000e+02
6752 +5.19000e+02
7438 +5.20000e+02
9991 +5.20000e+02
"function evaluation" "best-so-far f(x)"
1 -4.90000e+01
54 -4.80000e+01
91 -4.70000e+01
138 -4.50000e+01
143 -4.40000e+01
185 -4.30000e+01
250 -4.20000e+01
269 -4.10000e+01
294 -4.00000e+01
433 -3.90000e+01
480 -3.80000e+01
522 -3.70000e+01
530 -3.60000e+01
578 -3.50000e+01
603 -3.40000e+01
667 -3.30000e+01
723 -3.20000e+01
798 -3.10000e+01
830 -3.00000e+01
921 -2.90000e+01
966 -2.80000e+01
977 -2.70000e+01
1007 -2.60000e+01
1011 -2.50000e+01
1018 -2.40000e+01
1036 -2.30000e+01
1059 -2.20000e+01
1155 -2.10000e+01
1205 -2.00000e+01
1244 -1.90000e+01
1279 -1.80000e+01
1358 -1.70000e+01
1416 -1.60000e+01
1458 -1.50000e+01
1462 -1.40000e+01
1531 -1.30000e+01
1638 -1.20000e+01
1699 -1.10000e+01
1725 -1.00000e+01
1878 -9.00000e+00
1953 -8.00000e+00
2223 -7.00000e+00
2283 -6.00000e+00
2390 -5.00000e+00
2509 -4.00000e+00
2641 -3.00000e+00
2732 -2.00000e+00
2789 -1.00000e+00
2805 +4.98000e+02
3870 +5.02000e+02
4602 +5.13000e+02
5234 +5.21000e+02
5296 +5.25000e+02
5337 +5.37000e+02
9991 +5.37000e+02
"function evaluation" "best-so-far f(x)"
1 -4.90000e+01
10 -4.70000e+01
34 -4.60000e+01
55 -4.50000e+01
62 -4.40000e+01
84 -4.30000e+01
118 -4.20000e+01
137 -4.10000e+01
178 -4.00000e+01
194 -3.90000e+01
229 -3.80000e+01
296 -3.70000e+01
348 -3.60000e+01
374 -3.50000e+01
409 -3.40000e+01
432 -3.30000e+01
472 -3.20000e+01
503 -3.10000e+01
516 -3.00000e+01
550 -2.90000e+01
580 -2.80000e+01
593 -2.70000e+01
655 -2.60000e+01
667 -2.50000e+01
730 -2.40000e+01
804 -2.30000e+01
823 -2.20000e+01
868 -2.10000e+01
925 -2.00000e+01
1009 -1.90000e+01
1098 -1.80000e+01
1140 -1.70000e+01
1185 -1.60000e+01
1207 -1.50000e+01
1282 -1.40000e+01
1383 -1.30000e+01
1623 -1.20000e+01
1732 -1.10000e+01
1780 -1.00000e+01
1862 -9.00000e+00
1893 -8.00000e+00
1906 -7.00000e+00
1934 -6.00000e+00
2000 -5.00000e+00
2433 -4.00000e+00
2505 -3.00000e+00
2761 -2.00000e+00
3209 -1.00000e+00
3247 +4.57000e+02
3764 +4.71000e+02
3868 +4.81000e+02
4027 +4.94000e+02
4070 +4.96000e+02
4346 +5.04000e+02
4442 +5.05000e+02
5046 +5.14000e+02
7042 +5.16000e+02
8862 +5.20000e+02
8964 +5.21000e+02
9167 +5.27000e+02
9238 +5.33000e+02
9991 +5.33000e+02
"function evaluation" "best-so-far f(x)"
1 -4.90000e+01
37 -4.80000e+01
42 -4.70000e+01
60 -4.60000e+01
87 -4.50000e+01
113 -4.40000e+01
135 -4.30000e+01
147 -4.20000e+01
150 -4.10000e+01
198 -4.00000e+01
390 -3.90000e+01
395 -3.80000e+01
424 -3.70000e+01
448 -3.50000e+01
524 -3.40000e+01
562 -3.30000e+01
574 -3.20000e+01
609 -3.10000e+01
641 -3.00000e+01
653 -2.80000e+01
677 -2.70000e+01
762 -2.60000e+01
777 -2.50000e+01
839 -2.40000e+01
860 -2.30000e+01
945 -2.20000e+01
1028 -2.10000e+01
1090 -2.00000e+01
1150 -1.90000e+01
1184 -1.80000e+01
1205 -1.70000e+01
1331 -1.60000e+01
1346 -1.50000e+01
1388 -1.40000e+01
1411 -1.30000e+01
1500 -1.20000e+01
1527 -1.10000e+01
1604 -1.00000e+01
1637 -9.00000e+00
1827 -8.00000e+00
1886 -7.00000e+00
2039 -6.00000e+00
2099 -5.00000e+00
2228 -4.00000e+00
2430 -3.00000e+00
2549 -2.00000e+00
2568 -1.00000e+00
2931 +4.75000e+02
3065 +4.83000e+02
3135 +4.88000e+02
3198 +4.97000e+02
3247 +5.04000e+02
3534 +5.18000e+02
3795 +5.20000e+02
4335 +5.26000e+02
6407 +5.27000e+02
7104 +5.28000e+02
8576 +5.34000e+02
9991 +5.34000e+02
"function evaluation" "best-so-far f(x)"
1 -4.90000e+01
9 -4.80000e+01
29 -4.70000e+01
89 -4.60000e+01
110 -4.50000e+01
140 -4.40000e+01
146 -4.20000e+01
188 -4.10000e+01
204 -4.00000e+01
208 -3.90000e+01
230 -3.80000e+01
254 -3.70000e+01
286 -3.60000e+01
311 -3.50000e+01
358 -3.40000e+01
381 -3.30000e+01
448 -3.20000e+01
510 -3.10000e+01
580 -3.00000e+01
594 -2.90000e+01
609 -2.80000e+01
617 -2.70000e+01
789 -2.60000e+01
810 -2.40000e+01
892 -2.30000e+01
941 -2.20000e+01
1047 -2.10000e+01
1051 -2.00000e+01
1058 -1.90000e+01
1074 -1.80000e+01
1109 -1.70000e+01
1126 -1.60000e+01
1616 -1.50000e+01
1689 -1.40000e+01
1836 -1.30000e+01
1991 -1.20000e+01
2006 -1.10000e+01
2038 -1.00000e+01
2057 -9.00000e+00
2285 -8.00000e+00
2372 -7.00000e+00
2421 -6.00000e+00
2553 -5.00000e+00
2554 -4.00000e+00
2689 -3.00000e+00
2734 -2.00000e+00
2798 -1.00000e+00
3154 +4.78000e+02
3157 +4.97000e+02
3174 +5.03000e+02
3887 +5.14000e+02
3906 +5.25000e+02
3911 +5.26000e+02
4224 +5.27000e+02
8844 +5.37000e+02
9412 +5.43000e+02
9991 +5.43000e+02
"function evaluation" "best-so-far f(x)"
1 -4.90000e+01
42 -4.80000e+01
48 -4.70000e+01
71 -4.60000e+01
82 -4.50000e+01
185 -4.40000e+01
196 -4.30000e+01
278 -4.20000e+01
288 -4.10000e+01
299 -4.00000e+01
378 -3.90000e+01
405 -3.80000e+01
459 -3.70000e+01
460 -3.60000e+01
507 -3.50000e+01
648 -3.40000e+01
679 -3.30000e+01
710 -3.20000e+01
720 -3.10000e+01
751 -3.00000e+01
853 -2.90000e+01
865 -2.80000e+01
905 -2.70000e+01
995 -2.60000e+01
1061 -2.50000e+01
1073 -2.40000e+01
1249 -2.30000e+01
1262 -2.20000e+01
1337 -2.10000e+01
1363 -2.00000e+01
1441 -1.90000e+01
1614 -1.80000e+01
1655 -1.70000e+01
1696 -1.50000e+01
1747 -1.40000e+01
1850 -1.30000e+01
2104 -1.20000e+01
2235 -1.10000e+01
2323 -1.00000e+01
2367 -9.00000e+00
2389 -8.00000e+00
2703 -7.00000e+00
2798 -6.00000e+00
2867 -5.00000e+00
2876 -4.00000e+00
3095 -3.00000e+00
3282 -2.00000e+00
3373 -1.00000e+00
3557 +4.08000e+02
3806 +4.21000e+02
4251 +4.29000e+02
4292 +4.51000e+02
4720 +4.76000e+02
5008 +4.77000e+02
5324 +4.78000e+02
5684 +4.85000e+02
6222 +5.00000e+02
6893 +5.08000e+02
7244 +5.17000e+02
7611 +5.22000e+02
9991 +5.22000e+02
"function evaluation" "best-so-far f(x)"
1 -4.90000e+01
20 -4.80000e+01
56 -4.70000e+01
87 -4.60000e+01
129 -4.50000e+01
156 -4.40000e+01
176 -4.30000e+01
217 -4.20000e+01
340 -4.10000e+01
377 -4.00000e+01
420 -3.90000e+01
452 -3.80000e+01
561 -3.70000e+01
629 -3.60000e+01
665 -3.50000e+01
729 -3.40000e+01
863 -3.30000e+01
886 -3.20000e+01
910 -3.10000e+01
923 -3.00000e+01
948 -2.90000e+01
1027 -2.80000e+01
1041 -2.70000e+01
1081 -2.60000e+01
1137 -2.40000e+01
1229 -2.30000e+01
1261 -2.20000e+01
1316 -2.10000e+01
1338 -2.00000e+01
1368 -1.90000e+01
1381 -1.80000e+01
1446 -1.70000e+01
1502 -1.60000e+01
1578 -1.50000e+01
1613 -1.40000e+01
1626 -1.30000e+01
1977 -1.20000e+01
1989 -1.10000e+01
2049 -1.00000e+01
2067 -9.00000e+00
2096 -8.00000e+00
2189 -7.00000e+00
2428 -6.00000e+00
2471 -5.00000e+00
2547 -4.00000e+00
2683 -3.00000e+00
2774 -2.00000e+00
2825 -1.00000e+00
2871 +5.11000e+02
2963 +5.13000e+02
4512 +5.15000e+02
5341 +5.28000e+02
5607 +5.30000e+02
6176 +5.32000e+02
9991 +5.32000e+02
"function evaluation" "best-so-far f(x)"
1 -4.90000e+01
63 -4.80000e+01
87 -4.70000e+01
103 -4.60000e+01
114 -4.50000e+01
205 -4.40000e+01
233 -4.30000e+01
240 -4.20000e+01
255 -4.10000e+01
275 -4.00000e+01
338 -3.90000e+01
354 -3.80000e+01
486 -3.70000e+01
553 -3.60000e+01
577 -3.50000e+01
826 -3.40000e+01
879 -3.30000e+01
916 -3.20000e+01
975 -3.10000e+01
1078 -3.00000e+01
1113 -2.90000e+01
1191 -2.80000e+01
1224 -2.70000e+01
1272 -2.60000e+01
1282 -2.50000e+01
1302 -2.40000e+01
1306 -2.30000e+01
1363 -2.20000e+01
1385 -2.10000e+01
1453 -2.00000e+01
1464 -1.90000e+01
1595 -1.80000e+01
1615 -1.70000e+01
1829 -1.60000e+01
1896 -1.50000e+01
1935 -1.40000e+01
2014 -1.30000e+01
2035 -1.20000e+01
2210 -1.10000e+01
2311 -1.00000e+01
2342 -9.00000e+00
2395 -8.00000e+00
2452 -7.00000e+00
2489 -6.00000e+00
2638 -5.00000e+00
2757 -4.00000e+00
2888 -3.00000e+00
2923 -2.00000e+00
2941 -1.00000e+00
2945 +4.65000e+02
2979 +4.77000e+02
3028 +4.83000e+02
3146 +5.04000e+02
3229 +5.10000e+02
3706 +5.12000e+02
5053 +5.24000e+02
6314 +5.29000e+02
7199 +5.31000e+02
9991 +5.31000e+02
"function evaluation" "best-so-far f(x)"
1 -4.90000e+01
101 -4.80000e+01
118 -4.70000e+01
126 -4.60000e+01
219 -4.50000e+01
236 -4.30000e+01
243 -4.20000e+01
291 -4.10000e+01
310 -4.00000e+01
313 -3.90000e+01
355 -3.80000e+01
366 -3.70000e+01
401 -3.60000e+01
454 -3.50000e+01
465 -3.40000e+01
489 -3.30000e+01
525 -3.20000e+01
568 -3.10000e+01
581 -3.00000e+01
630 -2.90000e+01
660 -2.80000e+01
685 -2.70000e+01
712 -2.60000e+01
814 -2.50000e+01
818 -2.40000e+01
943 -2.30000e+01
985 -2.20000e+01
1005 -2.10000e+01
1082 -2.00000e+01
1104 -1.90000e+01
1234 -1.80000e+01
1265 -1.70000e+01
1283 -1.60000e+01
1316 -1.50000e+01
1374 -1.40000e+01
1394 -1.30000e+01
1463 -1.20000e+01
1481 -1.10000e+01
1505 -1.00000e+01
1748 -9.00000e+00
1774 -7.00000e+00
1832 -6.00000e+00
1877 -5.00000e+00
1948 -4.00000e+00
2015 -3.00000e+00
2062 -2.00000e+00
2220 -1.00000e+00
2308 +4.78000e+02
2358 +4.90000e+02
2514 +4.95000e+02
3070 +5.04000e+02
3364 +5.05000e+02
4592 +5.06000e+02
5416 +5.10000e+02
5903 +5.14000e+02
9427 +5.20000e+02
9545 +5.21000e+02
9991 +5.21000e+02
"function evaluation" "best-so-far f(x)"
1 -4.90000e+01
32 -4.80000e+01
87 -4.70000e+01
179 -4.60000e+01
257 -4.50000e+01
288 -4.40000e+01
295 -4.30000e+01
339 -4.20000e+01
370 -4.10000e+01
378 -4.00000e+01
412 -3.90000e+01
443 -3.80000e+01
454 -3.70000e+01
489 -3.60000e+01
530 -3.50000e+01
557 -3.40000e+01
604 -3.30000e+01
642 -3.20000e+01
694 -3.10000e+01
706 -3.00000e+01
762 -2.80000e+01
803 -2.70000e+01
864 -2.60000e+01
896 -2.50000e+01
938 -2.40000e+01
962 -2.30000e+01
990 -2.20000e+01
1063 -2.10000e+01
1066 -2.00000e+01
1089 -1.90000e+01
1141 -1.80000e+01
1239 -1.70000e+01
1305 -1.60000e+01
1404 -1.50000e+01
1505 -1.40000e+01
1679 -1.30000e+01
1697 -1.20000e+01
1752 -1.10000e+01
1843 -1.00000e+01
1959 -9.00000e+00
1981 -8.00000e+00
1998 -7.00000e+00
2114 -6.00000e+00
2314 -5.00000e+00
2383 -4.00000e+00
2501 -3.00000e+00
2539 -2.00000e+00
2712 -1.00000e+00
2847 +4.51000e+02
3449 +4.63000e+02
3562 +4.76000e+02
3981 +4.79000e+02
4305 +4.85000e+02
5190 +4.89000e+02
5358 +4.99000e+02
5430 +5.03000e+02
6183 +5.09000e+02
7172 +5.16000e+02
9556 +5.21000e+02
9991 +5.21000e+02
"function evaluation" "best-so-far f(x)"
1 -4.90000e+01
10 -4.80000e+01
16 -4.70000e+01
27 -4.60000e+01
54 -4.50000e+01
71 -4.40000e+01
106 -4.30000e+01
124 -4.20000e+01
139 -4.10000e+01
150 -4.00000e+01
167 -3.80000e+01
191 -3.70000e+01
207 -3.60000e+01
239 -3.50000e+01
264 -3.40000e+01
312 -3.30000e+01
367 -3.20000e+01
408 -3.10000e+01
483 -3.00000e+01
499 -2.90000e+01
522 -2.80000e+01
603 -2.70000e+01
671 -2.60000e+01
792 -2.50000e+01
835 -2.40000e+01
869 -2.30000e+01
983 -2.20000e+01
1165 -2.10000e+01
1179 -2.00000e+01
1342 -1.90000e+01
1588 -1.80000e+01
1661 -1.70000e+01
1749 -1.60000e+01
1889 -1.50000e+01
1995 -1.40000e+01
2030 -1.30000e+01
2248 -1.20000e+01
2351 -1.10000e+01
2483 -1.00000e+01
2573 -9.00000e+00
2718 -8.00000e+00
2850 -7.00000e+00
2858 -6.00000e+00
3099 -5.00000e+00
3131 -4.00000e+00
3506 -3.00000e+00
3588 -2.00000e+00
3645 -1.00000e+00
3709 +4.17000e+02
3811 +4.61000e+02
4696 +4.65000e+02
4722 +4.91000e+02
5079 +5.00000e+02
5464 +5.08000e+02
6189 +5.10000e+02
6441 +5.20000e+02
8166 +5.27000e+02
9991 +5.27000e+02
"function evaluation" "best-so-far f(x)"
1 -4.90000e+01
3 -4.80000e+01
79 -4.70000e+01
110 -4.60000e+01
137 -4.50000e+01
170 -4.40000e+01
172 -4.30000e+01
186 -4.20000e+01
285 -4.10000e+01
324 -4.00000e+01
333 -3.90000e+01
378 -3.80000e+01
381 -3.70000e+01
407 -3.60000e+01
467 -3.50000e+01
489 -3.40000e+01
494 -3.30000e+01
503 -3.20000e+01
512 -3.10000e+01
537 -3.00000e+01
568 -2.90000e+01
620 -2.80000e+01
645 -2.70000e+01
683 -2.60000e+01
709 -2.50000e+01
723 -2.40000e+01
802 -2.30000e+01
855 -2.20000e+01
924 -2.00000e+01
1003 -1.90000e+01
1016 -1.80000e+01
1114 -1.70000e+01
1242 -1.60000e+01
1256 -1.50000e+01
1285 -1.40000e+01
1358 -1.30000e+01
1442 -1.20000e+01
1508 -1.10000e+01
1533 -1.00000e+01
1615 -9.00000e+00
1679 -8.00000e+00
1714 -7.00000e+00
1832 -6.00000e+00
1962 -4.00000e+00
2156 -3.00000e+00
2179 -2.00000e+00
2231 -1.00000e+00
2247 +4.80000e+02
3063 +4.83000e+02
3336 +4.88000e+02
4069 +4.95000e+02
4075 +4.99000e+02
4363 +5.03000e+02
4396 +5.06000e+02
5550 +5.16000e+02
5611 +5.23000e+02
5625 +5.26000e+02
8132 +5.30000e+02
9991 +5.30000e+02
"function evaluation" "best-so-far f(x)"
1 -4.90000e+01
6 -4.80000e+01
10 -4.70000e+01
15 -4.60000e+01
78 -4.40000e+01
138 -4.30000e+01
231 -4.20000e+01
254 -4.10000e+01
274 -4.00000e+01
373 -3.90000e+01
402 -3.80000e+01
460 -3.70000e+01
575 -3.60000e+01
578 -3.50000e+01
585 -3.40000e+01
647 -3.20000e+01
684 -3.10000e+01
724 -3.00000e+01
814 -2.90000e+01
853 -2.80000e+01
1116 -2.70000e+01
1125 -2.60000e+01
1173 -2.50000e+01
1200 -2.40000e+01
1208 -2.30000e+01
1264 -2.20000e+01
1292 -2.00000e+01
1340 -1.90000e+01
1440 -1.80000e+01
1499 -1.70000e+01
1572 -1.60000e+01
1642 -1.50000e+01
1659 -1.40000e+01
1736 -1.30000e+01
1777 -1.20000e+01
1808 -1.10000e+01
1814 -1.00000e+01
1910 -9.00000e+00
1963 -8.00000e+00
1969 -7.00000e+00
2057 -6.00000e+00
2084 -5.00000e+00
2234 -4.00000e+00
2449 -3.00000e+00
2741 -2.00000e+00
2831 -1.00000e+00
3016 +4.07000e+02
3696 +4.16000e+02
3807 +4.23000e+02
4018 +4.43000e+02
4055 +4.48000e+02
4086 +4.62000e+02
4367 +4.65000e+02
4570 +4.70000e+02
4721 +4.93000e+02
4830 +4.95000e+02
4956 +4.98000e+02
5283 +5.04000e+02
6164 +5.20000e+02
6219 +5.22000e+02
7387 +5.27000e+02
8443 +5.28000e+02
9177 +5.32000e+02
9991 +5.32000e+02
"function evaluation" "best-so-far f(x)"
1 -4.90000e+01
32 -4.80000e+01
80 -4.70000e+01
108 -4.60000e+01
167 -4.50000e+01
178 -4.40000e+01
246 -4.20000e+01
275 -4.10000e+01
287 -4.00000e+01
300 -3.90000e+01
354 -3.80000e+01
406 -3.70000e+01
418 -3.60000e+01
536 -3.50000e+01
583 -3.40000e+01
634 -3.30000e+01
674 -3.20000e+01
709 -3.10000e+01
748 -3.00000e+01
772 -2.90000e+01
841 -2.80000e+01
878 -2.70000e+01
916 -2.60000e+01
1037 -2.50000e+01
1102 -2.40000e+01
1149 -2.30000e+01
1160 -2.20000e+01
1176 -2.10000e+01
1276 -2.00000e+01
1517 -1.90000e+01
1649 -1.80000e+01
1749 -1.70000e+01
1833 -1.60000e+01
1884 -1.50000e+01
2000 -1.30000e+01
2040 -1.20000e+01
2087 -1.10000e+01
2179 -1.00000e+01
2240 -9.00000e+00
2342 -8.00000e+00
2368 -7.00000e+00
2509 -6.00000e+00
2559 -5.00000e+00
2590 -4.00000e+00
2678 -3.00000e+00
2719 -2.00000e+00
2877 -1.00000e+00
2951 +4.69000e+02
3152 +4.81000e+02
3279 +4.88000e+02
3623 +4.95000e+02
4028 +5.00000e+02
4077 +5.06000e+02
4129 +5.23000e+02
7366 +5.28000e+02
8041 +5.32000e+02
9991 +5.32000e+02
"function evaluation" "best-so-far f(x)"
1 -4.90000e+01
7 -4.80000e+01
50 -4.70000e+01
112 -4.60000e+01
128 -4.50000e+01
149 -4.40000e+01
214 -4.30000e+01
219 -4.20000e+01
221 -4.10000e+01
248 -4.00000e+01
282 -3.90000e+01
306 -3.80000e+01
361 -3.70000e+01
369 -3.60000e+01
442 -3.50000e+01
485 -3.40000e+01
486 -3.30000e+01
494 -3.20000e+01
515 -3.10000e+01
520 -3.00000e+01
588 -2.90000e+01
603 -2.80000e+01
657 -2.70000e+01
658 -2.60000e+01
659 -2.50000e+01
822 -2.40000e+01
845 -2.20000e+01
955 -2.10000e+01
980 -2.00000e+01
989 -1.90000e+01
1009 -1.80000e+01
1015 -1.70000e+01
1193 -1.60000e+01
1268 -1.50000e+01
1430 -1.40000e+01
1466 -1.30000e+01
1513 -1.20000e+01
1550 -1.10000e+01
1596 -1.00000e+01
1704 -8.00000e+00
1767 -7.00000e+00
1905 -6.00000e+00
1940 -5.00000e+00
2011 -4.00000e+00
2175 -3.00000e+00
2836 -2.00000e+00
2924 -1.00000e+00
2959 +4.46000e+02
3364 +4.54000e+02
3469 +4.66000e+02
3513 +4.78000e+02
3565 +4.85000e+02
3901 +4.87000e+02
4127 +4.95000e+02
4196 +5.01000e+02
4905 +5.04000e+02
4931 +5.11000e+02
5303 +5.17000e+02
6470 +5.18000e+02
6516 +5.19000e+02
6642 +5.26000e+02
7468 +5.30000e+02
9518 +5.31000e+02
9991 +5.31000e+02
"function evaluation" "best-so-far f(x)"
1 -4.90000e+01
8 -4.80000e+01
45 -4.70000e+01
62 -4.60000e+01
105 -4.50000e+01
131 -4.40000e+01
184 -4.30000e+01
193 -4.20000e+01
212 -4.10000e+01
235 -4.00000e+01
257 -3.90000e+01
292 -3.80000e+01
339 -3.70000e+01
350 -3.60000e+01
388 -3.50000e+01
393 -3.40000e+01
440 -3.30000e+01
487 -3.20000e+01
585 -3.10000e+01
597 -3.00000e+01
634 -2.90000e+01
714 -2.80000e+01
741 -2.70000e+01
885 -2.60000e+01
951 -2.50000e+01
955 -2.40000e+01
989 -2.30000e+01
1023 -2.20000e+01
1121 -2.10000e+01
1166 -2.00000e+01
1178 -1.90000e+01
1255 -1.80000e+01
1298 -1.70000e+01
1410 -1.60000e+01
1471 -1.50000e+01
1522 -1.40000e+01
1598 -1.30000e+01
1639 -1.20000e+01
1689 -1.10000e+01
1825 -1.00000e+01
1854 -9.00000e+00
1870 -8.00000e+00
1982 -7.00000e+00
2126 -6.00000e+00
2138 -4.00000e+00
2198 -3.00000e+00
3018 -2.00000e+00
3418 -1.00000e+00
3475 +4.68000e+02
3513 +4.80000e+02
3651 +4.84000e+02
4020 +4.96000e+02
4210 +5.04000e+02
5060 +5.19000e+02
5595 +5.20000e+02
7170 +5.33000e+02
7681 +5.35000e+02
9991 +5.35000e+02
"function evaluation" "best-so-far f(x)"
1 -4.90000e+01
23 -4.80000e+01
39 -4.70000e+01
73 -4.60000e+01
82 -4.50000e+01
123 -4.40000e+01
162 -4.30000e+01
271 -4.20000e+01
275 -4.10000e+01
297 -4.00000e+01
339 -3.90000e+01
405 -3.80000e+01
420 -3.70000e+01
486 -3.60000e+01
578 -3.50000e+01
628 -3.40000e+01
716 -3.30000e+01
733 -3.20000e+01
746 -3.10000e+01
785 -3.00000e+01
853 -2.90000e+01
861 -2.80000e+01
907 -2.70000e+01
1066 -2.60000e+01
1096 -2.50000e+01
1147 -2.40000e+01
1204 -2.30000e+01
1220 -2.20000e+01
1250 -2.10000e+01
1336 -2.00000e+01
1393 -1.90000e+01
1404 -1.80000e+01
1539 -1.70000e+01
1545 -1.60000e+01
1552 -1.50000e+01
1584 -1.40000e+01
1596 -1.30000e+01
1650 -1.20000e+01
1723 -1.10000e+01
1724 -1.00000e+01
1764 -9.00000e+00
1827 -8.00000e+00
1856 -7.00000e+00
2054 -6.00000e+00
2175 -5.00000e+00
2228 -4.00000e+00
2353 -3.00000e+00
2373 -2.00000e+00
2613 -1.00000e+00
2989 +4.49000e+02
3054 +4.67000e+02
3075 +4.71000e+02
3105 +4.75000e+02
4178 +4.86000e+02
4207 +4.99000e+02
5474 +5.11000e+02
6179 +5.12000e+02
7103 +5.16000e+02
7662 +5.18000e+02
7963 +5.27000e+02
9991 +5.27000e+02
"function evaluation" "best-so-far f(x)"
1 -4.90000e+01
16 -4.80000e+01
25 -4.70000e+01
84 -4.60000e+01
113 -4.50000e+01
153 -4.40000e+01
163 -4.30000e+01
196 -4.20000e+01
242 -4.10000e+01
256 -4.00000e+01
295 -3.90000e+01
344 -3.80000e+01
380 -3.70000e+01
395 -3.60000e+01
477 -3.50000e+01
518 -3.40000e+01
520 -3.20000e+01
539 -3.10000e+01
596 -3.00000e+01
659 -2.90000e+01
771 -2.80000e+01
776 -2.70000e+01
808 -2.60000e+01
844 -2.50000e+01
929 -2.40000e+01
1073 -2.30000e+01
1126 -2.20000e+01
1158 -2.10000e+01
1266 -2.00000e+01
1298 -1.90000e+01
1460 -1.80000e+01
1476 -1.70000e+01
1595 -1.60000e+01
1637 -1.50000e+01
1776 -1.40000e+01
2057 -1.30000e+01
2145 -1.20000e+01
2285 -1.10000e+01
2316 -1.00000e+01
2496 -9.00000e+00
2655 -8.00000e+00
2664 -7.00000e+00
2746 -6.00000e+00
3102 -5.00000e+00
3161 -4.00000e+00
3320 -3.00000e+00
3671 -2.00000e+00
3676 -1.00000e+00
3711 +4.81000e+02
4027 +5.04000e+02
4070 +5.06000e+02
4108 +5.12000e+02
4264 +5.16000e+02
5111 +5.20000e+02
5711 +5.30000e+02
6350 +5.32000e+02
7908 +5.33000e+02
8923 +5.34000e+02
9991 +5.34000e+02
"function evaluation" "best-so-far f(x)"
1 -4.90000e+01
2 -4.80000e+01
21 -4.60000e+01
42 -4.50000e+01
113 -4.40000e+01
127 -4.30000e+01
154 -4.20000e+01
193 -4.10000e+01
218 -4.00000e+01
329 -3.90000e+01
336 -3.80000e+01
362 -3.70000e+01
414 -3.60000e+01
497 -3.50000e+01
587 -3.40000e+01
597 -3.30000e+01
673 -3.20000e+01
710 -3.10000e+01
826 -3.00000e+01
918 -2.90000e+01
958 -2.80000e+01
993 -2.70000e+01
1011 -2.60000e+01
1023 -2.50000e+01
1052 -2.40000e+01
1086 -2.30000e+01
1269 -2.20000e+01
1297 -2.10000e+01
1395 -2.00000e+01
1418 -1.90000e+01
1471 -1.80000e+01
1628 -1.70000e+01
1657 -1.60000e+01
1685 -1.50000e+01
1712 -1.40000e+01
1893 -1.30000e+01
1926 -1.20000e+01
2065 -1.10000e+01
2119 -1.00000e+01
2198 -9.00000e+00
2285 -7.00000e+00
2315 -6.00000e+00
2329 -5.00000e+00
2502 -4.00000e+00
2570 -3.00000e+00
2617 -2.00000e+00
2674 -1.00000e+00
2770 +4.44000e+02
3099 +4.54000e+02
3110 +4.62000e+02
3313 +4.67000e+02
3648 +4.85000e+02
3845 +4.92000e+02
4469 +5.03000e+02
5158 +5.11000e+02
6197 +5.18000e+02
6674 +5.29000e+02
8377 +5.30000e+02
9991 +5.30000e+02
"function evaluation" "best-so-far f(x)"
1 -4.90000e+01
32 -4.80000e+01
57 -4.70000e+01
74 -4.60000e+01
102 -4.40000e+01
163 -4.30000e+01
201 -4.10000e+01
239 -4.00000e+01
355 -3.90000e+01
383 -3.80000e+01
423 -3.70000e+01
436 -3.60000e+01
480 -3.50000e+01
488 -3.40000e+01
557 -3.30000e+01
594 -3.10000e+01
619 -3.00000e+01
629 -2.90000e+01
710 -2.80000e+01
736 -2.60000e+01
834 -2.50000e+01
865 -2.40000e+01
895 -2.30000e+01
900 -2.20000e+01
1117 -2.10000e+01
1202 -2.00000e+01
1252 -1.90000e+01
1366 -1.80000e+01
1398 -1.70000e+01
1418 -1.60000e+01
1576 -1.50000e+01
1634 -1.40000e+01
1766 -1.30000e+01
1795 -1.20000e+01
1855 -1.10000e+01
1879 -1.00000e+01
1940 -9.00000e+00
1968 -8.00000e+00
1995 -7.00000e+00
2347 -6.00000e+00
2512 -5.00000e+00
2615 -4.00000e+00
3279 -3.00000e+00
3703 -2.00000e+00
3816 -1.00000e+00
3993 +4.79000e+02
4083 +4.82000e+02
4327 +4.95000e+02
5162 +5.01000e+02
5168 +5.02000e+02
5774 +5.11000e+02
6000 +5.19000e+02
6659 +5.25000e+02
6811 +5.28000e+02
6887 +5.30000e+02
7110 +5.31000e+02
9617 +5.32000e+02
9991 +5.32000e+02
"function evaluation" "best-so-far f(x)"
1 -4.90000e+01
27 -4.80000e+01
88 -4.70000e+01
94 -4.50000e+01
143 -4.40000e+01
161 -4.30000e+01
179 -4.20000e+01
190 -4.10000e+01
263 -4.00000e+01
289 -3.90000e+01
300 -3.80000e+01
376 -3.70000e+01
458 -3.60000e+01
462 -3.40000e+01
486 -3.30000e+01
545 -3.20000e+01
652 -3.10000e+01
665 -3.00000e+01
718 -2.90000e+01
743 -2.80000e+01
817 -2.70000e+01
858 -2.60000e+01
868 -2.40000e+01
889 -2.30000e+01
924 -2.20000e+01
978 -2.10000e+01
1199 -2.00000e+01
1226 -1.90000e+01
1268 -1.80000e+01
1320 -1.70000e+01
1334 -1.60000e+01
1398 -1.50000e+01
1419 -1.40000e+01
1631 -1.30000e+01
1790 -1.20000e+01
1831 -1.10000e+01
1891 -1.00000e+01
1952 -9.00000e+00
2128 -8.00000e+00
2228 -7.00000e+00
2468 -6.00000e+00
2522 -5.00000e+00
2718 -4.00000e+00
2819 -3.00000e+00
2869 -2.00000e+00
3130 -1.00000e+00
3299 +4.48000e+02
3302 +4.57000e+02
4006 +4.73000e+02
4276 +4.79000e+02
5561 +4.84000e+02
5772 +4.95000e+02
6896 +5.00000e+02
8254 +5.10000e+02
8496 +5.13000e+02
8819 +5.20000e+02
8889 +5.23000e+02
9991 +5.23000e+02
"function evaluation" "best-so-far f(x)"
1 -4.90000e+01
10 -4.80000e+01
30 -4.70000e+01
37 -4.60000e+01
50 -4.50000e+01
67 -4.40000e+01
79 -4.30000e+01
122 -4.20000e+01
158 -4.10000e+01
244 -4.00000e+01
289 -3.90000e+01
305 -3.80000e+01
385 -3.70000e+01
433 -3.60000e+01
511 -3.50000e+01
525 -3.40000e+01
564 -3.30000e+01
576 -3.20000e+01
596 -3.10000e+01
666 -3.00000e+01
725 -2.90000e+01
733 -2.80000e+01
792 -2.70000e+01
887 -2.60000e+01
915 -2.50000e+01
944 -2.30000e+01
964 -2.20000e+01
1032 -2.10000e+01
1070 -2.00000e+01
1085 -1.90000e+01
1262 -1.80000e+01
1334 -1.70000e+01
1393 -1.60000e+01
1444 -1.50000e+01
1461 -1.40000e+01
1743 -1.30000e+01
1796 -1.20000e+01
1811 -1.10000e+01
1871 -1.00000e+01
1942 -8.00000e+00
2043 -7.00000e+00
2154 -6.00000e+00
2211 -5.00000e+00
2360 -4.00000e+00
2458 -3.00000e+00
2701 -2.00000e+00
2763 -1.00000e+00
3113 +4.43000e+02
3393 +4.59000e+02
3765 +4.68000e+02
3809 +4.86000e+02
4063 +4.91000e+02
4074 +4.97000e+02
4189 +5.01000e+02
4542 +5.07000e+02
5171 +5.12000e+02
5301 +5.20000e+02
5340 +5.21000e+02
5677 +5.22000e+02
7395 +5.27000e+02
8430 +5.34000e+02
9809 +5.42000e+02
9991 +5.42000e+02
"function evaluation" "best-so-far f(x)"
1 -4.90000e+01
56 -4.80000e+01
71 -4.70000e+01
78 -4.60000e+01
98 -4.50000e+01
136 -4.40000e+01
172 -4.30000e+01
220 -4.20000e+01
321 -4.10000e+01
365 -4.00000e+01
445 -3.90000e+01
449 -3.80000e+01
455 -3.70000e+01
516 -3.60000e+01
560 -3.50000e+01
565 -3.40000e+01
567 -3.30000e+01
609 -3.20000e+01
660 -3.10000e+01
830 -3.00000e+01
935 -2.90000e+01
973 -2.80000e+01
1039 -2.70000e+01
1076 -2.60000e+01
1098 -2.50000e+01
1173 -2.40000e+01
1206 -2.30000e+01
1299 -2.20000e+01
1315 -2.10000e+01
1397 -2.00000e+01
1458 -1.90000e+01
1525 -1.80000e+01
1579 -1.70000e+01
1619 -1.60000e+01
1788 -1.50000e+01
1801 -1.40000e+01
1941 -1.30000e+01
1944 -1.20000e+01
1978 -1.10000e+01
2118 -1.00000e+01
2210 -9.00000e+00
2345 -8.00000e+00
2498 -7.00000e+00
2758 -6.00000e+00
2797 -5.00000e+00
2842 -4.00000e+00
2906 -3.00000e+00
2987 -2.00000e+00
3032 -1.00000e+00
3136 +4.79000e+02
3276 +4.94000e+02
3350 +5.08000e+02
3402 +5.19000e+02
4283 +5.25000e+02
5833 +5.27000e+02
7789 +5.41000e+02
9991 +5.41000e+02
"function evaluation" "best-so-far f(x)"
1 -4.90000e+01
14 -4.80000e+01
34 -4.70000e+01
110 -4.60000e+01
132 -4.50000e+01
205 -4.40000e+01
220 -4.30000e+01
268 -4.20000e+01
302 -4.10000e+01
382 -4.00000e+01
386 -3.90000e+01
395 -3.80000e+01
441 -3.70000e+01
450 -3.60000e+01
472 -3.50000e+01
487 -3.40000e+01
565 -3.30000e+01
603 -3.20000e+01
629 -3.10000e+01
678 -3.00000e+01
735 -2.90000e+01
792 -2.80000e+01
829 -2.70000e+01
932 -2.60000e+01
939 -2.50000e+01
960 -2.40000e+01
1025 -2.30000e+01
1127 -2.20000e+01
1178 -2.10000e+01
1261 -2.00000e+01
1357 -1.90000e+01
1397 -1.80000e+01
1433 -1.70000e+01
1504 -1.60000e+01
1545 -1.50000e+01
1578 -1.40000e+01
1623 -1.30000e+01
1659 -1.20000e+01
1665 -1.10000e+01
1700 -1.00000e+01
1722 -9.00000e+00
1862 -8.00000e+00
1953 -7.00000e+00
2049 -6.00000e+00
2069 -5.00000e+00
2116 -4.00000e+00
2381 -3.00000e+00
2517 -2.00000e+00
2546 -1.00000e+00
2665 +4.83000e+02
2968 +4.95000e+02
2996 +4.97000e+02
3548 +5.13000e+02
4656 +5.27000e+02
5223 +5.35000e+02
6149 +5.37000e+02
9976 +5.42000e+02
9991 +5.42000e+02
"function evaluation" "best-so-far f(x)"
1 -4.90000e+01
15 -4.80000e+01
26 -4.70000e+01
38 -4.60000e+01
60 -4.50000e+01
61 -4.40000e+01
123 -4.30000e+01
158 -4.20000e+01
194 -4.10000e+01
224 -4.00000e+01
245 -3.90000e+01
246 -3.80000e+01
263 -3.70000e+01
299 -3.60000e+01
339 -3.50000e+01
378 -3.30000e+01
382 -3.20000e+01
407 -3.10000e+01
448 -3.00000e+01
531 -2.90000e+01
570 -2.80000e+01
634 -2.70000e+01
719 -2.50000e+01
755 -2.40000e+01
847 -2.30000e+01
886 -2.20000e+01
963 -2.10000e+01
980 -2.00000e+01
1071 -1.90000e+01
1198 -1.80000e+01
1269 -1.70000e+01
1328 -1.60000e+01
1341 -1.50000e+01
1387 -1.40000e+01
1424 -1.30000e+01
1452 -1.20000e+01
1476 -1.10000e+01
1586 -1.00000e+01
1615 -9.00000e+00
1665 -8.00000e+00
1734 -7.00000e+00
1752 -6.00000e+00
1833 -5.00000e+00
2121 -4.00000e+00
2234 -3.00000e+00
2465 -2.00000e+00
2468 -1.00000e+00
2614 +4.81000e+02
3745 +4.83000e+02
3755 +4.90000e+02
4143 +5.05000e+02
4185 +5.11000e+02
4889 +5.14000e+02
5334 +5.18000e+02
5448 +5.34000e+02
5985 +5.36000e+02
7570 +5.38000e+02
9991 +5.38000e+02
"function evaluation" "best-so-far f(x)"
1 -4.90000e+01
10 -4.80000e+01
13 -4.70000e+01
25 -4.60000e+01
53 -4.50000e+01
77 -4.40000e+01
86 -4.30000e+01
129 -4.20000e+01
175 -4.10000e+01
231 -4.00000e+01
250 -3.90000e+01
257 -3.80000e+01
278 -3.70000e+01
353 -3.60000e+01
364 -3.50000e+01
400 -3.40000e+01
421 -3.30000e+01
430 -3.20000e+01
618 -3.10000e+01
640 -3.00000e+01
672 -2.90000e+01
682 -2.80000e+01
729 -2.70000e+01
796 -2.60000e+01
829 -2.50000e+01
984 -2.40000e+01
1013 -2.30000e+01
1021 -2.20000e+01
1050 -2.10000e+01
1128 -2.00000e+01
1134 -1.90000e+01
1136 -1.80000e+01
1197 -1.70000e+01
1226 -1.60000e+01
1398 -1.50000e+01
1514 -1.40000e+01
1571 -1.30000e+01
1640 -1.20000e+01
1680 -1.10000e+01
1828 -1.00000e+01
2090 -9.00000e+00
2279 -8.00000e+00
2349 -7.00000e+00
2613 -6.00000e+00
2770 -5.00000e+00
2873 -4.00000e+00
2935 -3.00000e+00
3066 -2.00000e+00
3247 -1.00000e+00
3446 +4.60000e+02
3929 +4.78000e+02
4012 +4.90000e+02
4125 +4.93000e+02
4963 +5.06000e+02
5159 +5.16000e+02
6027 +5.19000e+02
7968 +5.21000e+02
9834 +5.26000e+02
9991 +5.26000e+02
"function evaluation" "best-so-far f(x)"
1 -4.90000e+01
7 -4.80000e+01
9 -4.70000e+01
11 -4.60000e+01
157 -4.50000e+01
164 -4.40000e+01
172 -4.30000e+01
187 -4.20000e+01
226 -4.10000e+01
242 -4.00000e+01
276 -3.80000e+01
356 -3.70000e+01
400 -3.60000e+01
425 -3.50000e+01
460 -3.40000e+01
483 -3.30000e+01
502 -3.20000e+01
524 -3.10000e+01
559 -3.00000e+01
613 -2.90000e+01
628 -2.80000e+01
754 -2.70000e+01
810 -2.60000e+01
842 -2.50000e+01
890 -2.40000e+01
947 -2.30000e+01
1011 -2.20000e+01
1051 -2.10000e+01
1159 -2.00000e+01
1163 -1.90000e+01
1216 -1.80000e+01
1265 -1.70000e+01
1480 -1.60000e+01
1555 -1.50000e+01
1736 -1.40000e+01
1831 -1.30000e+01
1854 -1.20000e+01
1879 -1.10000e+01
1880 -1.00000e+01
1967 -9.00000e+00
1995 -8.00000e+00
2046 -7.00000e+00
2065 -6.00000e+00
2402 -5.00000e+00
2491 -4.00000e+00
2696 -3.00000e+00
2706 -2.00000e+00
2744 -1.00000e+00
2992 +4.88000e+02
3022 +4.95000e+02
3988 +4.98000e+02
4419 +4.99000e+02
4611 +5.04000e+02
4678 +5.10000e+02
5170 +5.11000e+02
6607 +5.13000e+02
7722 +5.16000e+02
8213 +5.18000e+02
9112 +5.20000e+02
9403 +5.22000e+02
9991 +5.22000e+02
"function evaluation" "best-so-far f(x)"
1 -4.90000e+01
13 -4.80000e+01
29 -4.60000e+01
94 -4.50000e+01
127 -4.40000e+01
164 -4.30000e+01
214 -4.20000e+01
274 -4.10000e+01
382 -4.00000e+01
428 -3.90000e+01
482 -3.80000e+01
537 -3.70000e+01
555 -3.50000e+01
583 -3.40000e+01
618 -3.20000e+01
630 -3.10000e+01
672 -3.00000e+01
836 -2.90000e+01
940 -2.80000e+01
981 -2.70000e+01
1080 -2.60000e+01
1154 -2.50000e+01
1260 -2.40000e+01
1296 -2.30000e+01
1384 -2.20000e+01
1418 -2.10000e+01
1437 -2.00000e+01
1520 -1.90000e+01
1621 -1.80000e+01
1658 -1.70000e+01
1730 -1.60000e+01
1735 -1.50000e+01
1779 -1.40000e+01
1855 -1.30000e+01
1915 -1.20000e+01
1938 -1.10000e+01
2038 -1.00000e+01
2073 -9.00000e+00
2105 -8.00000e+00
2120 -7.00000e+00
2137 -6.00000e+00
2201 -5.00000e+00
2254 -4.00000e+00
2320 -3.00000e+00
2385 -2.00000e+00
2601 -1.00000e+00
2646 +4.52000e+02
3059 +4.71000e+02
3490 +4.78000e+02
3540 +4.90000e+02
4058 +4.95000e+02
4910 +4.96000e+02
5756 +5.05000e+02
6382 +5.10000e+02
6483 +5.19000e+02
8367 +5.23000e+02
8814 +5.26000e+02
9441 +5.28000e+02
9991 +5.28000e+02
"function evaluation" "best-so-far f(x)"
1 -4.90000e+01
19 -4.80000e+01
38 -4.70000e+01
89 -4.60000e+01
109 -4.50000e+01
127 -4.40000e+01
137 -4.30000e+01
206 -4.20000e+01
236 -4.10000e+01
259 -4.00000e+01
312 -3.80000e+01
350 -3.70000e+01
376 -3.60000e+01
398 -3.50000e+01
409 -3.40000e+01
487 -3.30000e+01
556 -3.20000e+01
565 -3.10000e+01
602 -3.00000e+01
603 -2.90000e+01
653 -2.80000e+01
709 -2.70000e+01
734 -2.60000e+01
800 -2.50000e+01
821 -2.40000e+01
839 -2.30000e+01
996 -2.20000e+01
1019 -2.10000e+01
1045 -2.00000e+01
1076 -1.90000e+01
1095 -1.80000e+01
1134 -1.70000e+01
1244 -1.60000e+01
1261 -1.50000e+01
1349 -1.40000e+01
1364 -1.30000e+01
1472 -1.20000e+01
1489 -1.10000e+01
1541 -1.00000e+01
1842 -9.00000e+00
2025 -8.00000e+00
2225 -7.00000e+00
2353 -6.00000e+00
2623 -5.00000e+00
2739 -4.00000e+00
2783 -3.00000e+00
2805 -2.00000e+00
2889 -1.00000e+00
3048 +4.50000e+02
3079 +4.71000e+02
3339 +4.92000e+02
3571 +4.95000e+02
4468 +5.06000e+02
4813 +5.11000e+02
6362 +5.14000e+02
6394 +5.16000e+02
7573 +5.21000e+02
9732 +5.24000e+02
9991 +5.24000e+02
