"function evaluation" "best-so-far f(x)"
1 -4.90000e+01
38 -4.80000e+01
72 -4.70000e+01
92 -4.60000e+01
142 -4.50000e+01
143 -4.40000e+01
348 -4.30000e+01
407 -4.20000e+01
539 -4.10000e+01
843 -4.00000e+01
880 -3.90000e+01
901 -3.80000e+01
1208 -3.70000e+01
1271 -3.60000e+01
1274 -3.50000e+01
1765 -3.40000e+01
1895 -3.30000e+01
2368 -3.20000e+01
2532 -3.10000e+01
2906 -3.00000e+01
3183 -2.90000e+01
3242 -2.80000e+01
3814 -2.70000e+01
4045 -2.60000e+01
4055 -2.50000e+01
4110 -2.40000e+01
4142 -2.30000e+01
4359 -2.20000e+01
4695 -2.10000e+01
5199 -2.00000e+01
5326 -1.90000e+01
6048 -1.80000e+01
6232 -1.70000e+01
6372 -1.60000e+01
6648 -1.50000e+01
6799 -1.30000e+01
6863 -1.20000e+01
7280 -1.10000e+01
8119 -1.00000e+01
8137 -9.00000e+00
8189 -8.00000e+00
9981 -8.00000e+00
"function evaluation" "best-so-far f(x)"
1 -4.90000e+01
40 -4.80000e+01
55 -4.70000e+01
150 -4.60000e+01
187 -4.40000e+01
249 -4.30000e+01
437 -4.20000e+01
707 -4.10000e+01
1025 -4.00000e+01
1053 -3.90000e+01
1177 -3.80000e+01
1312 -3.70000e+01
1499 -3.60000e+01
1585 -3.40000e+01
1599 -3.30000e+01
1775 -3.20000e+01
1872 -3.10000e+01
2016 -3.00000e+01
2030 -2.90000e+01
2431 -2.80000e+01
2756 -2.70000e+01
2806 -2.60000e+01
3136 -2.50000e+01
3174 -2.40000e+01
3374 -2.30000e+01
3384 -2.20000e+01
3535 -2.10000e+01
3661 -2.00000e+01
3687 -1.90000e+01
3782 -1.80000e+01
4215 -1.70000e+01
4641 -1.60000e+01
4720 -1.50000e+01
5132 -1.40000e+01
5280 -1.30000e+01
5571 -1.20000e+01
5754 -1.10000e+01
6654 -1.00000e+01
6992 -9.00000e+00
7350 -8.00000e+00
7861 -7.00000e+00
9170 -6.00000e+00
9262 -5.00000e+00
9981 -5.00000e+00
"function evaluation" "best-so-far f(x)"
1 -4.90000e+01
6 -4.70000e+01
271 -4.60000e+01
292 -4.50000e+01
656 -4.40000e+01
727 -4.30000e+01
1147 -4.20000e+01
1253 -4.10000e+01
1332 -3.90000e+01
1355 -3.80000e+01
1434 -3.70000e+01
1858 -3.60000e+01
1884 -3.50000e+01
2160 -3.40000e+01
2203 -3.20000e+01
2296 -3.10000e+01
2614 -3.00000e+01
2923 -2.90000e+01
2988 -2.80000e+01
3558 -2.70000e+01
3760 -2.60000e+01
3974 -2.50000e+01
3994 -2.40000e+01
4136 -2.30000e+01
4256 -2.20000e+01
4264 -2.10000e+01
4434 -2.00000e+01
4603 -1.90000e+01
4643 -1.80000e+01
5579 -1.70000e+01
5964 -1.60000e+01
6939 -1.50000e+01
7933 -1.40000e+01
8727 -1.30000e+01
9813 -1.20000e+01
9842 -1.10000e+01
9981 -1.10000e+01
"function evaluation" "best-so-far f(x)"
1 -4.90000e+01
9 -4.80000e+01
14 -4.70000e+01
40 -4.60000e+01
306 -4.50000e+01
337 -4.30000e+01
464 -4.20000e+01
536 -4.10000e+01
945 -4.00000e+01
1120 -3.90000e+01
1158 -3.80000e+01
1165 -3.70000e+01
1444 -3.60000e+01
1691 -3.50000e+01
2257 -3.40000e+01
2431 -3.30000e+01
2547 -3.20000e+01
2707 -3.10000e+01
3676 -3.00000e+01
3752 -2.90000e+01
3878 -2.80000e+01
3905 -2.70000e+01
3943 -2.60000e+01
4222 -2.50000e+01
4324 -2.40000e+01
4853 -2.30000e+01
4862 -2.20000e+01
5226 -2.10000e+01
5652 -2.00000e+01
6267 -1.90000e+01
6637 -1.80000e+01
6792 -1.70000e+01
6901 -1.60000e+01
7164 -1.50000e+01
7523 -1.40000e+01
7529 -1.30000e+01
7579 -1.20000e+01
7750 -1.10000e+01
8137 -1.00000e+01
8203 -9.00000e+00
8573 -8.00000e+00
8700 -7.00000e+00
9981 -7.00000e+00
"function evaluation" "best-so-far f(x)"
1 -4.90000e+01
56 -4.80000e+01
81 -4.70000e+01
89 -4.60000e+01
177 -4.50000e+01
233 -4.40000e+01
696 -4.30000e+01
859 -4.20000e+01
1001 -4.00000e+01
1293 -3.90000e+01
1302 -3.80000e+01
1463 -3.70000e+01
1923 -3.60000e+01
1972 -3.50000e+01
2072 -3.40000e+01
2197 -3.30000e+01
2317 -3.20000e+01
2767 -3.10000e+01
3265 -3.00000e+01
3371 -2.90000e+01
3379 -2.80000e+01
3419 -2.70000e+01
3449 -2.60000e+01
4238 -2.50000e+01
4623 -2.40000e+01
4730 -2.30000e+01
4860 -2.20000e+01
4864 -2.00000e+01
5280 -1.90000e+01
5838 -1.80000e+01
6140 -1.70000e+01
6614 -1.60000e+01
6909 -1.50000e+01
6993 -1.40000e+01
7440 -1.30000e+01
7992 -1.20000e+01
8409 -1.00000e+01
8521 -9.00000e+00
9014 -8.00000e+00
9981 -8.00000e+00
"function evaluation" "best-so-far f(x)"
1 -4.90000e+01
58 -4.80000e+01
169 -4.70000e+01
213 -4.60000e+01
335 -4.50000e+01
670 -4.40000e+01
726 -4.30000e+01
844 -4.20000e+01
1001 -4.10000e+01
1031 -4.00000e+01
1163 -3.90000e+01
1507 -3.80000e+01
1519 -3.70000e+01
1600 -3.60000e+01
1762 -3.50000e+01
1825 -3.40000e+01
2158 -3.30000e+01
2446 -3.10000e+01
2937 -3.00000e+01
2938 -2.90000e+01
3378 -2.80000e+01
3596 -2.70000e+01
3622 -2.60000e+01
3717 -2.50000e+01
3829 -2.40000e+01
3839 -2.30000e+01
5008 -2.20000e+01
5378 -2.10000e+01
5666 -2.00000e+01
5996 -1.90000e+01
6222 -1.80000e+01
6571 -1.70000e+01
7052 -1.60000e+01
7097 -1.50000e+01
7226 -1.40000e+01
7480 -1.30000e+01
7755 -1.20000e+01
7989 -1.10000e+01
8464 -1.00000e+01
8993 -9.00000e+00
9593 -8.00000e+00
9817 -7.00000e+00
9981 -7.00000e+00
"function evaluation" "best-so-far f(x)"
1 -4.90000e+01
42 -4.80000e+01
162 -4.70000e+01
179 -4.60000e+01
309 -4.50000e+01
329 -4.40000e+01
936 -4.30000e+01
976 -4.20000e+01
1020 -4.10000e+01
1349 -4.00000e+01
1417 -3.90000e+01
1471 -3.80000e+01
1562 -3.70000e+01
1629 -3.60000e+01
1730 -3.50000e+01
1819 -3.40000e+01
1980 -3.30000e+01
2014 -3.20000e+01
2248 -3.10000e+01
2695 -3.00000e+01
3514 -2.90000e+01
3527 -2.80000e+01
3545 -2.70000e+01
3557 -2.60000e+01
3671 -2.50000e+01
4038 -2.40000e+01
4727 -2.30000e+01
5821 -2.20000e+01
5870 -2.10000e+01
6157 -2.00000e+01
6269 -1.90000e+01
6905 -1.80000e+01
6962 -1.70000e+01
7226 -1.60000e+01
7499 -1.50000e+01
7513 -1.40000e+01
7729 -1.30000e+01
8143 -1.20000e+01
8312 -1.10000e+01
8889 -1.00000e+01
9078 -9.00000e+00
9183 -8.00000e+00
9371 -7.00000e+00
9981 -7.00000e+00
"function evaluation" "best-so-far f(x)"
1 -4.90000e+01
9 -4.80000e+01
18 -4.70000e+01
202 -4.60000e+01
376 -4.50000e+01
580 -4.40000e+01
641 -4.30000e+01
1135 -4.20000e+01
1497 -4.10000e+01
1525 -4.00000e+01
1657 -3.90000e+01
1873 -3.80000e+01
2059 -3.60000e+01
2072 -3.50000e+01
2309 -3.40000e+01
2966 -3.30000e+01
3099 -3.20000e+01
3131 -3.10000e+01
3143 -3.00000e+01
3489 -2.90000e+01
3506 -2.80000e+01
3922 -2.70000e+01
3989 -2.60000e+01
4130 -2.50000e+01
4188 -2.40000e+01
5483 -2.30000e+01
5954 -2.20000e+01
6307 -2.10000e+01
6727 -2.00000e+01
7006 -1.90000e+01
7256 -1.80000e+01
7442 -1.70000e+01
7518 -1.60000e+01
8424 -1.50000e+01
8429 -1.40000e+01
8942 -1.30000e+01
9346 -1.20000e+01
9439 -1.10000e+01
9981 -1.10000e+01
"function evaluation" "best-so-far f(x)"
1 -4.90000e+01
146 -4.80000e+01
286 -4.70000e+01
293 -4.60000e+01
369 -4.50000e+01
488 -4.40000e+01
814 -4.30000e+01
1148 -4.20000e+01
1436 -4.10000e+01
1539 -4.00000e+01
1578 -3.90000e+01
1764 -3.80000e+01
2090 -3.70000e+01
2196 -3.60000e+01
2220 -3.50000e+01
2510 -3.40000e+01
2563 -3.30000e+01
2824 -3.20000e+01
3175 -3.10000e+01
3208 -3.00000e+01
3247 -2.90000e+01
3285 -2.80000e+01
3365 -2.70000e+01
3418 -2.60000e+01
3835 -2.50000e+01
4233 -2.40000e+01
4525 -2.30000e+01
4974 -2.20000e+01
5821 -2.10000e+01
5832 -2.00000e+01
6494 -1.90000e+01
6523 -1.80000e+01
6897 -1.70000e+01
7345 -1.60000e+01
7462 -1.50000e+01
7549 -1.40000e+01
8031 -1.30000e+01
8232 -1.20000e+01
8373 -1.10000e+01
8628 -1.00000e+01
9340 -9.00000e+00
9639 -8.00000e+00
9981 -8.00000e+00
"function evaluation" "best-so-far f(x)"
1 -4.90000e+01
4 -4.70000e+01
165 -4.50000e+01
269 -4.40000e+01
398 -4.20000e+01
563 -4.10000e+01
614 -4.00000e+01
730 -3.90000e+01
985 -3.80000e+01
1326 -3.70000e+01
1370 -3.60000e+01
1547 -3.50000e+01
1615 -3.40000e+01
1783 -3.30000e+01
1833 -3.10000e+01
2176 -3.00000e+01
2383 -2.90000e+01
2679 -2.80000e+01
2761 -2.70000e+01
2769 -2.60000e+01
2830 -2.40000e+01
2845 -2.30000e+01
3899 -2.20000e+01
4136 -2.10000e+01
4169 -2.00000e+01
4351 -1.90000e+01
4875 -1.80000e+01
4951 -1.70000e+01
5477 -1.60000e+01
5624 -1.50000e+01
5830 -1.40000e+01
5890 -1.30000e+01
6178 -1.20000e+01
6243 -1.10000e+01
6625 -1.00000e+01
6697 -9.00000e+00
7425 -8.00000e+00
7784 -7.00000e+00
7989 -6.00000e+00
8419 -5.00000e+00
8653 -4.00000e+00
9478 -3.00000e+00
9933 -2.00000e+00
9981 -2.00000e+00
"function evaluation" "best-so-far f(x)"
1 -4.90000e+01
12 -4.80000e+01
50 -4.70000e+01
130 -4.60000e+01
217 -4.50000e+01
263 -4.40000e+01
274 -4.30000e+01
311 -4.20000e+01
321 -4.10000e+01
538 -4.00000e+01
630 -3.90000e+01
665 -3.80000e+01
1281 -3.70000e+01
1368 -3.60000e+01
1707 -3.50000e+01
1870 -3.40000e+01
2027 -3.30000e+01
2151 -3.20000e+01
2167 -3.10000e+01
2569 -3.00000e+01
2623 -2.90000e+01
2937 -2.80000e+01
2951 -2.70000e+01
3223 -2.60000e+01
3273 -2.50000e+01
3380 -2.40000e+01
3858 -2.30000e+01
3975 -2.20000e+01
4597 -2.10000e+01
5019 -2.00000e+01
5343 -1.90000e+01
5579 -1.80000e+01
5976 -1.70000e+01
6825 -1.60000e+01
6963 -1.50000e+01
6994 -1.40000e+01
7279 -1.30000e+01
7452 -1.20000e+01
8798 -1.10000e+01
9114 -1.00000e+01
9296 -9.00000e+00
9375 -8.00000e+00
9981 -8.00000e+00
"function evaluation" "best-so-far f(x)"
1 -4.90000e+01
33 -4.80000e+01
114 -4.70000e+01
201 -4.60000e+01
245 -4.50000e+01
286 -4.40000e+01
521 -4.30000e+01
564 -4.20000e+01
620 -4.10000e+01
1011 -3.90000e+01
1213 -3.80000e+01
1477 -3.70000e+01
1585 -3.60000e+01
1612 -3.50000e+01
1842 -3.40000e+01
2068 -3.30000e+01
2098 -3.20000e+01
2138 -3.10000e+01
2696 -3.00000e+01
2767 -2.90000e+01
3113 -2.80000e+01
3193 -2.70000e+01
3719 -2.60000e+01
3844 -2.50000e+01
4260 -2.40000e+01
4490 -2.30000e+01
4581 -2.20000e+01
4745 -2.10000e+01
5060 -2.00000e+01
5202 -1.90000e+01
5509 -1.80000e+01
5534 -1.70000e+01
6023 -1.50000e+01
6264 -1.40000e+01
6316 -1.30000e+01
7868 -1.20000e+01
8117 -1.10000e+01
8407 -1.00000e+01
8628 -9.00000e+00
8749 -8.00000e+00
8857 -7.00000e+00
8982 -6.00000e+00
9252 -5.00000e+00
9981 -5.00000e+00
"function evaluation" "best-so-far f(x)"
1 -4.90000e+01
31 -4.80000e+01
96 -4.70000e+01
240 -4.60000e+01
277 -4.50000e+01
489 -4.40000e+01
642 -4.30000e+01
790 -4.20000e+01
992 -4.10000e+01
1385 -4.00000e+01
1504 -3.90000e+01
1677 -3.80000e+01
2009 -3.70000e+01
2154 -3.60000e+01
2399 -3.50000e+01
2407 -3.40000e+01
2705 -3.30000e+01
2755 -3.10000e+01
3080 -3.00000e+01
3893 -2.90000e+01
3995 -2.80000e+01
4283 -2.70000e+01
4390 -2.50000e+01
4536 -2.40000e+01
4969 -2.30000e+01
5001 -2.20000e+01
5094 -2.10000e+01
5307 -2.00000e+01
5841 -1.90000e+01
5875 -1.80000e+01
5989 -1.70000e+01
6110 -1.60000e+01
6405 -1.50000e+01
6783 -1.40000e+01
6873 -1.30000e+01
7589 -1.20000e+01
7794 -1.10000e+01
7974 -1.00000e+01
8248 -9.00000e+00
8330 -8.00000e+00
9527 -7.00000e+00
9741 -6.00000e+00
9981 -6.00000e+00
"function evaluation" "best-so-far f(x)"
1 -4.90000e+01
68 -4.80000e+01
142 -4.70000e+01
216 -4.60000e+01
343 -4.50000e+01
475 -4.40000e+01
476 -4.30000e+01
863 -4.20000e+01
865 -4.10000e+01
1168 -4.00000e+01
1519 -3.90000e+01
1600 -3.80000e+01
1682 -3.70000e+01
1978 -3.60000e+01
2092 -3.50000e+01
2122 -3.40000e+01
2277 -3.20000e+01
2790 -3.10000e+01
2850 -3.00000e+01
2969 -2.90000e+01
3089 -2.70000e+01
3282 -2.60000e+01
3449 -2.50000e+01
3499 -2.40000e+01
3928 -2.30000e+01
4633 -2.20000e+01
4934 -2.10000e+01
4951 -2.00000e+01
4968 -1.90000e+01
5018 -1.80000e+01
5151 -1.70000e+01
5236 -1.60000e+01
6070 -1.50000e+01
6413 -1.40000e+01
6427 -1.30000e+01
6592 -1.20000e+01
6872 -1.10000e+01
6903 -1.00000e+01
7781 -9.00000e+00
7841 -8.00000e+00
7922 -7.00000e+00
8883 -6.00000e+00
8958 -5.00000e+00
9981 -5.00000e+00
"function evaluation" "best-so-far f(x)"
1 -4.90000e+01
54 -4.80000e+01
88 -4.70000e+01
124 -4.60000e+01
488 -4.50000e+01
638 -4.40000e+01
881 -4.30000e+01
1039 -4.20000e+01
1115 -4.10000e+01
1279 -4.00000e+01
1304 -3.90000e+01
1327 -3.80000e+01
1348 -3.70000e+01
1722 -3.60000e+01
1916 -3.50000e+01
2114 -3.40000e+01
2364 -3.30000e+01
2511 -3.20000e+01
2592 -3.10000e+01
2847 -3.00000e+01
3288 -2.90000e+01
3297 -2.80000e+01
3324 -2.70000e+01
3627 -2.60000e+01
3741 -2.50000e+01
4061 -2.40000e+01
4076 -2.30000e+01
4571 -2.20000e+01
4746 -2.10000e+01
4870 -2.00000e+01
4876 -1.90000e+01
4946 -1.80000e+01
5006 -1.70000e+01
5290 -1.60000e+01
5660 -1.50000e+01
5692 -1.40000e+01
6230 -1.30000e+01
6631 -1.20000e+01
6714 -1.10000e+01
7107 -1.00000e+01
7410 -9.00000e+00
7611 -8.00000e+00
7879 -7.00000e+00
8219 -6.00000e+00
8328 -5.00000e+00
9453 -3.00000e+00
9556 -2.00000e+00
9981 -2.00000e+00
"function evaluation" "best-so-far f(x)"
1 -4.90000e+01
13 -4.80000e+01
102 -4.70000e+01
230 -4.60000e+01
304 -4.50000e+01
506 -4.40000e+01
521 -4.30000e+01
559 -4.20000e+01
627 -4.10000e+01
694 -4.00000e+01
711 -3.90000e+01
846 -3.80000e+01
1086 -3.70000e+01
1310 -3.60000e+01
1480 -3.50000e+01
2016 -3.40000e+01
2286 -3.30000e+01
2328 -3.20000e+01
2400 -3.10000e+01
2558 -2.90000e+01
2636 -2.80000e+01
2934 -2.70000e+01
3453 -2.60000e+01
3818 -2.50000e+01
4061 -2.40000e+01
4242 -2.30000e+01
4621 -2.20000e+01
4913 -2.10000e+01
5043 -2.00000e+01
5178 -1.90000e+01
5252 -1.80000e+01
5457 -1.70000e+01
5682 -1.60000e+01
5947 -1.50000e+01
6343 -1.40000e+01
6702 -1.30000e+01
7094 -1.20000e+01
7250 -1.10000e+01
8908 -1.00000e+01
9537 -9.00000e+00
9981 -9.00000e+00
"function evaluation" "best-so-far f(x)"
1 -4.90000e+01
39 -4.80000e+01
98 -4.70000e+01
286 -4.60000e+01
344 -4.50000e+01
390 -4.40000e+01
395 -4.30000e+01
427 -4.20000e+01
583 -4.10000e+01
772 -4.00000e+01
1106 -3.90000e+01
1323 -3.80000e+01
1412 -3.70000e+01
1513 -3.60000e+01
1772 -3.50000e+01
1904 -3.40000e+01
1953 -3.30000e+01
2060 -3.20000e+01
2098 -3.10000e+01
2357 -2.90000e+01
2548 -2.80000e+01
2583 -2.70000e+01
2848 -2.60000e+01
2929 -2.50000e+01
3208 -2.40000e+01
3262 -2.30000e+01
3449 -2.20000e+01
4284 -2.10000e+01
4453 -1.90000e+01
5480 -1.80000e+01
6128 -1.70000e+01
6225 -1.60000e+01
6374 -1.50000e+01
6425 -1.40000e+01
6429 -1.30000e+01
7072 -1.20000e+01
7705 -1.10000e+01
9324 -1.00000e+01
9981 -1.00000e+01
"function evaluation" "best-so-far f(x)"
1 -4.90000e+01
62 -4.80000e+01
95 -4.70000e+01
237 -4.60000e+01
306 -4.50000e+01
332 -4.30000e+01
490 -4.20000e+01
510 -4.10000e+01
939 -4.00000e+01
1052 -3.90000e+01
1259 -3.80000e+01
1521 -3.70000e+01
1593 -3.60000e+01
1773 -3.50000e+01
1921 -3.40000e+01
2013 -3.30000e+01
2057 -3.20000e+01
2387 -3.10000e+01
2515 -3.00000e+01
2573 -2.90000e+01
2687 -2.80000e+01
2825 -2.70000e+01
3255 -2.60000e+01
3282 -2.50000e+01
3515 -2.40000e+01
3637 -2.30000e+01
3672 -2.20000e+01
4721 -2.10000e+01
4767 -2.00000e+01
4804 -1.90000e+01
4854 -1.80000e+01
5105 -1.70000e+01
5191 -1.60000e+01
5453 -1.50000e+01
5482 -1.40000e+01
5599 -1.30000e+01
6022 -1.20000e+01
6564 -1.10000e+01
7109 -1.00000e+01
7242 -9.00000e+00
7386 -8.00000e+00
7449 -7.00000e+00
7817 -6.00000e+00
8027 -5.00000e+00
8986 -4.00000e+00
9611 -3.00000e+00
9981 -3.00000e+00
"function evaluation" "best-so-far f(x)"
1 -4.90000e+01
5 -4.80000e+01
19 -4.70000e+01
94 -4.60000e+01
437 -4.50000e+01
474 -4.40000e+01
653 -4.30000e+01
735 -4.20000e+01
792 -4.00000e+01
1087 -3.90000e+01
1308 -3.80000e+01
1467 -3.70000e+01
1535 -3.60000e+01
1924 -3.50000e+01
2347 -3.40000e+01
2601 -3.30000e+01
2682 -3.20000e+01
2918 -3.10000e+01
3244 -3.00000e+01
3465 -2.90000e+01
3732 -2.70000e+01
3800 -2.60000e+01
4036 -2.50000e+01
5285 -2.40000e+01
5524 -2.30000e+01
5686 -2.20000e+01
5748 -2.10000e+01
5882 -2.00000e+01
6530 -1.90000e+01
6933 -1.80000e+01
7002 -1.70000e+01
7119 -1.60000e+01
7469 -1.50000e+01
7724 -1.40000e+01
9280 -1.30000e+01
9314 -1.20000e+01
9436 -1.10000e+01
9651 -1.00000e+01
9891 -9.00000e+00
9981 -9.00000e+00
"function evaluation" "best-so-far f(x)"
1 -4.90000e+01
13 -4.80000e+01
99 -4.70000e+01
309 -4.60000e+01
371 -4.50000e+01
515 -4.40000e+01
686 -4.30000e+01
827 -4.20000e+01
1107 -4.10000e+01
1265 -4.00000e+01
1269 -3.90000e+01
1433 -3.80000e+01
1599 -3.70000e+01
1758 -3.60000e+01
1907 -3.50000e+01
2258 -3.40000e+01
2285 -3.30000e+01
2320 -3.10000e+01
2428 -3.00000e+01
3237 -2.90000e+01
3334 -2.80000e+01
3461 -2.70000e+01
3966 -2.60000e+01
4024 -2.50000e+01
4404 -2.40000e+01
4510 -2.30000e+01
4537 -2.20000e+01
5063 -2.10000e+01
5213 -2.00000e+01
5246 -1.90000e+01
5254 -1.80000e+01
5663 -1.70000e+01
6008 -1.60000e+01
6359 -1.50000e+01
6684 -1.40000e+01
7451 -1.30000e+01
7888 -1.20000e+01
7975 -1.10000e+01
7980 -1.00000e+01
8314 -9.00000e+00
8489 -8.00000e+00
9097 -7.00000e+00
9371 -6.00000e+00
9981 -6.00000e+00
"function evaluation" "best-so-far f(x)"
1 -4.90000e+01
67 -4.80000e+01
132 -4.70000e+01
236 -4.60000e+01
351 -4.50000e+01
429 -4.40000e+01
518 -4.30000e+01
649 -4.20000e+01
907 -4.10000e+01
969 -4.00000e+01
1055 -3.90000e+01
1652 -3.80000e+01
1754 -3.70000e+01
2079 -3.60000e+01
2135 -3.50000e+01
2468 -3.30000e+01
2946 -3.20000e+01
3136 -3.10000e+01
3139 -3.00000e+01
3191 -2.90000e+01
3740 -2.80000e+01
3890 -2.70000e+01
3937 -2.60000e+01
4112 -2.50000e+01
4140 -2.40000e+01
4460 -2.30000e+01
4618 -2.20000e+01
5192 -2.10000e+01
5324 -2.00000e+01
5422 -1.90000e+01
6009 -1.80000e+01
6247 -1.70000e+01
6633 -1.60000e+01
6637 -1.50000e+01
6957 -1.40000e+01
7384 -1.30000e+01
7682 -1.20000e+01
7990 -1.10000e+01
8235 -1.00000e+01
8291 -9.00000e+00
8683 -8.00000e+00
8873 -7.00000e+00
9257 -6.00000e+00
9981 -6.00000e+00
"function evaluation" "best-so-far f(x)"
1 -4.90000e+01
10 -4.80000e+01
108 -4.70000e+01
169 -4.60000e+01
211 -4.50000e+01
658 -4.40000e+01
711 -4.30000e+01
979 -4.20000e+01
1087 -4.10000e+01
1160 -4.00000e+01
1520 -3.90000e+01
1632 -3.80000e+01
1761 -3.70000e+01
1831 -3.60000e+01
1920 -3.50000e+01
1999 -3.40000e+01
2198 -3.30000e+01
2316 -3.20000e+01
2399 -3.10000e+01
2637 -3.00000e+01
2663 -2.90000e+01
3175 -2.80000e+01
3799 -2.70000e+01
3934 -2.60000e+01
4124 -2.50000e+01
4327 -2.40000e+01
4960 -2.30000e+01
5031 -2.20000e+01
5701 -2.10000e+01
6126 -2.00000e+01
6286 -1.90000e+01
6779 -1.80000e+01
6801 -1.70000e+01
7357 -1.60000e+01
8179 -1.50000e+01
9033 -1.40000e+01
9184 -1.30000e+01
9722 -1.20000e+01
9736 -1.10000e+01
9774 -1.00000e+01
9981 -1.00000e+01
"function evaluation" "best-so-far f(x)"
1 -4.90000e+01
36 -4.70000e+01
79 -4.60000e+01
270 -4.50000e+01
309 -4.40000e+01
436 -4.30000e+01
479 -4.20000e+01
745 -4.10000e+01
796 -4.00000e+01
876 -3.90000e+01
919 -3.80000e+01
1591 -3.70000e+01
1657 -3.60000e+01
1701 -3.50000e+01
1895 -3.40000e+01
1954 -3.30000e+01
2219 -3.20000e+01
2576 -3.10000e+01
2586 -3.00000e+01
3042 -2.90000e+01
3152 -2.80000e+01
3614 -2.70000e+01
3998 -2.60000e+01
4057 -2.50000e+01
4198 -2.40000e+01
4515 -2.30000e+01
4588 -2.20000e+01
5242 -2.10000e+01
5362 -2.00000e+01
5363 -1.90000e+01
5499 -1.80000e+01
5627 -1.70000e+01
6664 -1.60000e+01
7107 -1.50000e+01
7452 -1.40000e+01
7808 -1.30000e+01
8023 -1.20000e+01
8362 -1.10000e+01
8523 -1.00000e+01
8527 -9.00000e+00
8613 -8.00000e+00
9981 -8.00000e+00
"function evaluation" "best-so-far f(x)"
1 -4.90000e+01
15 -4.80000e+01
48 -4.70000e+01
173 -4.60000e+01
252 -4.50000e+01
424 -4.30000e+01
529 -4.20000e+01
531 -4.10000e+01
679 -4.00000e+01
1049 -3.90000e+01
1071 -3.70000e+01
1475 -3.50000e+01
1831 -3.40000e+01
1879 -3.30000e+01
1881 -3.20000e+01
2216 -3.10000e+01
2312 -3.00000e+01
2747 -2.90000e+01
3151 -2.70000e+01
3244 -2.60000e+01
3565 -2.40000e+01
3610 -2.30000e+01
3784 -2.20000e+01
3871 -2.10000e+01
3942 -2.00000e+01
4179 -1.90000e+01
4546 -1.80000e+01
4891 -1.70000e+01
5036 -1.60000e+01
5093 -1.50000e+01
5124 -1.40000e+01
5374 -1.30000e+01
5497 -1.20000e+01
5767 -1.10000e+01
6553 -1.00000e+01
7089 -9.00000e+00
7110 -8.00000e+00
7760 -7.00000e+00
8663 -6.00000e+00
9459 -5.00000e+00
9837 -4.00000e+00
9981 -4.00000e+00
"function evaluation" "best-so-far f(x)"
1 -4.90000e+01
49 -4.80000e+01
142 -4.70000e+01
223 -4.60000e+01
231 -4.50000e+01
443 -4.40000e+01
475 -4.30000e+01
542 -4.20000e+01
553 -4.10000e+01
559 -4.00000e+01
927 -3.90000e+01
964 -3.80000e+01
1003 -3.70000e+01
1012 -3.60000e+01
1152 -3.50000e+01
1169 -3.40000e+01
1345 -3.30000e+01
1353 -3.20000e+01
1405 -3.10000e+01
1514 -3.00000e+01
1574 -2.90000e+01
1578 -2.80000e+01
1668 -2.70000e+01
1700 -2.60000e+01
1851 -2.50000e+01
1933 -2.40000e+01
2718 -2.30000e+01
2860 -2.20000e+01
3423 -2.10000e+01
3769 -2.00000e+01
4305 -1.90000e+01
4434 -1.80000e+01
5041 -1.70000e+01
5629 -1.60000e+01
6146 -1.50000e+01
6299 -1.40000e+01
7215 -1.30000e+01
7303 -1.20000e+01
7936 -1.10000e+01
8201 -1.00000e+01
8891 -9.00000e+00
9508 -8.00000e+00
9970 -7.00000e+00
9981 -7.00000e+00
"function evaluation" "best-so-far f(x)"
1 -4.90000e+01
24 -4.80000e+01
105 -4.70000e+01
259 -4.60000e+01
326 -4.50000e+01
334 -4.40000e+01
538 -4.30000e+01
598 -4.20000e+01
861 -4.10000e+01
1380 -4.00000e+01
1610 -3.90000e+01
1875 -3.80000e+01
2146 -3.70000e+01
2181 -3.60000e+01
2725 -3.50000e+01
2773 -3.40000e+01
3044 -3.30000e+01
3087 -3.20000e+01
3154 -3.10000e+01
3356 -3.00000e+01
3475 -2.90000e+01
3647 -2.80000e+01
3705 -2.70000e+01
3830 -2.60000e+01
4070 -2.50000e+01
4212 -2.40000e+01
4412 -2.30000e+01
4436 -2.20000e+01
4635 -2.10000e+01
4642 -2.00000e+01
4808 -1.90000e+01
4841 -1.80000e+01
5346 -1.70000e+01
5383 -1.60000e+01
5402 -1.50000e+01
6004 -1.40000e+01
6176 -1.30000e+01
6413 -1.20000e+01
6490 -1.10000e+01
6701 -1.00000e+01
7011 -9.00000e+00
7112 -8.00000e+00
7605 -7.00000e+00
7692 -6.00000e+00
7871 -5.00000e+00
7882 -4.00000e+00
8197 -3.00000e+00
8655 -2.00000e+00
8813 -1.00000e+00
9610 +4.73000e+02
9981 +4.73000e+02
"function evaluation" "best-so-far f(x)"
1 -4.90000e+01
2 -4.80000e+01
82 -4.70000e+01
225 -4.60000e+01
332 -4.40000e+01
482 -4.30000e+01
589 -4.20000e+01
721 -4.10000e+01
950 -4.00000e+01
1305 -3.80000e+01
1386 -3.70000e+01
1591 -3.60000e+01
1680 -3.40000e+01
1711 -3.30000e+01
1805 -3.20000e+01
1849 -3.10000e+01
1870 -3.00000e+01
2218 -2.90000e+01
2305 -2.80000e+01
2481 -2.70000e+01
2829 -2.60000e+01
2874 -2.50000e+01
2962 -2.40000e+01
3562 -2.20000e+01
3929 -2.10000e+01
4627 -2.00000e+01
4724 -1.90000e+01
4916 -1.80000e+01
6275 -1.70000e+01
6863 -1.60000e+01
6922 -1.50000e+01
7276 -1.40000e+01
7614 -1.30000e+01
7742 -1.20000e+01
8510 -1.10000e+01
8947 -1.00000e+01
9981 -1.00000e+01
"function evaluation" "best-so-far f(x)"
1 -4.90000e+01
34 -4.80000e+01
51 -4.70000e+01
148 -4.60000e+01
399 -4.50000e+01
473 -4.40000e+01
1061 -4.30000e+01
1208 -4.20000e+01
1272 -4.10000e+01
1306 -4.00000e+01
1388 -3.90000e+01
1513 -3.80000e+01
1962 -3.70000e+01
2539 -3.60000e+01
2731 -3.50000e+01
2853 -3.40000e+01
3078 -3.30000e+01
3466 -3.20000e+01
3727 -3.10000e+01
4098 -3.00000e+01
4489 -2.90000e+01
4567 -2.80000e+01
4758 -2.70000e+01
4803 -2.60000e+01
4922 -2.50000e+01
5152 -2.40000e+01
6189 -2.30000e+01
6471 -2.20000e+01
6592 -2.10000e+01
6967 -2.00000e+01
7003 -1.90000e+01
7468 -1.80000e+01
8999 -1.70000e+01
9658 -1.60000e+01
9883 -1.50000e+01
9981 -1.50000e+01
"function evaluation" "best-so-far f(x)"
1 -4.90000e+01
34 -4.80000e+01
93 -4.70000e+01
111 -4.60000e+01
172 -4.50000e+01
179 -4.40000e+01
557 -4.30000e+01
580 -4.20000e+01
770 -4.10000e+01
1016 -4.00000e+01
1044 -3.90000e+01
1628 -3.80000e+01
1630 -3.60000e+01
1657 -3.50000e+01
1698 -3.30000e+01
1702 -3.20000e+01
2359 -3.10000e+01
2597 -3.00000e+01
2720 -2.90000e+01
2809 -2.80000e+01
2840 -2.70000e+01
3058 -2.60000e+01
3206 -2.50000e+01
3226 -2.40000e+01
3274 -2.30000e+01
3370 -2.20000e+01
3929 -2.10000e+01
4738 -2.00000e+01
4905 -1.90000e+01
4945 -1.80000e+01
5355 -1.70000e+01
5625 -1.60000e+01
5783 -1.50000e+01
6410 -1.40000e+01
6517 -1.30000e+01
6533 -1.20000e+01
7731 -1.10000e+01
7771 -1.00000e+01
7946 -9.00000e+00
8264 -8.00000e+00
8300 -7.00000e+00
9281 -6.00000e+00
9981 -6.00000e+00
"function evaluation" "best-so-far f(x)"
1 -4.90000e+01
31 -4.80000e+01
89 -4.70000e+01
94 -4.60000e+01
98 -4.50000e+01
130 -4.30000e+01
181 -4.20000e+01
217 -4.10000e+01
370 -4.00000e+01
688 -3.90000e+01
1322 -3.80000e+01
1451 -3.70000e+01
1500 -3.60000e+01
2233 -3.50000e+01
2525 -3.40000e+01
2964 -3.30000e+01
3263 -3.20000e+01
3721 -3.10000e+01
3739 -3.00000e+01
3987 -2.90000e+01
4003 -2.80000e+01
4129 -2.70000e+01
5183 -2.60000e+01
5274 -2.50000e+01
5661 -2.40000e+01
6419 -2.30000e+01
6704 -2.20000e+01
6843 -2.10000e+01
6885 -2.00000e+01
7130 -1.90000e+01
7249 -1.80000e+01
7446 -1.70000e+01
7769 -1.60000e+01
8114 -1.50000e+01
8675 -1.40000e+01
9187 -1.30000e+01
9403 -1.20000e+01
9541 -1.10000e+01
9714 -1.00000e+01
9981 -1.00000e+01
