"function evaluation" "best-so-far f(x)"
1 -4.90000e+01
26 -4.80000e+01
59 -4.70000e+01
84 -4.60000e+01
152 -4.50000e+01
183 -4.40000e+01
234 -4.30000e+01
314 -4.20000e+01
417 -4.10000e+01
434 -4.00000e+01
477 -3.90000e+01
523 -3.80000e+01
645 -3.70000e+01
696 -3.60000e+01
725 -3.50000e+01
803 -3.40000e+01
805 -3.30000e+01
863 -3.20000e+01
876 -3.10000e+01
918 -3.00000e+01
942 -2.90000e+01
980 -2.80000e+01
986 -2.70000e+01
1009 -2.60000e+01
1044 -2.50000e+01
1122 -2.40000e+01
1348 -2.30000e+01
1466 -2.20000e+01
1650 -2.10000e+01
1692 -2.00000e+01
1774 -1.90000e+01
1814 -1.80000e+01
1870 -1.70000e+01
1887 -1.60000e+01
1897 -1.50000e+01
1909 -1.40000e+01
2033 -1.30000e+01
2190 -1.10000e+01
2249 -1.00000e+01
2438 -9.00000e+00
2499 -8.00000e+00
2562 -7.00000e+00
2630 -6.00000e+00
2749 -5.00000e+00
2930 -4.00000e+00
2956 -3.00000e+00
3150 -2.00000e+00
3258 -1.00000e+00
3460 +4.90000e+02
3597 +5.06000e+02
4496 +5.13000e+02
5265 +5.20000e+02
5452 +5.21000e+02
5793 +5.28000e+02
6181 +5.30000e+02
9134 +5.35000e+02
9981 +5.35000e+02
"function evaluation" "best-so-far f(x)"
1 -4.90000e+01
172 -4.80000e+01
308 -4.70000e+01
333 -4.60000e+01
449 -4.50000e+01
569 -4.40000e+01
602 -4.30000e+01
640 -4.20000e+01
641 -4.10000e+01
653 -4.00000e+01
685 -3.90000e+01
725 -3.80000e+01
807 -3.70000e+01
864 -3.60000e+01
938 -3.50000e+01
957 -3.40000e+01
982 -3.30000e+01
1014 -3.20000e+01
1049 -3.10000e+01
1104 -3.00000e+01
1107 -2.80000e+01
1178 -2.70000e+01
1359 -2.60000e+01
1414 -2.50000e+01
1443 -2.40000e+01
1470 -2.30000e+01
1591 -2.20000e+01
1728 -2.10000e+01
1984 -2.00000e+01
1991 -1.90000e+01
2027 -1.80000e+01
2068 -1.70000e+01
2197 -1.60000e+01
2300 -1.50000e+01
2360 -1.40000e+01
2366 -1.30000e+01
2483 -1.20000e+01
2687 -1.10000e+01
2972 -1.00000e+01
3122 -9.00000e+00
3347 -8.00000e+00
3417 -7.00000e+00
3593 -6.00000e+00
3665 -5.00000e+00
3812 -4.00000e+00
3867 -3.00000e+00
3907 -2.00000e+00
4164 -1.00000e+00
4301 +4.76000e+02
4591 +4.86000e+02
4822 +4.92000e+02
5101 +5.06000e+02
6178 +5.13000e+02
7093 +5.15000e+02
8055 +5.18000e+02
9937 +5.23000e+02
9981 +5.23000e+02
"function evaluation" "best-so-far f(x)"
1 -4.90000e+01
15 -4.80000e+01
38 -4.70000e+01
60 -4.60000e+01
105 -4.50000e+01
123 -4.40000e+01
186 -4.30000e+01
227 -4.20000e+01
249 -4.10000e+01
275 -4.00000e+01
373 -3.80000e+01
393 -3.70000e+01
437 -3.60000e+01
478 -3.50000e+01
514 -3.40000e+01
539 -3.30000e+01
632 -3.20000e+01
633 -3.10000e+01
699 -3.00000e+01
762 -2.90000e+01
825 -2.80000e+01
866 -2.60000e+01
915 -2.50000e+01
985 -2.40000e+01
1026 -2.30000e+01
1092 -2.20000e+01
1104 -2.10000e+01
1111 -2.00000e+01
1166 -1.90000e+01
1226 -1.80000e+01
1271 -1.70000e+01
1303 -1.60000e+01
1416 -1.50000e+01
1545 -1.40000e+01
1665 -1.30000e+01
1754 -1.20000e+01
1917 -1.10000e+01
2000 -1.00000e+01
2059 -9.00000e+00
2170 -8.00000e+00
2231 -7.00000e+00
2301 -6.00000e+00
2356 -5.00000e+00
2416 -4.00000e+00
2591 -3.00000e+00
2794 -2.00000e+00
2979 -1.00000e+00
3081 +4.71000e+02
3157 +4.84000e+02
3386 +4.86000e+02
3447 +4.94000e+02
3951 +4.97000e+02
4317 +5.07000e+02
5052 +5.08000e+02
5292 +5.16000e+02
5927 +5.17000e+02
7474 +5.24000e+02
7894 +5.31000e+02
9973 +5.32000e+02
9981 +5.32000e+02
"function evaluation" "best-so-far f(x)"
1 -4.90000e+01
14 -4.80000e+01
31 -4.70000e+01
153 -4.60000e+01
233 -4.50000e+01
280 -4.30000e+01
320 -4.20000e+01
354 -4.10000e+01
381 -4.00000e+01
436 -3.90000e+01
503 -3.80000e+01
541 -3.70000e+01
583 -3.60000e+01
647 -3.50000e+01
738 -3.40000e+01
817 -3.30000e+01
819 -3.20000e+01
868 -3.10000e+01
894 -3.00000e+01
945 -2.90000e+01
971 -2.80000e+01
1016 -2.70000e+01
1074 -2.60000e+01
1173 -2.50000e+01
1203 -2.40000e+01
1305 -2.30000e+01
1374 -2.20000e+01
1399 -2.10000e+01
1481 -2.00000e+01
1522 -1.90000e+01
1653 -1.80000e+01
1740 -1.70000e+01
1860 -1.60000e+01
2206 -1.50000e+01
2253 -1.40000e+01
2306 -1.30000e+01
2465 -1.20000e+01
2553 -1.10000e+01
2666 -1.00000e+01
2872 -9.00000e+00
3107 -8.00000e+00
3120 -7.00000e+00
3141 -6.00000e+00
3323 -5.00000e+00
3438 -4.00000e+00
3838 -2.00000e+00
3976 -1.00000e+00
4269 +4.36000e+02
4288 +4.40000e+02
4600 +4.48000e+02
4686 +4.67000e+02
5144 +4.73000e+02
5649 +4.84000e+02
5741 +4.93000e+02
6143 +4.94000e+02
6355 +5.06000e+02
6642 +5.10000e+02
7453 +5.11000e+02
8027 +5.25000e+02
8096 +5.27000e+02
8280 +5.31000e+02
9103 +5.37000e+02
9981 +5.37000e+02
"function evaluation" "best-so-far f(x)"
1 -4.90000e+01
14 -4.80000e+01
76 -4.70000e+01
187 -4.60000e+01
210 -4.50000e+01
238 -4.40000e+01
261 -4.30000e+01
336 -4.20000e+01
387 -4.10000e+01
393 -4.00000e+01
433 -3.90000e+01
465 -3.80000e+01
520 -3.70000e+01
570 -3.60000e+01
663 -3.50000e+01
675 -3.40000e+01
722 -3.30000e+01
827 -3.20000e+01
913 -3.10000e+01
958 -3.00000e+01
985 -2.90000e+01
1011 -2.80000e+01
1084 -2.70000e+01
1098 -2.60000e+01
1165 -2.50000e+01
1229 -2.40000e+01
1339 -2.30000e+01
1366 -2.20000e+01
1409 -2.10000e+01
1480 -2.00000e+01
1563 -1.90000e+01
1658 -1.80000e+01
1695 -1.70000e+01
1716 -1.60000e+01
1760 -1.50000e+01
1878 -1.40000e+01
1923 -1.30000e+01
2081 -1.20000e+01
2211 -1.10000e+01
2330 -1.00000e+01
2436 -9.00000e+00
2539 -8.00000e+00
2831 -7.00000e+00
3513 -6.00000e+00
3663 -5.00000e+00
3755 -4.00000e+00
3832 -3.00000e+00
4095 -2.00000e+00
4412 -1.00000e+00
4902 +4.81000e+02
5412 +4.87000e+02
5461 +4.98000e+02
5517 +5.08000e+02
6235 +5.09000e+02
6917 +5.14000e+02
7320 +5.24000e+02
9981 +5.24000e+02
"function evaluation" "best-so-far f(x)"
1 -4.90000e+01
2 -4.80000e+01
71 -4.70000e+01
160 -4.50000e+01
266 -4.30000e+01
308 -4.20000e+01
378 -4.10000e+01
437 -4.00000e+01
508 -3.80000e+01
550 -3.70000e+01
677 -3.50000e+01
742 -3.40000e+01
783 -3.30000e+01
960 -3.20000e+01
1019 -3.10000e+01
1041 -3.00000e+01
1094 -2.90000e+01
1162 -2.80000e+01
1222 -2.70000e+01
1330 -2.60000e+01
1401 -2.50000e+01
1472 -2.40000e+01
1599 -2.30000e+01
1607 -2.20000e+01
1661 -2.10000e+01
1738 -2.00000e+01
1983 -1.90000e+01
2110 -1.80000e+01
2157 -1.70000e+01
2217 -1.60000e+01
2235 -1.50000e+01
2320 -1.40000e+01
2352 -1.30000e+01
2380 -1.20000e+01
2458 -1.10000e+01
2484 -1.00000e+01
2523 -9.00000e+00
2589 -8.00000e+00
2668 -7.00000e+00
2746 -6.00000e+00
2978 -5.00000e+00
3039 -4.00000e+00
3110 -3.00000e+00
3154 -2.00000e+00
3306 -1.00000e+00
3373 +4.54000e+02
3642 +4.69000e+02
3757 +4.81000e+02
4856 +4.92000e+02
5074 +4.98000e+02
5249 +5.03000e+02
6933 +5.09000e+02
7341 +5.13000e+02
8524 +5.19000e+02
9981 +5.19000e+02
"function evaluation" "best-so-far f(x)"
1 -4.90000e+01
10 -4.80000e+01
28 -4.70000e+01
124 -4.60000e+01
132 -4.50000e+01
196 -4.40000e+01
199 -4.30000e+01
258 -4.20000e+01
305 -4.10000e+01
316 -4.00000e+01
321 -3.90000e+01
348 -3.80000e+01
431 -3.70000e+01
434 -3.60000e+01
557 -3.50000e+01
560 -3.40000e+01
589 -3.30000e+01
663 -3.20000e+01
762 -3.10000e+01
872 -3.00000e+01
908 -2.90000e+01
1034 -2.70000e+01
1163 -2.60000e+01
1174 -2.50000e+01
1229 -2.40000e+01
1237 -2.30000e+01
1266 -2.20000e+01
1298 -2.10000e+01
1353 -2.00000e+01
1432 -1.90000e+01
1622 -1.80000e+01
1645 -1.70000e+01
1752 -1.60000e+01
1784 -1.50000e+01
1882 -1.40000e+01
1956 -1.30000e+01
1998 -1.20000e+01
2125 -1.10000e+01
2180 -1.00000e+01
2472 -9.00000e+00
2553 -8.00000e+00
2591 -7.00000e+00
2727 -6.00000e+00
2785 -5.00000e+00
2862 -4.00000e+00
2923 -3.00000e+00
3139 -2.00000e+00
3276 -1.00000e+00
3411 +4.79000e+02
3416 +4.90000e+02
3571 +4.94000e+02
3766 +4.99000e+02
4040 +5.01000e+02
4320 +5.03000e+02
5245 +5.07000e+02
5261 +5.09000e+02
5692 +5.15000e+02
5797 +5.16000e+02
6941 +5.17000e+02
7870 +5.25000e+02
7945 +5.26000e+02
9496 +5.28000e+02
9524 +5.30000e+02
9981 +5.30000e+02
"function evaluation" "best-so-far f(x)"
1 -4.90000e+01
25 -4.80000e+01
47 -4.70000e+01
157 -4.60000e+01
216 -4.50000e+01
272 -4.40000e+01
353 -4.30000e+01
396 -4.20000e+01
403 -4.10000e+01
472 -4.00000e+01
556 -3.90000e+01
601 -3.80000e+01
603 -3.70000e+01
665 -3.60000e+01
685 -3.50000e+01
711 -3.40000e+01
786 -3.30000e+01
821 -3.10000e+01
839 -3.00000e+01
868 -2.90000e+01
913 -2.80000e+01
1010 -2.70000e+01
1056 -2.60000e+01
1098 -2.50000e+01
1205 -2.40000e+01
1403 -2.30000e+01
1444 -2.20000e+01
1492 -2.10000e+01
1502 -2.00000e+01
1572 -1.90000e+01
1634 -1.80000e+01
1728 -1.70000e+01
1768 -1.60000e+01
1812 -1.50000e+01
1877 -1.40000e+01
1959 -1.30000e+01
1974 -1.20000e+01
2021 -1.10000e+01
2213 -1.00000e+01
2276 -9.00000e+00
2318 -8.00000e+00
2347 -7.00000e+00
2524 -5.00000e+00
2699 -4.00000e+00
2784 -3.00000e+00
2909 -2.00000e+00
3201 -1.00000e+00
3251 +4.99000e+02
3797 +5.09000e+02
4523 +5.18000e+02
5242 +5.22000e+02
7730 +5.23000e+02
9228 +5.26000e+02
9981 +5.26000e+02
"function evaluation" "best-so-far f(x)"
1 -4.90000e+01
8 -4.80000e+01
61 -4.70000e+01
92 -4.60000e+01
133 -4.50000e+01
269 -4.40000e+01
298 -4.30000e+01
354 -4.20000e+01
399 -4.10000e+01
435 -4.00000e+01
468 -3.90000e+01
470 -3.80000e+01
527 -3.70000e+01
593 -3.50000e+01
738 -3.40000e+01
821 -3.30000e+01
947 -3.20000e+01
1048 -3.00000e+01
1174 -2.90000e+01
1201 -2.80000e+01
1277 -2.70000e+01
1342 -2.60000e+01
1375 -2.50000e+01
1411 -2.40000e+01
1569 -2.30000e+01
1720 -2.20000e+01
1726 -2.10000e+01
1885 -2.00000e+01
1925 -1.90000e+01
2059 -1.80000e+01
2180 -1.70000e+01
2291 -1.60000e+01
2327 -1.50000e+01
2574 -1.40000e+01
2683 -1.30000e+01
2816 -1.20000e+01
2920 -1.10000e+01
3141 -1.00000e+01
3192 -9.00000e+00
3386 -8.00000e+00
3483 -7.00000e+00
3545 -6.00000e+00
3597 -4.00000e+00
3799 -3.00000e+00
3854 -2.00000e+00
4200 -1.00000e+00
4213 +4.65000e+02
4334 +4.76000e+02
4689 +4.77000e+02
4989 +4.96000e+02
5177 +5.00000e+02
6113 +5.07000e+02
6680 +5.15000e+02
7074 +5.20000e+02
7416 +5.25000e+02
7503 +5.27000e+02
7908 +5.29000e+02
9981 +5.29000e+02
"function evaluation" "best-so-far f(x)"
1 -4.90000e+01
15 -4.80000e+01
82 -4.70000e+01
147 -4.60000e+01
155 -4.50000e+01
204 -4.40000e+01
242 -4.30000e+01
320 -4.20000e+01
330 -4.00000e+01
366 -3.90000e+01
435 -3.80000e+01
485 -3.70000e+01
531 -3.60000e+01
536 -3.50000e+01
617 -3.40000e+01
636 -3.30000e+01
775 -3.20000e+01
872 -3.10000e+01
909 -3.00000e+01
915 -2.90000e+01
1020 -2.80000e+01
1094 -2.70000e+01
1155 -2.60000e+01
1186 -2.50000e+01
1243 -2.40000e+01
1288 -2.30000e+01
1358 -2.20000e+01
1409 -2.10000e+01
1414 -2.00000e+01
1495 -1.90000e+01
1610 -1.80000e+01
1618 -1.70000e+01
1822 -1.60000e+01
1903 -1.50000e+01
2023 -1.40000e+01
2112 -1.30000e+01
2284 -1.20000e+01
2320 -1.10000e+01
2504 -1.00000e+01
2538 -9.00000e+00
2623 -8.00000e+00
2654 -6.00000e+00
2720 -5.00000e+00
2862 -4.00000e+00
3065 -3.00000e+00
3081 -2.00000e+00
3303 -1.00000e+00
3404 +4.63000e+02
3671 +4.89000e+02
3754 +4.90000e+02
4529 +4.98000e+02
4693 +5.11000e+02
5238 +5.12000e+02
5990 +5.15000e+02
6035 +5.18000e+02
6479 +5.19000e+02
7783 +5.25000e+02
9044 +5.26000e+02
9536 +5.36000e+02
9777 +5.37000e+02
9981 +5.37000e+02
"function evaluation" "best-so-far f(x)"
1 -4.90000e+01
24 -4.80000e+01
64 -4.70000e+01
112 -4.60000e+01
167 -4.50000e+01
242 -4.40000e+01
277 -4.30000e+01
355 -4.20000e+01
369 -4.10000e+01
440 -4.00000e+01
496 -3.90000e+01
505 -3.80000e+01
527 -3.70000e+01
556 -3.60000e+01
623 -3.50000e+01
681 -3.40000e+01
699 -3.30000e+01
730 -3.20000e+01
782 -3.10000e+01
803 -3.00000e+01
910 -2.90000e+01
934 -2.80000e+01
994 -2.70000e+01
1035 -2.60000e+01
1091 -2.50000e+01
1125 -2.40000e+01
1190 -2.30000e+01
1253 -2.20000e+01
1358 -2.10000e+01
1405 -2.00000e+01
1443 -1.90000e+01
1469 -1.80000e+01
1588 -1.60000e+01
1700 -1.50000e+01
1802 -1.40000e+01
1873 -1.30000e+01
1932 -1.20000e+01
2018 -1.10000e+01
2122 -1.00000e+01
2222 -9.00000e+00
2382 -8.00000e+00
2590 -7.00000e+00
2628 -6.00000e+00
2946 -5.00000e+00
3006 -4.00000e+00
3172 -3.00000e+00
3196 -2.00000e+00
3341 -1.00000e+00
3539 +3.73000e+02
3873 +3.95000e+02
4658 +4.50000e+02
4690 +4.67000e+02
5098 +4.70000e+02
5194 +5.01000e+02
5624 +5.09000e+02
5658 +5.13000e+02
6115 +5.15000e+02
7921 +5.24000e+02
8545 +5.26000e+02
9981 +5.26000e+02
"function evaluation" "best-so-far f(x)"
1 -4.90000e+01
12 -4.80000e+01
18 -4.70000e+01
58 -4.60000e+01
109 -4.50000e+01
129 -4.40000e+01
140 -4.30000e+01
234 -4.20000e+01
265 -4.10000e+01
305 -4.00000e+01
339 -3.90000e+01
391 -3.80000e+01
456 -3.70000e+01
478 -3.60000e+01
485 -3.50000e+01
522 -3.40000e+01
597 -3.30000e+01
657 -3.20000e+01
711 -3.10000e+01
753 -2.90000e+01
821 -2.80000e+01
867 -2.70000e+01
934 -2.60000e+01
1034 -2.50000e+01
1119 -2.40000e+01
1193 -2.30000e+01
1213 -2.20000e+01
1260 -2.10000e+01
1302 -2.00000e+01
1363 -1.90000e+01
1377 -1.80000e+01
1581 -1.70000e+01
1650 -1.60000e+01
1731 -1.50000e+01
1737 -1.40000e+01
1762 -1.30000e+01
1869 -1.20000e+01
2208 -1.10000e+01
2267 -1.00000e+01
2361 -9.00000e+00
2874 -8.00000e+00
2913 -7.00000e+00
3059 -6.00000e+00
3234 -5.00000e+00
3570 -4.00000e+00
3761 -3.00000e+00
3884 -2.00000e+00
3927 -1.00000e+00
4078 +4.62000e+02
4144 +4.74000e+02
4174 +4.88000e+02
4286 +4.96000e+02
4604 +5.01000e+02
4739 +5.04000e+02
5868 +5.08000e+02
6453 +5.15000e+02
7212 +5.17000e+02
7751 +5.18000e+02
7943 +5.21000e+02
9822 +5.28000e+02
9981 +5.28000e+02
"function evaluation" "best-so-far f(x)"
1 -4.90000e+01
9 -4.80000e+01
70 -4.70000e+01
90 -4.60000e+01
120 -4.50000e+01
171 -4.40000e+01
193 -4.30000e+01
246 -4.20000e+01
253 -4.10000e+01
300 -4.00000e+01
434 -3.90000e+01
472 -3.80000e+01
556 -3.70000e+01
583 -3.60000e+01
771 -3.50000e+01
826 -3.40000e+01
880 -3.30000e+01
929 -3.20000e+01
975 -3.10000e+01
1086 -3.00000e+01
1117 -2.90000e+01
1195 -2.80000e+01
1272 -2.70000e+01
1292 -2.60000e+01
1443 -2.50000e+01
1499 -2.40000e+01
1551 -2.30000e+01
1634 -2.20000e+01
1664 -2.10000e+01
1768 -2.00000e+01
1855 -1.90000e+01
1890 -1.80000e+01
1969 -1.70000e+01
1982 -1.60000e+01
2253 -1.50000e+01
2678 -1.40000e+01
2753 -1.30000e+01
2809 -1.20000e+01
2949 -1.10000e+01
2993 -1.00000e+01
3176 -9.00000e+00
3255 -8.00000e+00
3346 -7.00000e+00
3455 -6.00000e+00
3507 -5.00000e+00
3556 -4.00000e+00
3635 -3.00000e+00
3679 -2.00000e+00
3762 -1.00000e+00
3800 +4.68000e+02
4010 +4.71000e+02
4089 +4.83000e+02
4266 +4.89000e+02
4831 +4.90000e+02
4956 +5.03000e+02
6023 +5.08000e+02
6219 +5.09000e+02
6347 +5.19000e+02
8332 +5.22000e+02
9981 +5.22000e+02
"function evaluation" "best-so-far f(x)"
1 -4.90000e+01
4 -4.80000e+01
81 -4.70000e+01
138 -4.60000e+01
218 -4.50000e+01
272 -4.40000e+01
300 -4.30000e+01
401 -4.20000e+01
487 -4.10000e+01
500 -4.00000e+01
563 -3.90000e+01
601 -3.80000e+01
647 -3.70000e+01
708 -3.60000e+01
736 -3.50000e+01
802 -3.40000e+01
824 -3.30000e+01
920 -3.20000e+01
989 -3.10000e+01
1014 -3.00000e+01
1072 -2.90000e+01
1101 -2.70000e+01
1125 -2.50000e+01
1197 -2.40000e+01
1381 -2.30000e+01
1390 -2.20000e+01
1448 -2.10000e+01
1488 -2.00000e+01
1549 -1.90000e+01
1599 -1.80000e+01
1655 -1.70000e+01
1694 -1.60000e+01
1792 -1.50000e+01
1921 -1.40000e+01
2022 -1.30000e+01
2096 -1.20000e+01
2188 -1.10000e+01
2226 -1.00000e+01
2279 -9.00000e+00
2371 -8.00000e+00
2498 -7.00000e+00
2617 -6.00000e+00
2660 -5.00000e+00
2748 -4.00000e+00
2926 -3.00000e+00
3047 -2.00000e+00
3092 -1.00000e+00
3177 +4.43000e+02
3911 +4.67000e+02
4118 +4.79000e+02
4278 +5.04000e+02
4879 +5.15000e+02
4979 +5.17000e+02
5869 +5.18000e+02
7139 +5.19000e+02
7435 +5.24000e+02
7922 +5.30000e+02
9981 +5.30000e+02
"function evaluation" "best-so-far f(x)"
1 -4.90000e+01
17 -4.80000e+01
22 -4.70000e+01
68 -4.60000e+01
100 -4.50000e+01
109 -4.40000e+01
128 -4.30000e+01
199 -4.20000e+01
294 -4.10000e+01
355 -4.00000e+01
379 -3.90000e+01
461 -3.80000e+01
475 -3.60000e+01
503 -3.50000e+01
575 -3.40000e+01
630 -3.30000e+01
796 -3.20000e+01
908 -3.10000e+01
1023 -3.00000e+01
1120 -2.90000e+01
1156 -2.80000e+01
1221 -2.70000e+01
1284 -2.60000e+01
1388 -2.50000e+01
1440 -2.40000e+01
1483 -2.30000e+01
1538 -2.20000e+01
1757 -2.10000e+01
1898 -2.00000e+01
1912 -1.90000e+01
1981 -1.80000e+01
2271 -1.70000e+01
2322 -1.60000e+01
2408 -1.50000e+01
2502 -1.40000e+01
2542 -1.30000e+01
2622 -1.20000e+01
2728 -1.10000e+01
2863 -1.00000e+01
2995 -9.00000e+00
3029 -8.00000e+00
3289 -7.00000e+00
3322 -6.00000e+00
3419 -5.00000e+00
3503 -4.00000e+00
3607 -3.00000e+00
3755 -2.00000e+00
3857 -1.00000e+00
4037 +4.83000e+02
4254 +4.92000e+02
4831 +4.93000e+02
5222 +4.97000e+02
5952 +5.09000e+02
6378 +5.19000e+02
7025 +5.24000e+02
8545 +5.27000e+02
9981 +5.27000e+02
"function evaluation" "best-so-far f(x)"
1 -4.90000e+01
61 -4.80000e+01
112 -4.70000e+01
172 -4.60000e+01
174 -4.50000e+01
203 -4.40000e+01
317 -4.20000e+01
327 -4.10000e+01
461 -4.00000e+01
475 -3.90000e+01
513 -3.80000e+01
543 -3.70000e+01
623 -3.50000e+01
685 -3.40000e+01
728 -3.30000e+01
808 -3.20000e+01
833 -3.10000e+01
898 -3.00000e+01
937 -2.90000e+01
1040 -2.80000e+01
1154 -2.70000e+01
1275 -2.60000e+01
1384 -2.50000e+01
1481 -2.40000e+01
1531 -2.30000e+01
1682 -2.20000e+01
1754 -2.10000e+01
1825 -2.00000e+01
2009 -1.90000e+01
2095 -1.80000e+01
2138 -1.70000e+01
2246 -1.60000e+01
2303 -1.50000e+01
2444 -1.40000e+01
2475 -1.30000e+01
2723 -1.20000e+01
2815 -1.10000e+01
2948 -1.00000e+01
3108 -9.00000e+00
3189 -8.00000e+00
3403 -7.00000e+00
3536 -6.00000e+00
3766 -5.00000e+00
3828 -4.00000e+00
3964 -3.00000e+00
4174 -2.00000e+00
4225 -1.00000e+00
4323 +4.64000e+02
4588 +4.72000e+02
4627 +4.78000e+02
4691 +4.86000e+02
6188 +4.95000e+02
6541 +4.98000e+02
6577 +5.10000e+02
6586 +5.13000e+02
8311 +5.19000e+02
9981 +5.19000e+02
"function evaluation" "best-so-far f(x)"
1 -4.90000e+01
7 -4.80000e+01
54 -4.70000e+01
98 -4.60000e+01
129 -4.50000e+01
186 -4.30000e+01
273 -4.20000e+01
369 -4.10000e+01
409 -4.00000e+01
431 -3.90000e+01
492 -3.80000e+01
625 -3.70000e+01
675 -3.60000e+01
718 -3.50000e+01
773 -3.40000e+01
816 -3.30000e+01
831 -3.20000e+01
876 -3.10000e+01
898 -3.00000e+01
963 -2.90000e+01
1015 -2.80000e+01
1051 -2.70000e+01
1078 -2.60000e+01
1161 -2.50000e+01
1198 -2.40000e+01
1216 -2.30000e+01
1254 -2.20000e+01
1307 -2.10000e+01
1372 -2.00000e+01
1388 -1.90000e+01
1479 -1.80000e+01
1650 -1.70000e+01
1669 -1.60000e+01
1739 -1.50000e+01
1862 -1.40000e+01
1971 -1.30000e+01
2127 -1.20000e+01
2177 -1.10000e+01
2238 -1.00000e+01
2263 -9.00000e+00
2278 -8.00000e+00
2314 -7.00000e+00
2387 -6.00000e+00
2468 -5.00000e+00
2515 -4.00000e+00
2551 -3.00000e+00
2738 -2.00000e+00
2822 -1.00000e+00
2888 +4.90000e+02
2983 +5.01000e+02
3346 +5.14000e+02
3806 +5.18000e+02
6114 +5.23000e+02
6257 +5.28000e+02
6605 +5.32000e+02
9981 +5.32000e+02
"function evaluation" "best-so-far f(x)"
1 -4.90000e+01
93 -4.80000e+01
95 -4.70000e+01
139 -4.60000e+01
163 -4.50000e+01
202 -4.40000e+01
222 -4.30000e+01
272 -4.20000e+01
299 -4.10000e+01
372 -4.00000e+01
384 -3.90000e+01
430 -3.80000e+01
568 -3.70000e+01
624 -3.60000e+01
645 -3.50000e+01
705 -3.40000e+01
789 -3.30000e+01
843 -3.20000e+01
894 -3.10000e+01
941 -3.00000e+01
1029 -2.90000e+01
1128 -2.80000e+01
1232 -2.70000e+01
1260 -2.60000e+01
1342 -2.40000e+01
1386 -2.30000e+01
1466 -2.20000e+01
1525 -2.10000e+01
1570 -2.00000e+01
1650 -1.90000e+01
1704 -1.80000e+01
1767 -1.70000e+01
1821 -1.60000e+01
1873 -1.50000e+01
1973 -1.40000e+01
2067 -1.30000e+01
2142 -1.20000e+01
2215 -1.10000e+01
2265 -1.00000e+01
2403 -9.00000e+00
2572 -8.00000e+00
2712 -7.00000e+00
2736 -6.00000e+00
2763 -5.00000e+00
2851 -4.00000e+00
3221 -3.00000e+00
3586 -2.00000e+00
3845 -1.00000e+00
3926 +4.20000e+02
3927 +4.45000e+02
5155 +4.59000e+02
5211 +4.74000e+02
6149 +4.85000e+02
6566 +4.91000e+02
7385 +4.98000e+02
7484 +5.11000e+02
7888 +5.17000e+02
8903 +5.19000e+02
9981 +5.19000e+02
"function evaluation" "best-so-far f(x)"
1 -4.90000e+01
11 -4.80000e+01
80 -4.70000e+01
130 -4.60000e+01
145 -4.50000e+01
225 -4.40000e+01
251 -4.20000e+01
325 -4.10000e+01
327 -4.00000e+01
409 -3.90000e+01
517 -3.80000e+01
543 -3.70000e+01
572 -3.60000e+01
650 -3.50000e+01
703 -3.40000e+01
730 -3.30000e+01
810 -3.20000e+01
834 -3.10000e+01
856 -3.00000e+01
944 -2.90000e+01
968 -2.80000e+01
1048 -2.70000e+01
1176 -2.60000e+01
1182 -2.50000e+01
1229 -2.40000e+01
1286 -2.30000e+01
1350 -2.20000e+01
1462 -2.10000e+01
1506 -2.00000e+01
1573 -1.90000e+01
1613 -1.80000e+01
1748 -1.70000e+01
1851 -1.60000e+01
1882 -1.50000e+01
1976 -1.40000e+01
2135 -1.30000e+01
2256 -1.20000e+01
2410 -1.10000e+01
2508 -1.00000e+01
2651 -9.00000e+00
2786 -8.00000e+00
2837 -7.00000e+00
2932 -6.00000e+00
3111 -5.00000e+00
3237 -4.00000e+00
3277 -3.00000e+00
3574 -2.00000e+00
3600 -1.00000e+00
3716 +4.57000e+02
3791 +4.76000e+02
4646 +4.78000e+02
4951 +4.98000e+02
5684 +5.03000e+02
5836 +5.13000e+02
6204 +5.14000e+02
7610 +5.25000e+02
8067 +5.33000e+02
9981 +5.33000e+02
"function evaluation" "best-so-far f(x)"
1 -4.90000e+01
15 -4.80000e+01
88 -4.70000e+01
113 -4.60000e+01
238 -4.50000e+01
251 -4.40000e+01
289 -4.30000e+01
384 -4.10000e+01
416 -4.00000e+01
466 -3.90000e+01
513 -3.80000e+01
523 -3.70000e+01
545 -3.60000e+01
604 -3.50000e+01
665 -3.40000e+01
723 -3.30000e+01
802 -3.10000e+01
829 -3.00000e+01
944 -2.90000e+01
976 -2.80000e+01
1005 -2.70000e+01
1037 -2.60000e+01
1140 -2.50000e+01
1172 -2.40000e+01
1211 -2.30000e+01
1316 -2.20000e+01
1403 -2.10000e+01
1491 -2.00000e+01
1593 -1.90000e+01
1655 -1.80000e+01
1686 -1.70000e+01
1805 -1.60000e+01
1851 -1.50000e+01
1865 -1.40000e+01
1884 -1.30000e+01
1972 -1.20000e+01
2003 -1.10000e+01
2026 -1.00000e+01
2048 -9.00000e+00
2088 -8.00000e+00
2170 -7.00000e+00
2500 -6.00000e+00
2718 -5.00000e+00
2723 -4.00000e+00
2911 -3.00000e+00
2946 -2.00000e+00
3038 -1.00000e+00
3154 +4.61000e+02
3233 +4.76000e+02
4214 +4.80000e+02
4565 +4.86000e+02
5474 +5.03000e+02
5475 +5.19000e+02
6701 +5.24000e+02
8244 +5.34000e+02
9486 +5.35000e+02
9981 +5.35000e+02
"function evaluation" "best-so-far f(x)"
1 -4.90000e+01
20 -4.80000e+01
62 -4.70000e+01
131 -4.60000e+01
196 -4.50000e+01
249 -4.40000e+01
250 -4.30000e+01
312 -4.20000e+01
376 -4.10000e+01
412 -4.00000e+01
449 -3.90000e+01
469 -3.80000e+01
575 -3.70000e+01
707 -3.60000e+01
776 -3.50000e+01
809 -3.40000e+01
896 -3.30000e+01
949 -3.20000e+01
992 -3.10000e+01
1034 -3.00000e+01
1068 -2.90000e+01
1110 -2.80000e+01
1118 -2.70000e+01
1171 -2.60000e+01
1284 -2.50000e+01
1336 -2.40000e+01
1408 -2.30000e+01
1449 -2.20000e+01
1521 -2.10000e+01
1611 -2.00000e+01
1781 -1.90000e+01
1813 -1.80000e+01
1887 -1.70000e+01
1956 -1.60000e+01
2067 -1.50000e+01
2116 -1.40000e+01
2195 -1.30000e+01
2217 -1.20000e+01
2259 -1.10000e+01
2369 -1.00000e+01
2470 -9.00000e+00
2500 -8.00000e+00
2556 -7.00000e+00
2571 -6.00000e+00
2615 -5.00000e+00
2877 -4.00000e+00
3242 -3.00000e+00
3303 -2.00000e+00
3606 -1.00000e+00
3691 +4.51000e+02
3743 +4.53000e+02
3761 +4.87000e+02
4173 +4.96000e+02
4618 +5.06000e+02
4742 +5.08000e+02
4954 +5.09000e+02
5264 +5.12000e+02
5382 +5.15000e+02
7120 +5.16000e+02
7884 +5.18000e+02
8411 +5.25000e+02
9438 +5.26000e+02
9981 +5.26000e+02
"function evaluation" "best-so-far f(x)"
1 -4.90000e+01
60 -4.80000e+01
85 -4.70000e+01
104 -4.60000e+01
174 -4.50000e+01
223 -4.40000e+01
264 -4.30000e+01
267 -4.20000e+01
281 -4.10000e+01
307 -4.00000e+01
324 -3.90000e+01
373 -3.80000e+01
409 -3.70000e+01
483 -3.60000e+01
532 -3.50000e+01
550 -3.30000e+01
604 -3.20000e+01
702 -3.10000e+01
873 -3.00000e+01
942 -2.90000e+01
1033 -2.80000e+01
1087 -2.70000e+01
1144 -2.60000e+01
1195 -2.40000e+01
1361 -2.30000e+01
1363 -2.20000e+01
1439 -2.10000e+01
1493 -2.00000e+01
1519 -1.90000e+01
1569 -1.80000e+01
1646 -1.70000e+01
1717 -1.60000e+01
1772 -1.50000e+01
1835 -1.40000e+01
1898 -1.30000e+01
2062 -1.20000e+01
2176 -1.10000e+01
2247 -1.00000e+01
2306 -9.00000e+00
2430 -8.00000e+00
2495 -6.00000e+00
2794 -5.00000e+00
2853 -4.00000e+00
2925 -3.00000e+00
2955 -2.00000e+00
3069 -1.00000e+00
3524 +4.73000e+02
3605 +4.77000e+02
3691 +4.80000e+02
3699 +4.94000e+02
4285 +5.00000e+02
4378 +5.13000e+02
4579 +5.20000e+02
5153 +5.30000e+02
5996 +5.31000e+02
9526 +5.32000e+02
9612 +5.34000e+02
9981 +5.34000e+02
"function evaluation" "best-so-far f(x)"
1 -4.90000e+01
18 -4.80000e+01
93 -4.70000e+01
99 -4.60000e+01
143 -4.50000e+01
191 -4.40000e+01
259 -4.30000e+01
306 -4.20000e+01
378 -4.10000e+01
453 -4.00000e+01
512 -3.90000e+01
571 -3.80000e+01
677 -3.70000e+01
774 -3.60000e+01
806 -3.50000e+01
923 -3.40000e+01
927 -3.30000e+01
946 -3.20000e+01
1018 -3.10000e+01
1118 -3.00000e+01
1221 -2.90000e+01
1293 -2.80000e+01
1375 -2.70000e+01
1439 -2.60000e+01
1495 -2.50000e+01
1584 -2.40000e+01
1711 -2.30000e+01
1733 -2.20000e+01
1904 -2.10000e+01
1947 -2.00000e+01
1958 -1.90000e+01
1987 -1.80000e+01
2000 -1.70000e+01
2153 -1.60000e+01
2165 -1.50000e+01
2240 -1.40000e+01
2281 -1.30000e+01
2514 -1.20000e+01
2613 -1.10000e+01
2714 -1.00000e+01
2780 -9.00000e+00
2840 -8.00000e+00
2919 -7.00000e+00
3125 -6.00000e+00
3152 -5.00000e+00
3389 -4.00000e+00
3415 -3.00000e+00
3653 -2.00000e+00
3975 -1.00000e+00
4080 +4.62000e+02
4421 +4.78000e+02
4798 +4.79000e+02
5188 +4.91000e+02
5221 +5.12000e+02
6109 +5.18000e+02
6596 +5.25000e+02
7827 +5.28000e+02
8566 +5.34000e+02
9070 +5.43000e+02
9981 +5.43000e+02
"function evaluation" "best-so-far f(x)"
1 -4.90000e+01
26 -4.80000e+01
74 -4.70000e+01
150 -4.60000e+01
220 -4.50000e+01
275 -4.40000e+01
327 -4.30000e+01
363 -4.20000e+01
457 -4.10000e+01
483 -4.00000e+01
553 -3.90000e+01
560 -3.80000e+01
590 -3.70000e+01
633 -3.60000e+01
661 -3.50000e+01
667 -3.40000e+01
717 -3.30000e+01
760 -3.20000e+01
768 -3.10000e+01
834 -3.00000e+01
943 -2.90000e+01
989 -2.70000e+01
1050 -2.60000e+01
1137 -2.50000e+01
1427 -2.40000e+01
1559 -2.30000e+01
1623 -2.20000e+01
1629 -2.10000e+01
1680 -2.00000e+01
1681 -1.90000e+01
1719 -1.80000e+01
1769 -1.70000e+01
1800 -1.60000e+01
1801 -1.50000e+01
1813 -1.40000e+01
1838 -1.30000e+01
1977 -1.20000e+01
2022 -1.10000e+01
2072 -1.00000e+01
2285 -9.00000e+00
2552 -8.00000e+00
2917 -7.00000e+00
3082 -6.00000e+00
3439 -5.00000e+00
3663 -4.00000e+00
3721 -3.00000e+00
3803 -2.00000e+00
3886 -1.00000e+00
4196 +4.86000e+02
4370 +4.93000e+02
5005 +5.00000e+02
5085 +5.04000e+02
5945 +5.08000e+02
6181 +5.10000e+02
7623 +5.13000e+02
9297 +5.16000e+02
9981 +5.16000e+02
"function evaluation" "best-so-far f(x)"
1 -4.90000e+01
20 -4.80000e+01
83 -4.70000e+01
298 -4.60000e+01
342 -4.50000e+01
384 -4.40000e+01
440 -4.30000e+01
566 -4.20000e+01
652 -4.10000e+01
690 -3.90000e+01
791 -3.80000e+01
823 -3.70000e+01
831 -3.60000e+01
864 -3.50000e+01
890 -3.40000e+01
927 -3.30000e+01
1019 -3.20000e+01
1179 -3.10000e+01
1219 -3.00000e+01
1285 -2.90000e+01
1338 -2.80000e+01
1376 -2.70000e+01
1400 -2.60000e+01
1467 -2.50000e+01
1596 -2.40000e+01
1632 -2.30000e+01
1684 -2.20000e+01
1770 -2.10000e+01
1868 -2.00000e+01
1924 -1.90000e+01
1971 -1.80000e+01
2016 -1.70000e+01
2174 -1.60000e+01
2240 -1.50000e+01
2316 -1.40000e+01
2372 -1.30000e+01
2412 -1.20000e+01
2503 -1.10000e+01
2653 -1.00000e+01
2741 -9.00000e+00
2890 -8.00000e+00
3031 -7.00000e+00
3103 -6.00000e+00
3126 -5.00000e+00
3359 -4.00000e+00
3533 -3.00000e+00
3600 -2.00000e+00
3734 -1.00000e+00
3858 +4.46000e+02
3891 +4.71000e+02
4117 +4.73000e+02
5378 +4.89000e+02
5639 +4.98000e+02
5789 +5.05000e+02
6755 +5.08000e+02
6932 +5.13000e+02
6998 +5.19000e+02
7083 +5.20000e+02
7676 +5.26000e+02
9981 +5.26000e+02
"function evaluation" "best-so-far f(x)"
1 -4.90000e+01
11 -4.80000e+01
30 -4.70000e+01
72 -4.60000e+01
98 -4.50000e+01
213 -4.40000e+01
223 -4.30000e+01
234 -4.20000e+01
283 -4.10000e+01
343 -4.00000e+01
464 -3.90000e+01
493 -3.80000e+01
543 -3.70000e+01
566 -3.60000e+01
595 -3.50000e+01
640 -3.40000e+01
683 -3.30000e+01
725 -3.20000e+01
778 -3.10000e+01
851 -3.00000e+01
874 -2.90000e+01
985 -2.80000e+01
1042 -2.70000e+01
1202 -2.60000e+01
1262 -2.50000e+01
1315 -2.40000e+01
1352 -2.30000e+01
1362 -2.20000e+01
1434 -2.10000e+01
1651 -2.00000e+01
1677 -1.90000e+01
1721 -1.80000e+01
1865 -1.70000e+01
1871 -1.60000e+01
1988 -1.50000e+01
2101 -1.40000e+01
2177 -1.30000e+01
2196 -1.20000e+01
2313 -1.10000e+01
2430 -1.00000e+01
2479 -9.00000e+00
2649 -8.00000e+00
2671 -7.00000e+00
2746 -6.00000e+00
2863 -5.00000e+00
2908 -4.00000e+00
3048 -3.00000e+00
3068 -2.00000e+00
3133 -1.00000e+00
3696 +4.66000e+02
4178 +4.73000e+02
4288 +4.74000e+02
4404 +4.81000e+02
4409 +4.85000e+02
4432 +5.03000e+02
5049 +5.04000e+02
5355 +5.17000e+02
5649 +5.33000e+02
7121 +5.34000e+02
8305 +5.39000e+02
9981 +5.39000e+02
"function evaluation" "best-so-far f(x)"
1 -4.90000e+01
6 -4.80000e+01
46 -4.70000e+01
73 -4.60000e+01
138 -4.50000e+01
173 -4.40000e+01
181 -4.30000e+01
312 -4.20000e+01
364 -4.10000e+01
384 -4.00000e+01
409 -3.90000e+01
420 -3.80000e+01
436 -3.70000e+01
440 -3.60000e+01
458 -3.50000e+01
504 -3.40000e+01
514 -3.30000e+01
598 -3.20000e+01
642 -3.10000e+01
733 -3.00000e+01
769 -2.90000e+01
869 -2.80000e+01
899 -2.70000e+01
917 -2.60000e+01
1021 -2.50000e+01
1060 -2.40000e+01
1099 -2.30000e+01
1106 -2.20000e+01
1220 -2.10000e+01
1254 -2.00000e+01
1371 -1.90000e+01
1545 -1.80000e+01
1593 -1.70000e+01
1631 -1.60000e+01
1681 -1.50000e+01
1776 -1.40000e+01
1944 -1.30000e+01
2002 -1.20000e+01
2056 -1.10000e+01
2184 -1.00000e+01
2237 -9.00000e+00
2286 -8.00000e+00
2755 -7.00000e+00
2924 -6.00000e+00
3322 -5.00000e+00
3431 -4.00000e+00
3580 -3.00000e+00
3714 -2.00000e+00
3795 -1.00000e+00
4019 +4.64000e+02
4118 +4.76000e+02
4324 +4.80000e+02
4414 +4.86000e+02
4519 +5.11000e+02
4565 +5.17000e+02
5158 +5.25000e+02
5361 +5.26000e+02
5718 +5.29000e+02
6612 +5.32000e+02
7502 +5.33000e+02
9981 +5.33000e+02
"function evaluation" "best-so-far f(x)"
1 -4.90000e+01
13 -4.80000e+01
38 -4.70000e+01
44 -4.60000e+01
59 -4.50000e+01
124 -4.40000e+01
164 -4.30000e+01
203 -4.20000e+01
231 -4.10000e+01
271 -4.00000e+01
369 -3.90000e+01
381 -3.80000e+01
449 -3.70000e+01
558 -3.60000e+01
582 -3.50000e+01
625 -3.40000e+01
642 -3.30000e+01
678 -3.20000e+01
732 -3.10000e+01
804 -3.00000e+01
871 -2.90000e+01
875 -2.80000e+01
990 -2.70000e+01
1054 -2.60000e+01
1067 -2.50000e+01
1168 -2.40000e+01
1211 -2.30000e+01
1317 -2.20000e+01
1395 -2.10000e+01
1448 -2.00000e+01
1557 -1.90000e+01
1583 -1.80000e+01
1606 -1.70000e+01
1671 -1.60000e+01
1765 -1.50000e+01
1863 -1.40000e+01
1963 -1.30000e+01
2298 -1.20000e+01
2416 -1.10000e+01
2444 -1.00000e+01
2566 -9.00000e+00
2601 -8.00000e+00
2718 -7.00000e+00
2869 -6.00000e+00
2883 -5.00000e+00
3074 -4.00000e+00
3112 -3.00000e+00
3247 -2.00000e+00
3536 -1.00000e+00
3982 +4.93000e+02
3984 +5.07000e+02
4527 +5.08000e+02
5038 +5.13000e+02
5222 +5.23000e+02
5485 +5.31000e+02
7435 +5.33000e+02
7943 +5.34000e+02
8833 +5.37000e+02
9981 +5.37000e+02
"function evaluation" "best-so-far f(x)"
1 -4.90000e+01
3 -4.80000e+01
52 -4.70000e+01
138 -4.60000e+01
154 -4.50000e+01
173 -4.40000e+01
200 -4.30000e+01
255 -4.20000e+01
324 -4.10000e+01
353 -4.00000e+01
359 -3.90000e+01
476 -3.70000e+01
524 -3.60000e+01
609 -3.50000e+01
689 -3.40000e+01
759 -3.30000e+01
817 -3.20000e+01
860 -3.10000e+01
952 -3.00000e+01
970 -2.90000e+01
1029 -2.80000e+01
1058 -2.70000e+01
1125 -2.60000e+01
1189 -2.50000e+01
1212 -2.40000e+01
1252 -2.30000e+01
1311 -2.20000e+01
1353 -2.10000e+01
1493 -2.00000e+01
1564 -1.90000e+01
1631 -1.80000e+01
1661 -1.70000e+01
1689 -1.60000e+01
1767 -1.50000e+01
1793 -1.40000e+01
1879 -1.30000e+01
2002 -1.20000e+01
2043 -1.10000e+01
2113 -1.00000e+01
2239 -9.00000e+00
2325 -8.00000e+00
2548 -7.00000e+00
2715 -6.00000e+00
2774 -5.00000e+00
2848 -4.00000e+00
2990 -3.00000e+00
3124 -1.00000e+00
3166 +4.56000e+02
3210 +4.69000e+02
3249 +5.04000e+02
3461 +5.05000e+02
3712 +5.10000e+02
3937 +5.21000e+02
5812 +5.24000e+02
6490 +5.26000e+02
7050 +5.27000e+02
8407 +5.28000e+02
9981 +5.28000e+02
"function evaluation" "best-so-far f(x)"
1 -4.90000e+01
15 -4.80000e+01
55 -4.70000e+01
136 -4.60000e+01
201 -4.50000e+01
234 -4.40000e+01
296 -4.30000e+01
341 -4.10000e+01
392 -4.00000e+01
516 -3.90000e+01
530 -3.80000e+01
533 -3.70000e+01
669 -3.60000e+01
726 -3.50000e+01
738 -3.40000e+01
775 -3.30000e+01
798 -3.20000e+01
867 -3.10000e+01
875 -3.00000e+01
916 -2.90000e+01
1024 -2.80000e+01
1050 -2.70000e+01
1203 -2.60000e+01
1250 -2.50000e+01
1305 -2.40000e+01
1347 -2.30000e+01
1492 -2.20000e+01
1561 -2.10000e+01
1594 -2.00000e+01
1739 -1.90000e+01
1809 -1.80000e+01
1856 -1.70000e+01
1897 -1.60000e+01
1935 -1.50000e+01
2021 -1.40000e+01
2093 -1.30000e+01
2147 -1.20000e+01
2201 -1.10000e+01
2227 -1.00000e+01
2287 -9.00000e+00
2418 -8.00000e+00
2472 -7.00000e+00
2475 -6.00000e+00
2681 -5.00000e+00
2770 -4.00000e+00
3059 -3.00000e+00
3073 -2.00000e+00
3319 -1.00000e+00
3339 +4.86000e+02
3563 +4.99000e+02
3723 +5.03000e+02
3815 +5.08000e+02
4562 +5.14000e+02
5288 +5.20000e+02
7513 +5.21000e+02
9454 +5.25000e+02
9981 +5.25000e+02
