"function evaluation" "best-so-far f(x)"
1 -3.93000e+02
97 -3.92000e+02
106 -3.91000e+02
188 -3.90000e+02
229 -3.89000e+02
306 -3.88000e+02
354 -3.86000e+02
398 -3.85000e+02
489 -3.84000e+02
557 -3.83000e+02
625 -3.82000e+02
779 -3.81000e+02
911 -3.80000e+02
930 -3.79000e+02
1010 -3.78000e+02
1021 -3.77000e+02
1093 -3.76000e+02
1101 -3.75000e+02
1109 -3.74000e+02
1151 -3.73000e+02
1163 -3.71000e+02
1269 -3.70000e+02
1309 -3.69000e+02
1318 -3.68000e+02
1360 -3.67000e+02
1388 -3.66000e+02
1494 -3.65000e+02
1535 -3.64000e+02
1539 -3.63000e+02
1650 -3.62000e+02
1775 -3.61000e+02
1778 -3.60000e+02
1921 -3.59000e+02
2051 -3.58000e+02
2106 -3.57000e+02
2169 -3.56000e+02
2222 -3.55000e+02
2333 -3.54000e+02
2503 -3.52000e+02
2726 -3.51000e+02
2728 -3.50000e+02
2822 -3.49000e+02
2903 -3.48000e+02
3074 -3.47000e+02
3086 -3.46000e+02
3153 -3.45000e+02
3167 -3.44000e+02
3206 -3.43000e+02
3229 -3.42000e+02
3305 -3.41000e+02
3356 -3.40000e+02
3415 -3.39000e+02
3535 -3.38000e+02
3572 -3.37000e+02
3597 -3.36000e+02
3646 -3.35000e+02
3671 -3.34000e+02
3823 -3.33000e+02
3861 -3.32000e+02
3953 -3.31000e+02
3978 -3.30000e+02
4027 -3.29000e+02
4198 -3.28000e+02
4297 -3.27000e+02
4382 -3.26000e+02
4594 -3.25000e+02
4599 -3.24000e+02
4679 -3.23000e+02
4693 -3.22000e+02
4762 -3.21000e+02
4848 -3.20000e+02
4930 -3.19000e+02
5031 -3.18000e+02
5128 -3.17000e+02
5190 -3.15000e+02
5208 -3.14000e+02
5337 -3.13000e+02
5552 -3.12000e+02
5571 -3.11000e+02
5629 -3.09000e+02
5771 -3.08000e+02
5884 -3.07000e+02
5913 -3.06000e+02
6050 -3.05000e+02
6159 -3.04000e+02
6197 -3.03000e+02
6221 -3.02000e+02
6376 -3.01000e+02
6405 -3.00000e+02
6462 -2.99000e+02
6470 -2.98000e+02
6566 -2.97000e+02
6583 -2.96000e+02
6683 -2.95000e+02
6703 -2.94000e+02
6853 -2.93000e+02
6924 -2.92000e+02
7114 -2.91000e+02
7186 -2.90000e+02
7237 -2.89000e+02
7307 -2.88000e+02
7412 -2.87000e+02
7488 -2.86000e+02
7555 -2.85000e+02
7648 -2.84000e+02
7694 -2.83000e+02
7798 -2.81000e+02
8103 -2.80000e+02
8232 -2.79000e+02
8389 -2.78000e+02
8416 -2.77000e+02
8447 -2.76000e+02
8460 -2.75000e+02
8503 -2.74000e+02
8629 -2.72000e+02
8701 -2.71000e+02
8773 -2.70000e+02
8854 -2.69000e+02
8933 -2.68000e+02
8941 -2.67000e+02
8972 -2.66000e+02
9140 -2.64000e+02
9268 -2.63000e+02
9293 -2.62000e+02
9401 -2.61000e+02
9453 -2.60000e+02
9589 -2.59000e+02
9690 -2.58000e+02
9794 -2.57000e+02
9849 -2.55000e+02
9914 -2.54000e+02
9923 -2.53000e+02
9981 -2.53000e+02
"function evaluation" "best-so-far f(x)"
1 -3.93000e+02
2 -3.92000e+02
43 -3.91000e+02
98 -3.90000e+02
178 -3.89000e+02
249 -3.88000e+02
317 -3.87000e+02
415 -3.86000e+02
426 -3.85000e+02
443 -3.84000e+02
530 -3.83000e+02
574 -3.82000e+02
583 -3.81000e+02
620 -3.80000e+02
745 -3.79000e+02
764 -3.78000e+02
774 -3.77000e+02
819 -3.76000e+02
846 -3.75000e+02
850 -3.74000e+02
935 -3.73000e+02
957 -3.72000e+02
1005 -3.71000e+02
1033 -3.70000e+02
1165 -3.69000e+02
1243 -3.66000e+02
1397 -3.65000e+02
1441 -3.64000e+02
1573 -3.63000e+02
1605 -3.62000e+02
1633 -3.61000e+02
1700 -3.60000e+02
1740 -3.59000e+02
1755 -3.58000e+02
1827 -3.57000e+02
1890 -3.56000e+02
1919 -3.55000e+02
1953 -3.54000e+02
1995 -3.53000e+02
2080 -3.52000e+02
2185 -3.51000e+02
2223 -3.49000e+02
2295 -3.48000e+02
2337 -3.47000e+02
2355 -3.46000e+02
2414 -3.45000e+02
2454 -3.43000e+02
2503 -3.42000e+02
2807 -3.41000e+02
2868 -3.40000e+02
2934 -3.39000e+02
3032 -3.38000e+02
3048 -3.37000e+02
3066 -3.36000e+02
3227 -3.35000e+02
3358 -3.34000e+02
3382 -3.33000e+02
3447 -3.32000e+02
3472 -3.31000e+02
3510 -3.30000e+02
3584 -3.29000e+02
3634 -3.28000e+02
3746 -3.27000e+02
3774 -3.26000e+02
3925 -3.25000e+02
4005 -3.24000e+02
4165 -3.23000e+02
4286 -3.22000e+02
4411 -3.21000e+02
4434 -3.20000e+02
4474 -3.19000e+02
4532 -3.18000e+02
4562 -3.17000e+02
4627 -3.16000e+02
4651 -3.15000e+02
4742 -3.14000e+02
4832 -3.13000e+02
4838 -3.12000e+02
4870 -3.11000e+02
4892 -3.10000e+02
4976 -3.09000e+02
5047 -3.08000e+02
5070 -3.07000e+02
5108 -3.06000e+02
5124 -3.05000e+02
5243 -3.04000e+02
5329 -3.03000e+02
5360 -3.02000e+02
5398 -3.01000e+02
5486 -3.00000e+02
5591 -2.99000e+02
5604 -2.98000e+02
5645 -2.97000e+02
5688 -2.96000e+02
5800 -2.95000e+02
5887 -2.94000e+02
5956 -2.93000e+02
6093 -2.92000e+02
6099 -2.91000e+02
6135 -2.90000e+02
6233 -2.89000e+02
6310 -2.88000e+02
6421 -2.87000e+02
6477 -2.86000e+02
6535 -2.85000e+02
6668 -2.84000e+02
6722 -2.83000e+02
6832 -2.82000e+02
6871 -2.81000e+02
6921 -2.80000e+02
6952 -2.79000e+02
7030 -2.78000e+02
7233 -2.77000e+02
7253 -2.76000e+02
7317 -2.75000e+02
7426 -2.74000e+02
7485 -2.73000e+02
7507 -2.72000e+02
7550 -2.71000e+02
7828 -2.70000e+02
7867 -2.69000e+02
7907 -2.68000e+02
7960 -2.67000e+02
8021 -2.66000e+02
8060 -2.65000e+02
8098 -2.64000e+02
8193 -2.63000e+02
8302 -2.62000e+02
8309 -2.61000e+02
8319 -2.60000e+02
8357 -2.59000e+02
8425 -2.58000e+02
8554 -2.57000e+02
8599 -2.56000e+02
8798 -2.55000e+02
8864 -2.54000e+02
8879 -2.53000e+02
8917 -2.52000e+02
8989 -2.51000e+02
9032 -2.50000e+02
9068 -2.49000e+02
9105 -2.48000e+02
9168 -2.47000e+02
9236 -2.46000e+02
9274 -2.45000e+02
9318 -2.43000e+02
9408 -2.42000e+02
9482 -2.41000e+02
9564 -2.40000e+02
9810 -2.39000e+02
9818 -2.38000e+02
9900 -2.37000e+02
9952 -2.36000e+02
9981 -2.36000e+02
"function evaluation" "best-so-far f(x)"
1 -3.93000e+02
22 -3.92000e+02
74 -3.91000e+02
78 -3.90000e+02
120 -3.89000e+02
258 -3.87000e+02
323 -3.86000e+02
440 -3.85000e+02
479 -3.84000e+02
501 -3.83000e+02
509 -3.82000e+02
524 -3.81000e+02
588 -3.80000e+02
640 -3.79000e+02
715 -3.78000e+02
747 -3.77000e+02
778 -3.76000e+02
851 -3.75000e+02
919 -3.74000e+02
998 -3.73000e+02
1095 -3.72000e+02
1171 -3.70000e+02
1180 -3.69000e+02
1227 -3.68000e+02
1263 -3.67000e+02
1330 -3.66000e+02
1364 -3.65000e+02
1378 -3.64000e+02
1486 -3.63000e+02
1496 -3.62000e+02
1563 -3.61000e+02
1605 -3.60000e+02
1624 -3.59000e+02
1655 -3.58000e+02
1821 -3.57000e+02
1846 -3.56000e+02
1903 -3.55000e+02
1938 -3.53000e+02
2058 -3.52000e+02
2100 -3.50000e+02
2143 -3.49000e+02
2242 -3.47000e+02
2287 -3.46000e+02
2306 -3.45000e+02
2330 -3.44000e+02
2347 -3.43000e+02
2349 -3.42000e+02
2399 -3.41000e+02
2453 -3.40000e+02
2554 -3.39000e+02
2635 -3.38000e+02
2710 -3.37000e+02
2741 -3.36000e+02
2817 -3.35000e+02
2863 -3.34000e+02
2953 -3.33000e+02
3015 -3.32000e+02
3136 -3.31000e+02
3250 -3.30000e+02
3489 -3.29000e+02
3575 -3.28000e+02
3613 -3.27000e+02
3635 -3.26000e+02
3734 -3.25000e+02
3770 -3.24000e+02
3868 -3.23000e+02
3971 -3.22000e+02
4153 -3.21000e+02
4175 -3.20000e+02
4255 -3.19000e+02
4322 -3.18000e+02
4421 -3.17000e+02
4604 -3.16000e+02
4667 -3.15000e+02
4697 -3.14000e+02
4844 -3.13000e+02
4853 -3.12000e+02
4971 -3.11000e+02
5014 -3.10000e+02
5025 -3.09000e+02
5058 -3.08000e+02
5171 -3.07000e+02
5212 -3.06000e+02
5263 -3.05000e+02
5321 -3.04000e+02
5416 -3.03000e+02
5446 -3.02000e+02
5473 -3.01000e+02
5480 -3.00000e+02
5587 -2.99000e+02
5695 -2.98000e+02
5732 -2.97000e+02
5846 -2.96000e+02
5883 -2.95000e+02
5896 -2.93000e+02
5960 -2.92000e+02
6156 -2.91000e+02
6216 -2.90000e+02
6245 -2.89000e+02
6364 -2.88000e+02
6518 -2.87000e+02
6579 -2.86000e+02
6811 -2.85000e+02
6839 -2.84000e+02
6888 -2.83000e+02
6957 -2.82000e+02
7068 -2.81000e+02
7142 -2.80000e+02
7237 -2.79000e+02
7241 -2.78000e+02
7276 -2.77000e+02
7309 -2.76000e+02
7318 -2.75000e+02
7400 -2.74000e+02
7416 -2.73000e+02
7532 -2.72000e+02
7555 -2.71000e+02
7668 -2.70000e+02
7709 -2.69000e+02
7753 -2.68000e+02
7759 -2.67000e+02
7931 -2.66000e+02
8015 -2.65000e+02
8068 -2.64000e+02
8207 -2.63000e+02
8213 -2.62000e+02
8246 -2.61000e+02
8374 -2.60000e+02
8391 -2.59000e+02
8409 -2.58000e+02
8475 -2.57000e+02
8523 -2.56000e+02
8714 -2.55000e+02
8731 -2.54000e+02
8797 -2.53000e+02
8838 -2.52000e+02
8855 -2.51000e+02
8883 -2.50000e+02
8995 -2.49000e+02
9023 -2.48000e+02
9037 -2.47000e+02
9108 -2.46000e+02
9272 -2.45000e+02
9352 -2.44000e+02
9391 -2.43000e+02
9472 -2.42000e+02
9548 -2.41000e+02
9596 -2.40000e+02
9650 -2.39000e+02
9766 -2.38000e+02
9811 -2.37000e+02
9844 -2.36000e+02
9981 -2.36000e+02
"function evaluation" "best-so-far f(x)"
1 -3.93000e+02
18 -3.92000e+02
44 -3.91000e+02
102 -3.90000e+02
172 -3.89000e+02
323 -3.88000e+02
356 -3.87000e+02
368 -3.86000e+02
384 -3.85000e+02
413 -3.84000e+02
486 -3.83000e+02
543 -3.82000e+02
603 -3.81000e+02
762 -3.80000e+02
843 -3.79000e+02
867 -3.78000e+02
913 -3.77000e+02
926 -3.75000e+02
944 -3.74000e+02
1003 -3.73000e+02
1063 -3.72000e+02
1119 -3.71000e+02
1190 -3.70000e+02
1256 -3.69000e+02
1265 -3.68000e+02
1419 -3.67000e+02
1466 -3.66000e+02
1481 -3.65000e+02
1498 -3.64000e+02
1499 -3.63000e+02
1503 -3.62000e+02
1670 -3.61000e+02
1791 -3.60000e+02
1818 -3.59000e+02
1900 -3.58000e+02
1943 -3.57000e+02
2003 -3.56000e+02
2042 -3.55000e+02
2071 -3.53000e+02
2083 -3.52000e+02
2115 -3.51000e+02
2143 -3.50000e+02
2325 -3.49000e+02
2431 -3.48000e+02
2486 -3.47000e+02
2492 -3.46000e+02
2526 -3.45000e+02
2577 -3.44000e+02
2592 -3.43000e+02
2701 -3.42000e+02
2702 -3.41000e+02
2730 -3.40000e+02
2820 -3.39000e+02
2872 -3.38000e+02
2904 -3.36000e+02
3059 -3.35000e+02
3154 -3.34000e+02
3171 -3.33000e+02
3194 -3.32000e+02
3284 -3.31000e+02
3336 -3.30000e+02
3394 -3.29000e+02
3442 -3.28000e+02
3482 -3.27000e+02
3521 -3.26000e+02
3536 -3.24000e+02
3555 -3.23000e+02
3708 -3.22000e+02
3789 -3.21000e+02
3880 -3.20000e+02
3966 -3.19000e+02
4053 -3.17000e+02
4078 -3.16000e+02
4160 -3.15000e+02
4219 -3.14000e+02
4313 -3.13000e+02
4323 -3.12000e+02
4383 -3.11000e+02
4390 -3.10000e+02
4496 -3.09000e+02
4528 -3.08000e+02
4559 -3.07000e+02
4594 -3.06000e+02
4611 -3.05000e+02
4615 -3.04000e+02
4644 -3.03000e+02
4664 -3.02000e+02
4688 -3.01000e+02
4740 -3.00000e+02
4765 -2.99000e+02
4797 -2.98000e+02
4839 -2.97000e+02
4907 -2.96000e+02
4968 -2.95000e+02
5010 -2.94000e+02
5015 -2.93000e+02
5139 -2.92000e+02
5195 -2.91000e+02
5239 -2.90000e+02
5378 -2.89000e+02
5426 -2.88000e+02
5429 -2.87000e+02
5439 -2.86000e+02
5564 -2.85000e+02
5593 -2.84000e+02
5596 -2.83000e+02
5626 -2.82000e+02
5632 -2.81000e+02
5711 -2.80000e+02
5795 -2.79000e+02
5850 -2.78000e+02
5890 -2.77000e+02
6180 -2.76000e+02
6239 -2.75000e+02
6350 -2.74000e+02
6365 -2.73000e+02
6507 -2.72000e+02
6616 -2.71000e+02
6694 -2.70000e+02
6712 -2.69000e+02
6783 -2.68000e+02
6842 -2.67000e+02
6859 -2.66000e+02
6926 -2.65000e+02
7019 -2.64000e+02
7032 -2.63000e+02
7090 -2.61000e+02
7213 -2.60000e+02
7227 -2.59000e+02
7283 -2.58000e+02
7388 -2.57000e+02
7442 -2.56000e+02
7580 -2.55000e+02
7692 -2.54000e+02
7725 -2.53000e+02
7825 -2.52000e+02
7892 -2.51000e+02
8069 -2.50000e+02
8218 -2.49000e+02
8277 -2.48000e+02
8345 -2.46000e+02
8390 -2.45000e+02
8551 -2.44000e+02
8587 -2.43000e+02
8593 -2.42000e+02
8697 -2.41000e+02
8700 -2.40000e+02
8795 -2.39000e+02
8883 -2.38000e+02
8985 -2.37000e+02
9124 -2.36000e+02
9162 -2.35000e+02
9192 -2.34000e+02
9318 -2.33000e+02
9352 -2.32000e+02
9373 -2.31000e+02
9490 -2.30000e+02
9529 -2.29000e+02
9675 -2.28000e+02
9701 -2.26000e+02
9744 -2.25000e+02
9813 -2.24000e+02
9907 -2.23000e+02
9923 -2.22000e+02
9981 -2.22000e+02
"function evaluation" "best-so-far f(x)"
1 -3.93000e+02
3 -3.92000e+02
28 -3.91000e+02
103 -3.90000e+02
117 -3.89000e+02
155 -3.88000e+02
172 -3.87000e+02
299 -3.86000e+02
318 -3.84000e+02
403 -3.83000e+02
441 -3.82000e+02
506 -3.81000e+02
598 -3.80000e+02
635 -3.79000e+02
646 -3.78000e+02
664 -3.77000e+02
671 -3.76000e+02
821 -3.75000e+02
831 -3.73000e+02
846 -3.72000e+02
855 -3.71000e+02
878 -3.70000e+02
920 -3.69000e+02
1055 -3.68000e+02
1064 -3.67000e+02
1093 -3.66000e+02
1101 -3.65000e+02
1164 -3.64000e+02
1199 -3.63000e+02
1239 -3.62000e+02
1275 -3.61000e+02
1295 -3.60000e+02
1318 -3.59000e+02
1362 -3.58000e+02
1443 -3.57000e+02
1474 -3.56000e+02
1537 -3.55000e+02
1596 -3.52000e+02
1636 -3.51000e+02
1752 -3.50000e+02
1763 -3.49000e+02
1814 -3.48000e+02
1835 -3.47000e+02
2016 -3.46000e+02
2036 -3.45000e+02
2196 -3.44000e+02
2206 -3.43000e+02
2329 -3.41000e+02
2332 -3.40000e+02
2373 -3.39000e+02
2437 -3.38000e+02
2586 -3.37000e+02
2653 -3.36000e+02
2742 -3.35000e+02
2805 -3.34000e+02
2848 -3.33000e+02
2864 -3.32000e+02
2940 -3.31000e+02
2976 -3.30000e+02
3043 -3.29000e+02
3060 -3.27000e+02
3181 -3.26000e+02
3284 -3.25000e+02
3292 -3.24000e+02
3333 -3.22000e+02
3429 -3.21000e+02
3453 -3.20000e+02
3511 -3.19000e+02
3567 -3.18000e+02
3657 -3.17000e+02
3677 -3.16000e+02
3705 -3.14000e+02
3742 -3.13000e+02
3754 -3.12000e+02
3831 -3.11000e+02
3995 -3.10000e+02
4125 -3.09000e+02
4188 -3.08000e+02
4231 -3.07000e+02
4274 -3.06000e+02
4370 -3.05000e+02
4463 -3.04000e+02
4500 -3.03000e+02
4540 -3.02000e+02
4598 -3.01000e+02
4644 -3.00000e+02
4690 -2.99000e+02
4794 -2.98000e+02
4876 -2.97000e+02
4945 -2.95000e+02
5109 -2.94000e+02
5149 -2.93000e+02
5264 -2.92000e+02
5390 -2.91000e+02
5449 -2.90000e+02
5476 -2.89000e+02
5529 -2.88000e+02
5626 -2.87000e+02
5702 -2.86000e+02
5772 -2.85000e+02
5810 -2.84000e+02
5827 -2.83000e+02
5847 -2.82000e+02
5851 -2.81000e+02
5952 -2.80000e+02
6005 -2.79000e+02
6062 -2.78000e+02
6093 -2.77000e+02
6136 -2.76000e+02
6207 -2.75000e+02
6255 -2.74000e+02
6327 -2.73000e+02
6405 -2.72000e+02
6457 -2.71000e+02
6530 -2.70000e+02
6572 -2.69000e+02
6689 -2.68000e+02
6817 -2.67000e+02
6849 -2.66000e+02
6868 -2.65000e+02
6940 -2.64000e+02
6949 -2.63000e+02
7015 -2.62000e+02
7085 -2.61000e+02
7195 -2.60000e+02
7240 -2.59000e+02
7257 -2.58000e+02
7338 -2.57000e+02
7379 -2.56000e+02
7541 -2.55000e+02
7618 -2.54000e+02
7717 -2.53000e+02
7782 -2.52000e+02
7812 -2.51000e+02
7855 -2.50000e+02
7958 -2.49000e+02
8021 -2.48000e+02
8106 -2.47000e+02
8117 -2.46000e+02
8161 -2.45000e+02
8323 -2.44000e+02
8670 -2.43000e+02
8687 -2.42000e+02
8740 -2.41000e+02
8744 -2.40000e+02
8972 -2.39000e+02
9026 -2.38000e+02
9060 -2.37000e+02
9231 -2.36000e+02
9233 -2.35000e+02
9457 -2.34000e+02
9560 -2.33000e+02
9856 -2.32000e+02
9966 -2.31000e+02
9981 -2.31000e+02
"function evaluation" "best-so-far f(x)"
1 -3.93000e+02
29 -3.92000e+02
148 -3.91000e+02
184 -3.90000e+02
196 -3.89000e+02
221 -3.87000e+02
311 -3.86000e+02
338 -3.85000e+02
411 -3.84000e+02
462 -3.83000e+02
574 -3.82000e+02
644 -3.81000e+02
735 -3.80000e+02
790 -3.79000e+02
804 -3.78000e+02
843 -3.77000e+02
891 -3.76000e+02
922 -3.75000e+02
987 -3.74000e+02
1116 -3.73000e+02
1157 -3.72000e+02
1183 -3.71000e+02
1244 -3.70000e+02
1256 -3.69000e+02
1288 -3.68000e+02
1305 -3.66000e+02
1347 -3.65000e+02
1403 -3.64000e+02
1489 -3.63000e+02
1500 -3.62000e+02
1751 -3.61000e+02
1817 -3.60000e+02
1933 -3.59000e+02
1959 -3.58000e+02
2001 -3.57000e+02
2100 -3.56000e+02
2112 -3.54000e+02
2131 -3.53000e+02
2154 -3.52000e+02
2185 -3.51000e+02
2228 -3.50000e+02
2246 -3.49000e+02
2361 -3.48000e+02
2465 -3.47000e+02
2523 -3.46000e+02
2581 -3.45000e+02
2598 -3.44000e+02
2704 -3.43000e+02
2762 -3.42000e+02
2812 -3.41000e+02
2847 -3.40000e+02
2867 -3.39000e+02
2936 -3.38000e+02
2956 -3.37000e+02
2992 -3.36000e+02
3019 -3.35000e+02
3056 -3.34000e+02
3100 -3.33000e+02
3144 -3.32000e+02
3153 -3.31000e+02
3216 -3.30000e+02
3236 -3.29000e+02
3371 -3.28000e+02
3389 -3.27000e+02
3492 -3.26000e+02
3530 -3.25000e+02
3554 -3.24000e+02
3596 -3.23000e+02
3723 -3.22000e+02
3775 -3.21000e+02
3834 -3.20000e+02
3989 -3.19000e+02
4067 -3.18000e+02
4126 -3.17000e+02
4139 -3.16000e+02
4163 -3.15000e+02
4297 -3.14000e+02
4345 -3.13000e+02
4412 -3.12000e+02
4457 -3.11000e+02
4532 -3.10000e+02
4541 -3.09000e+02
4699 -3.08000e+02
4777 -3.07000e+02
4866 -3.06000e+02
4897 -3.04000e+02
4956 -3.03000e+02
5076 -3.02000e+02
5137 -3.01000e+02
5195 -2.99000e+02
5206 -2.98000e+02
5246 -2.97000e+02
5274 -2.96000e+02
5358 -2.95000e+02
5421 -2.94000e+02
5499 -2.93000e+02
5637 -2.92000e+02
5823 -2.91000e+02
5869 -2.90000e+02
6042 -2.89000e+02
6098 -2.88000e+02
6189 -2.87000e+02
6213 -2.86000e+02
6347 -2.84000e+02
6421 -2.83000e+02
6471 -2.82000e+02
6546 -2.81000e+02
6555 -2.80000e+02
6711 -2.79000e+02
6895 -2.78000e+02
6948 -2.77000e+02
7001 -2.76000e+02
7052 -2.75000e+02
7099 -2.74000e+02
7139 -2.73000e+02
7185 -2.72000e+02
7221 -2.71000e+02
7240 -2.70000e+02
7351 -2.69000e+02
7609 -2.68000e+02
7649 -2.67000e+02
7682 -2.66000e+02
7717 -2.65000e+02
7863 -2.64000e+02
8053 -2.63000e+02
8065 -2.62000e+02
8072 -2.61000e+02
8122 -2.60000e+02
8141 -2.59000e+02
8271 -2.58000e+02
8327 -2.57000e+02
8432 -2.56000e+02
8618 -2.55000e+02
8679 -2.54000e+02
8765 -2.53000e+02
8896 -2.52000e+02
9095 -2.51000e+02
9117 -2.50000e+02
9187 -2.49000e+02
9244 -2.48000e+02
9509 -2.47000e+02
9537 -2.46000e+02
9609 -2.45000e+02
9656 -2.44000e+02
9767 -2.43000e+02
9798 -2.42000e+02
9820 -2.41000e+02
9891 -2.40000e+02
9981 -2.40000e+02
"function evaluation" "best-so-far f(x)"
1 -3.93000e+02
58 -3.92000e+02
130 -3.91000e+02
170 -3.90000e+02
251 -3.89000e+02
320 -3.88000e+02
361 -3.87000e+02
373 -3.86000e+02
391 -3.85000e+02
411 -3.84000e+02
497 -3.83000e+02
527 -3.82000e+02
663 -3.81000e+02
748 -3.80000e+02
754 -3.79000e+02
827 -3.78000e+02
929 -3.77000e+02
994 -3.76000e+02
1019 -3.75000e+02
1066 -3.74000e+02
1136 -3.73000e+02
1178 -3.72000e+02
1227 -3.71000e+02
1367 -3.70000e+02
1447 -3.69000e+02
1531 -3.68000e+02
1549 -3.67000e+02
1589 -3.66000e+02
1634 -3.65000e+02
1669 -3.64000e+02
1681 -3.63000e+02
1711 -3.62000e+02
1791 -3.61000e+02
1821 -3.60000e+02
1824 -3.59000e+02
1935 -3.58000e+02
2008 -3.57000e+02
2029 -3.56000e+02
2063 -3.55000e+02
2103 -3.54000e+02
2139 -3.53000e+02
2199 -3.52000e+02
2212 -3.51000e+02
2219 -3.50000e+02
2278 -3.49000e+02
2362 -3.48000e+02
2383 -3.47000e+02
2391 -3.46000e+02
2573 -3.45000e+02
2635 -3.43000e+02
2663 -3.42000e+02
2715 -3.41000e+02
2725 -3.40000e+02
2809 -3.39000e+02
2865 -3.38000e+02
2913 -3.37000e+02
2972 -3.36000e+02
3035 -3.34000e+02
3056 -3.33000e+02
3057 -3.32000e+02
3118 -3.31000e+02
3225 -3.30000e+02
3244 -3.29000e+02
3312 -3.28000e+02
3353 -3.27000e+02
3376 -3.26000e+02
3413 -3.24000e+02
3465 -3.23000e+02
3548 -3.22000e+02
3601 -3.21000e+02
3739 -3.20000e+02
3791 -3.19000e+02
3825 -3.18000e+02
3868 -3.17000e+02
3946 -3.16000e+02
3990 -3.15000e+02
4060 -3.14000e+02
4104 -3.13000e+02
4105 -3.12000e+02
4223 -3.11000e+02
4279 -3.10000e+02
4347 -3.09000e+02
4426 -3.08000e+02
4481 -3.07000e+02
4509 -3.06000e+02
4532 -3.05000e+02
4604 -3.04000e+02
4653 -3.03000e+02
4767 -3.02000e+02
4770 -3.01000e+02
4813 -3.00000e+02
4853 -2.99000e+02
4871 -2.98000e+02
4881 -2.97000e+02
4907 -2.96000e+02
5103 -2.95000e+02
5254 -2.94000e+02
5553 -2.93000e+02
5610 -2.92000e+02
5642 -2.91000e+02
5667 -2.90000e+02
5825 -2.89000e+02
5922 -2.87000e+02
5977 -2.86000e+02
6031 -2.85000e+02
6138 -2.84000e+02
6146 -2.83000e+02
6189 -2.82000e+02
6295 -2.81000e+02
6334 -2.80000e+02
6365 -2.79000e+02
6399 -2.78000e+02
6424 -2.77000e+02
6577 -2.76000e+02
6631 -2.75000e+02
6766 -2.74000e+02
6777 -2.73000e+02
6833 -2.72000e+02
6915 -2.71000e+02
6958 -2.70000e+02
6995 -2.69000e+02
7035 -2.68000e+02
7112 -2.67000e+02
7141 -2.66000e+02
7171 -2.65000e+02
7224 -2.64000e+02
7226 -2.63000e+02
7237 -2.62000e+02
7284 -2.61000e+02
7334 -2.60000e+02
7346 -2.59000e+02
7407 -2.57000e+02
7466 -2.56000e+02
7478 -2.55000e+02
7520 -2.54000e+02
7572 -2.53000e+02
7609 -2.52000e+02
7669 -2.51000e+02
7720 -2.50000e+02
7846 -2.49000e+02
7892 -2.47000e+02
7964 -2.46000e+02
8147 -2.45000e+02
8193 -2.44000e+02
8380 -2.43000e+02
8398 -2.42000e+02
8453 -2.41000e+02
8520 -2.40000e+02
8827 -2.39000e+02
8991 -2.38000e+02
9033 -2.37000e+02
9039 -2.36000e+02
9207 -2.35000e+02
9243 -2.34000e+02
9292 -2.33000e+02
9332 -2.32000e+02
9378 -2.31000e+02
9508 -2.30000e+02
9558 -2.29000e+02
9598 -2.28000e+02
9673 -2.27000e+02
9803 -2.26000e+02
9870 -2.25000e+02
9924 -2.24000e+02
9966 -2.23000e+02
9981 -2.23000e+02
"function evaluation" "best-so-far f(x)"
1 -3.93000e+02
19 -3.92000e+02
49 -3.91000e+02
144 -3.90000e+02
193 -3.89000e+02
261 -3.88000e+02
278 -3.87000e+02
374 -3.86000e+02
456 -3.85000e+02
551 -3.84000e+02
608 -3.83000e+02
662 -3.82000e+02
772 -3.81000e+02
821 -3.80000e+02
830 -3.79000e+02
892 -3.78000e+02
924 -3.77000e+02
926 -3.76000e+02
937 -3.75000e+02
941 -3.74000e+02
1013 -3.73000e+02
1042 -3.72000e+02
1065 -3.71000e+02
1092 -3.70000e+02
1147 -3.69000e+02
1211 -3.68000e+02
1225 -3.67000e+02
1231 -3.66000e+02
1251 -3.65000e+02
1294 -3.64000e+02
1327 -3.63000e+02
1421 -3.62000e+02
1562 -3.61000e+02
1595 -3.60000e+02
1651 -3.59000e+02
1714 -3.58000e+02
1752 -3.57000e+02
1860 -3.56000e+02
1873 -3.55000e+02
1962 -3.54000e+02
1978 -3.53000e+02
1988 -3.52000e+02
2011 -3.51000e+02
2032 -3.50000e+02
2047 -3.49000e+02
2075 -3.48000e+02
2112 -3.47000e+02
2188 -3.46000e+02
2227 -3.45000e+02
2385 -3.44000e+02
2440 -3.43000e+02
2453 -3.42000e+02
2474 -3.41000e+02
2504 -3.40000e+02
2618 -3.39000e+02
2633 -3.38000e+02
2669 -3.37000e+02
2717 -3.36000e+02
2796 -3.35000e+02
2848 -3.34000e+02
2934 -3.33000e+02
2978 -3.32000e+02
3024 -3.31000e+02
3085 -3.30000e+02
3206 -3.29000e+02
3308 -3.28000e+02
3318 -3.27000e+02
3366 -3.26000e+02
3402 -3.24000e+02
3526 -3.23000e+02
3573 -3.22000e+02
3578 -3.21000e+02
3643 -3.20000e+02
3666 -3.19000e+02
3763 -3.18000e+02
3839 -3.17000e+02
3854 -3.16000e+02
3932 -3.15000e+02
4005 -3.14000e+02
4027 -3.13000e+02
4062 -3.12000e+02
4089 -3.11000e+02
4126 -3.10000e+02
4254 -3.09000e+02
4273 -3.08000e+02
4283 -3.07000e+02
4286 -3.05000e+02
4391 -3.04000e+02
4561 -3.03000e+02
4606 -3.02000e+02
4663 -3.01000e+02
4808 -3.00000e+02
4876 -2.99000e+02
4924 -2.98000e+02
4925 -2.97000e+02
5039 -2.96000e+02
5045 -2.95000e+02
5076 -2.94000e+02
5094 -2.93000e+02
5212 -2.92000e+02
5319 -2.91000e+02
5380 -2.90000e+02
5392 -2.89000e+02
5428 -2.88000e+02
5568 -2.87000e+02
5713 -2.86000e+02
5770 -2.85000e+02
5900 -2.84000e+02
5934 -2.83000e+02
5938 -2.82000e+02
5956 -2.81000e+02
5987 -2.80000e+02
6165 -2.79000e+02
6243 -2.78000e+02
6280 -2.77000e+02
6409 -2.76000e+02
6415 -2.75000e+02
6568 -2.74000e+02
6661 -2.73000e+02
6723 -2.72000e+02
6751 -2.71000e+02
6849 -2.70000e+02
6959 -2.69000e+02
7028 -2.68000e+02
7054 -2.67000e+02
7142 -2.66000e+02
7277 -2.65000e+02
7332 -2.64000e+02
7392 -2.63000e+02
7411 -2.62000e+02
7568 -2.61000e+02
7582 -2.60000e+02
7735 -2.59000e+02
7788 -2.58000e+02
7887 -2.56000e+02
7925 -2.55000e+02
7973 -2.54000e+02
8036 -2.53000e+02
8122 -2.52000e+02
8142 -2.51000e+02
8199 -2.50000e+02
8211 -2.49000e+02
8273 -2.48000e+02
8555 -2.47000e+02
8701 -2.46000e+02
8792 -2.45000e+02
8915 -2.44000e+02
9114 -2.43000e+02
9181 -2.42000e+02
9206 -2.41000e+02
9223 -2.40000e+02
9295 -2.39000e+02
9324 -2.38000e+02
9371 -2.37000e+02
9453 -2.36000e+02
9581 -2.35000e+02
9675 -2.34000e+02
9773 -2.33000e+02
9828 -2.32000e+02
9973 -2.31000e+02
9981 -2.31000e+02
"function evaluation" "best-so-far f(x)"
1 -3.93000e+02
4 -3.90000e+02
73 -3.89000e+02
132 -3.88000e+02
182 -3.87000e+02
255 -3.86000e+02
304 -3.85000e+02
339 -3.84000e+02
358 -3.83000e+02
458 -3.82000e+02
523 -3.81000e+02
586 -3.80000e+02
754 -3.79000e+02
779 -3.78000e+02
831 -3.77000e+02
947 -3.76000e+02
968 -3.75000e+02
975 -3.73000e+02
1021 -3.72000e+02
1137 -3.71000e+02
1143 -3.70000e+02
1173 -3.69000e+02
1176 -3.68000e+02
1251 -3.67000e+02
1310 -3.66000e+02
1390 -3.65000e+02
1423 -3.64000e+02
1488 -3.63000e+02
1503 -3.62000e+02
1527 -3.61000e+02
1543 -3.60000e+02
1613 -3.59000e+02
1627 -3.58000e+02
1667 -3.57000e+02
1701 -3.56000e+02
1731 -3.55000e+02
1789 -3.54000e+02
1815 -3.53000e+02
1912 -3.52000e+02
1980 -3.51000e+02
2026 -3.50000e+02
2077 -3.49000e+02
2120 -3.48000e+02
2240 -3.47000e+02
2326 -3.45000e+02
2344 -3.44000e+02
2382 -3.43000e+02
2418 -3.42000e+02
2449 -3.41000e+02
2580 -3.40000e+02
2652 -3.39000e+02
2718 -3.38000e+02
2742 -3.37000e+02
2823 -3.36000e+02
2866 -3.35000e+02
2935 -3.34000e+02
2956 -3.33000e+02
3021 -3.32000e+02
3172 -3.31000e+02
3241 -3.30000e+02
3334 -3.29000e+02
3344 -3.28000e+02
3408 -3.27000e+02
3429 -3.26000e+02
3521 -3.25000e+02
3590 -3.24000e+02
3659 -3.23000e+02
3676 -3.22000e+02
3762 -3.21000e+02
3894 -3.20000e+02
3916 -3.19000e+02
4009 -3.18000e+02
4042 -3.17000e+02
4075 -3.16000e+02
4100 -3.15000e+02
4133 -3.14000e+02
4182 -3.13000e+02
4236 -3.12000e+02
4296 -3.11000e+02
4358 -3.10000e+02
4375 -3.09000e+02
4446 -3.08000e+02
4512 -3.07000e+02
4555 -3.06000e+02
4628 -3.05000e+02
4658 -3.04000e+02
4702 -3.03000e+02
4860 -3.02000e+02
4982 -3.01000e+02
5000 -3.00000e+02
5132 -2.99000e+02
5194 -2.98000e+02
5502 -2.97000e+02
5538 -2.96000e+02
5588 -2.95000e+02
5672 -2.94000e+02
5752 -2.93000e+02
5837 -2.92000e+02
5878 -2.91000e+02
6028 -2.90000e+02
6160 -2.89000e+02
6209 -2.88000e+02
6236 -2.87000e+02
6293 -2.86000e+02
6401 -2.85000e+02
6479 -2.84000e+02
6525 -2.83000e+02
6606 -2.82000e+02
6886 -2.81000e+02
6993 -2.80000e+02
7043 -2.79000e+02
7062 -2.78000e+02
7163 -2.77000e+02
7230 -2.76000e+02
7299 -2.75000e+02
7349 -2.74000e+02
7409 -2.73000e+02
7438 -2.72000e+02
7492 -2.71000e+02
7527 -2.69000e+02
7815 -2.68000e+02
7911 -2.67000e+02
7955 -2.66000e+02
8073 -2.65000e+02
8144 -2.64000e+02
8179 -2.63000e+02
8212 -2.62000e+02
8223 -2.61000e+02
8289 -2.60000e+02
8517 -2.59000e+02
8581 -2.58000e+02
8685 -2.57000e+02
8703 -2.56000e+02
8851 -2.55000e+02
8999 -2.54000e+02
9086 -2.53000e+02
9116 -2.52000e+02
9203 -2.51000e+02
9284 -2.50000e+02
9345 -2.49000e+02
9367 -2.48000e+02
9522 -2.47000e+02
9548 -2.46000e+02
9832 -2.45000e+02
9981 -2.45000e+02
"function evaluation" "best-so-far f(x)"
1 -3.93000e+02
21 -3.92000e+02
45 -3.90000e+02
95 -3.89000e+02
125 -3.88000e+02
196 -3.87000e+02
303 -3.86000e+02
319 -3.85000e+02
395 -3.84000e+02
410 -3.83000e+02
456 -3.82000e+02
514 -3.81000e+02
560 -3.80000e+02
609 -3.79000e+02
631 -3.78000e+02
644 -3.77000e+02
694 -3.76000e+02
710 -3.75000e+02
725 -3.74000e+02
794 -3.73000e+02
816 -3.72000e+02
894 -3.71000e+02
992 -3.70000e+02
995 -3.69000e+02
1066 -3.68000e+02
1212 -3.67000e+02
1276 -3.66000e+02
1368 -3.65000e+02
1417 -3.64000e+02
1444 -3.63000e+02
1474 -3.62000e+02
1521 -3.61000e+02
1558 -3.60000e+02
1638 -3.59000e+02
1681 -3.58000e+02
1783 -3.57000e+02
1807 -3.56000e+02
1961 -3.55000e+02
2046 -3.54000e+02
2137 -3.53000e+02
2262 -3.52000e+02
2321 -3.51000e+02
2340 -3.50000e+02
2443 -3.49000e+02
2551 -3.48000e+02
2630 -3.47000e+02
2691 -3.46000e+02
2736 -3.45000e+02
2764 -3.44000e+02
2817 -3.43000e+02
2858 -3.42000e+02
2964 -3.41000e+02
3026 -3.40000e+02
3098 -3.39000e+02
3123 -3.38000e+02
3167 -3.37000e+02
3249 -3.36000e+02
3267 -3.35000e+02
3313 -3.34000e+02
3357 -3.33000e+02
3404 -3.32000e+02
3449 -3.31000e+02
3511 -3.30000e+02
3535 -3.29000e+02
3544 -3.28000e+02
3604 -3.27000e+02
3634 -3.26000e+02
3670 -3.25000e+02
3684 -3.24000e+02
3732 -3.23000e+02
3775 -3.22000e+02
3858 -3.21000e+02
3896 -3.20000e+02
3898 -3.19000e+02
3917 -3.18000e+02
3952 -3.17000e+02
4117 -3.16000e+02
4218 -3.15000e+02
4305 -3.14000e+02
4335 -3.13000e+02
4505 -3.12000e+02
4617 -3.11000e+02
4716 -3.10000e+02
4764 -3.09000e+02
4852 -3.08000e+02
4886 -3.07000e+02
4927 -3.06000e+02
4961 -3.05000e+02
4985 -3.04000e+02
5076 -3.03000e+02
5088 -3.02000e+02
5159 -3.01000e+02
5279 -3.00000e+02
5305 -2.99000e+02
5326 -2.98000e+02
5379 -2.97000e+02
5421 -2.96000e+02
5518 -2.95000e+02
5633 -2.94000e+02
5683 -2.93000e+02
5708 -2.92000e+02
5755 -2.91000e+02
5799 -2.90000e+02
5801 -2.89000e+02
5906 -2.88000e+02
5932 -2.87000e+02
5992 -2.86000e+02
6084 -2.85000e+02
6147 -2.84000e+02
6195 -2.83000e+02
6344 -2.81000e+02
6382 -2.80000e+02
6554 -2.79000e+02
6600 -2.78000e+02
6650 -2.77000e+02
6677 -2.76000e+02
6865 -2.75000e+02
6891 -2.74000e+02
6899 -2.73000e+02
6959 -2.72000e+02
6962 -2.71000e+02
7029 -2.70000e+02
7142 -2.69000e+02
7308 -2.68000e+02
7312 -2.67000e+02
7433 -2.66000e+02
7466 -2.65000e+02
7518 -2.64000e+02
7638 -2.63000e+02
7887 -2.62000e+02
7890 -2.61000e+02
7920 -2.60000e+02
7921 -2.59000e+02
7986 -2.58000e+02
7995 -2.57000e+02
8100 -2.55000e+02
8126 -2.54000e+02
8211 -2.53000e+02
8276 -2.52000e+02
8306 -2.51000e+02
8375 -2.49000e+02
8429 -2.48000e+02
8508 -2.47000e+02
8560 -2.46000e+02
8636 -2.45000e+02
8699 -2.44000e+02
8766 -2.43000e+02
8798 -2.42000e+02
8854 -2.41000e+02
8939 -2.40000e+02
8998 -2.39000e+02
9047 -2.38000e+02
9179 -2.37000e+02
9347 -2.36000e+02
9376 -2.35000e+02
9430 -2.33000e+02
9611 -2.32000e+02
9646 -2.31000e+02
9656 -2.30000e+02
9695 -2.29000e+02
9735 -2.28000e+02
9799 -2.27000e+02
9866 -2.26000e+02
9873 -2.25000e+02
9964 -2.24000e+02
9981 -2.24000e+02
"function evaluation" "best-so-far f(x)"
1 -3.93000e+02
21 -3.92000e+02
235 -3.91000e+02
258 -3.90000e+02
290 -3.89000e+02
325 -3.88000e+02
381 -3.87000e+02
397 -3.86000e+02
450 -3.85000e+02
457 -3.84000e+02
466 -3.83000e+02
494 -3.82000e+02
548 -3.81000e+02
555 -3.80000e+02
584 -3.79000e+02
653 -3.78000e+02
765 -3.77000e+02
811 -3.76000e+02
934 -3.75000e+02
1014 -3.74000e+02
1019 -3.73000e+02
1135 -3.72000e+02
1202 -3.71000e+02
1271 -3.70000e+02
1335 -3.69000e+02
1388 -3.68000e+02
1434 -3.67000e+02
1463 -3.66000e+02
1494 -3.65000e+02
1498 -3.64000e+02
1599 -3.63000e+02
1662 -3.62000e+02
1679 -3.61000e+02
1687 -3.60000e+02
1713 -3.59000e+02
1774 -3.58000e+02
1875 -3.57000e+02
1902 -3.56000e+02
1933 -3.55000e+02
1943 -3.54000e+02
1982 -3.53000e+02
2017 -3.52000e+02
2129 -3.51000e+02
2162 -3.50000e+02
2173 -3.49000e+02
2199 -3.48000e+02
2214 -3.46000e+02
2277 -3.45000e+02
2362 -3.44000e+02
2439 -3.43000e+02
2459 -3.42000e+02
2506 -3.41000e+02
2519 -3.40000e+02
2601 -3.39000e+02
2615 -3.38000e+02
2655 -3.37000e+02
2712 -3.36000e+02
2871 -3.35000e+02
2965 -3.34000e+02
2970 -3.32000e+02
3029 -3.31000e+02
3140 -3.30000e+02
3205 -3.29000e+02
3209 -3.28000e+02
3254 -3.27000e+02
3319 -3.26000e+02
3400 -3.25000e+02
3468 -3.24000e+02
3506 -3.23000e+02
3522 -3.22000e+02
3539 -3.21000e+02
3616 -3.20000e+02
3806 -3.19000e+02
3862 -3.18000e+02
3874 -3.17000e+02
4008 -3.16000e+02
4015 -3.15000e+02
4033 -3.14000e+02
4091 -3.13000e+02
4275 -3.12000e+02
4303 -3.11000e+02
4345 -3.10000e+02
4378 -3.09000e+02
4447 -3.08000e+02
4549 -3.07000e+02
4674 -3.06000e+02
4760 -3.05000e+02
4808 -3.04000e+02
4937 -3.03000e+02
5002 -3.02000e+02
5056 -3.01000e+02
5100 -3.00000e+02
5218 -2.99000e+02
5263 -2.98000e+02
5495 -2.97000e+02
5578 -2.96000e+02
5659 -2.95000e+02
5674 -2.94000e+02
5693 -2.93000e+02
5747 -2.92000e+02
5800 -2.91000e+02
5832 -2.90000e+02
5989 -2.89000e+02
6060 -2.88000e+02
6211 -2.87000e+02
6215 -2.86000e+02
6253 -2.85000e+02
6275 -2.84000e+02
6328 -2.83000e+02
6447 -2.82000e+02
6469 -2.81000e+02
6536 -2.80000e+02
6564 -2.79000e+02
6697 -2.78000e+02
6724 -2.77000e+02
6764 -2.76000e+02
6818 -2.75000e+02
6865 -2.74000e+02
6942 -2.73000e+02
6958 -2.72000e+02
6987 -2.71000e+02
7073 -2.70000e+02
7258 -2.69000e+02
7286 -2.68000e+02
7325 -2.67000e+02
7416 -2.66000e+02
7417 -2.65000e+02
7473 -2.64000e+02
7612 -2.63000e+02
7623 -2.62000e+02
7676 -2.61000e+02
7858 -2.60000e+02
7871 -2.59000e+02
8096 -2.58000e+02
8163 -2.57000e+02
8235 -2.56000e+02
8314 -2.55000e+02
8412 -2.54000e+02
8472 -2.53000e+02
8551 -2.52000e+02
8617 -2.51000e+02
8635 -2.50000e+02
8762 -2.49000e+02
8781 -2.48000e+02
8822 -2.47000e+02
8908 -2.46000e+02
9032 -2.45000e+02
9148 -2.44000e+02
9155 -2.43000e+02
9336 -2.42000e+02
9399 -2.41000e+02
9463 -2.40000e+02
9693 -2.39000e+02
9732 -2.38000e+02
9946 -2.37000e+02
9964 -2.36000e+02
9978 -2.35000e+02
9981 -2.35000e+02
"function evaluation" "best-so-far f(x)"
1 -3.93000e+02
57 -3.92000e+02
129 -3.91000e+02
239 -3.90000e+02
306 -3.89000e+02
348 -3.88000e+02
431 -3.87000e+02
442 -3.86000e+02
476 -3.85000e+02
552 -3.84000e+02
623 -3.83000e+02
739 -3.82000e+02
776 -3.81000e+02
811 -3.80000e+02
908 -3.79000e+02
999 -3.78000e+02
1042 -3.77000e+02
1068 -3.76000e+02
1096 -3.75000e+02
1227 -3.74000e+02
1229 -3.73000e+02
1256 -3.72000e+02
1409 -3.71000e+02
1442 -3.70000e+02
1465 -3.69000e+02
1503 -3.68000e+02
1518 -3.67000e+02
1561 -3.66000e+02
1638 -3.65000e+02
1652 -3.64000e+02
1720 -3.63000e+02
1734 -3.62000e+02
1758 -3.61000e+02
1823 -3.60000e+02
1933 -3.59000e+02
1980 -3.58000e+02
2059 -3.57000e+02
2197 -3.56000e+02
2214 -3.55000e+02
2235 -3.54000e+02
2256 -3.53000e+02
2281 -3.52000e+02
2298 -3.51000e+02
2444 -3.50000e+02
2473 -3.49000e+02
2488 -3.48000e+02
2522 -3.47000e+02
2602 -3.46000e+02
2646 -3.45000e+02
2738 -3.44000e+02
2814 -3.43000e+02
2849 -3.42000e+02
2920 -3.41000e+02
2945 -3.40000e+02
2969 -3.39000e+02
3017 -3.38000e+02
3088 -3.37000e+02
3124 -3.36000e+02
3168 -3.35000e+02
3239 -3.34000e+02
3260 -3.33000e+02
3345 -3.32000e+02
3538 -3.31000e+02
3630 -3.30000e+02
3632 -3.29000e+02
3755 -3.28000e+02
3776 -3.27000e+02
3818 -3.25000e+02
3996 -3.23000e+02
4123 -3.22000e+02
4156 -3.20000e+02
4205 -3.19000e+02
4375 -3.18000e+02
4414 -3.17000e+02
4425 -3.16000e+02
4507 -3.15000e+02
4546 -3.14000e+02
4591 -3.13000e+02
4601 -3.12000e+02
4664 -3.11000e+02
4777 -3.10000e+02
4884 -3.09000e+02
4885 -3.08000e+02
4944 -3.07000e+02
5021 -3.06000e+02
5079 -3.05000e+02
5257 -3.04000e+02
5348 -3.03000e+02
5570 -3.02000e+02
5636 -3.01000e+02
5643 -3.00000e+02
5807 -2.99000e+02
5872 -2.98000e+02
5989 -2.97000e+02
6115 -2.96000e+02
6149 -2.95000e+02
6358 -2.94000e+02
6382 -2.93000e+02
6421 -2.92000e+02
6529 -2.91000e+02
6530 -2.89000e+02
6613 -2.88000e+02
6720 -2.87000e+02
6783 -2.86000e+02
6948 -2.85000e+02
6991 -2.84000e+02
7045 -2.83000e+02
7060 -2.82000e+02
7065 -2.81000e+02
7121 -2.80000e+02
7151 -2.79000e+02
7209 -2.78000e+02
7246 -2.77000e+02
7293 -2.76000e+02
7476 -2.75000e+02
7539 -2.74000e+02
7659 -2.73000e+02
7740 -2.72000e+02
7862 -2.71000e+02
8043 -2.70000e+02
8111 -2.69000e+02
8140 -2.68000e+02
8244 -2.67000e+02
8249 -2.66000e+02
8331 -2.65000e+02
8347 -2.64000e+02
8454 -2.63000e+02
8492 -2.62000e+02
8524 -2.61000e+02
8576 -2.59000e+02
8609 -2.58000e+02
8674 -2.57000e+02
8676 -2.56000e+02
8809 -2.55000e+02
8847 -2.54000e+02
8894 -2.53000e+02
8938 -2.52000e+02
9044 -2.51000e+02
9178 -2.50000e+02
9203 -2.49000e+02
9254 -2.48000e+02
9267 -2.47000e+02
9516 -2.46000e+02
9662 -2.45000e+02
9731 -2.44000e+02
9784 -2.43000e+02
9819 -2.42000e+02
9940 -2.41000e+02
9954 -2.40000e+02
9981 -2.40000e+02
"function evaluation" "best-so-far f(x)"
1 -3.93000e+02
36 -3.92000e+02
88 -3.91000e+02
149 -3.90000e+02
153 -3.89000e+02
185 -3.88000e+02
251 -3.87000e+02
301 -3.86000e+02
456 -3.85000e+02
520 -3.83000e+02
569 -3.82000e+02
570 -3.81000e+02
611 -3.80000e+02
623 -3.79000e+02
632 -3.78000e+02
666 -3.76000e+02
729 -3.75000e+02
778 -3.74000e+02
963 -3.72000e+02
1033 -3.71000e+02
1157 -3.70000e+02
1224 -3.69000e+02
1262 -3.68000e+02
1298 -3.67000e+02
1335 -3.66000e+02
1399 -3.64000e+02
1450 -3.63000e+02
1508 -3.62000e+02
1555 -3.61000e+02
1634 -3.60000e+02
1662 -3.59000e+02
1741 -3.58000e+02
1758 -3.56000e+02
1827 -3.55000e+02
1936 -3.54000e+02
2018 -3.52000e+02
2032 -3.51000e+02
2107 -3.50000e+02
2199 -3.49000e+02
2255 -3.48000e+02
2285 -3.47000e+02
2304 -3.46000e+02
2326 -3.45000e+02
2448 -3.44000e+02
2468 -3.43000e+02
2508 -3.42000e+02
2548 -3.41000e+02
2555 -3.40000e+02
2619 -3.39000e+02
2686 -3.38000e+02
2758 -3.37000e+02
2836 -3.36000e+02
2906 -3.35000e+02
2972 -3.34000e+02
3101 -3.33000e+02
3109 -3.32000e+02
3154 -3.31000e+02
3188 -3.30000e+02
3299 -3.29000e+02
3381 -3.27000e+02
3429 -3.25000e+02
3516 -3.24000e+02
3538 -3.23000e+02
3563 -3.22000e+02
3568 -3.21000e+02
3596 -3.20000e+02
3630 -3.19000e+02
3683 -3.17000e+02
3729 -3.16000e+02
3833 -3.15000e+02
3918 -3.14000e+02
3945 -3.13000e+02
4078 -3.12000e+02
4145 -3.11000e+02
4179 -3.10000e+02
4211 -3.09000e+02
4213 -3.08000e+02
4266 -3.07000e+02
4439 -3.06000e+02
4537 -3.05000e+02
4550 -3.03000e+02
4595 -3.02000e+02
4667 -3.01000e+02
4722 -3.00000e+02
4776 -2.99000e+02
4836 -2.98000e+02
4934 -2.97000e+02
4996 -2.96000e+02
5155 -2.95000e+02
5235 -2.94000e+02
5273 -2.93000e+02
5299 -2.92000e+02
5366 -2.91000e+02
5377 -2.90000e+02
5395 -2.89000e+02
5403 -2.88000e+02
5477 -2.86000e+02
5537 -2.85000e+02
5617 -2.84000e+02
5653 -2.83000e+02
5768 -2.82000e+02
5910 -2.81000e+02
5942 -2.80000e+02
6091 -2.79000e+02
6184 -2.78000e+02
6256 -2.76000e+02
6261 -2.75000e+02
6308 -2.74000e+02
6383 -2.73000e+02
6440 -2.72000e+02
6498 -2.71000e+02
6546 -2.70000e+02
6596 -2.69000e+02
6612 -2.68000e+02
6655 -2.67000e+02
6692 -2.66000e+02
6771 -2.65000e+02
6927 -2.64000e+02
7052 -2.63000e+02
7128 -2.62000e+02
7246 -2.61000e+02
7314 -2.60000e+02
7365 -2.59000e+02
7585 -2.58000e+02
7628 -2.57000e+02
7651 -2.56000e+02
7854 -2.55000e+02
7880 -2.54000e+02
7918 -2.53000e+02
7943 -2.51000e+02
8035 -2.50000e+02
8121 -2.49000e+02
8153 -2.48000e+02
8268 -2.47000e+02
8320 -2.46000e+02
8372 -2.45000e+02
8382 -2.44000e+02
8461 -2.43000e+02
8573 -2.42000e+02
8656 -2.41000e+02
8765 -2.40000e+02
8798 -2.39000e+02
8910 -2.38000e+02
9013 -2.37000e+02
9140 -2.36000e+02
9281 -2.35000e+02
9320 -2.34000e+02
9509 -2.33000e+02
9599 -2.32000e+02
9739 -2.31000e+02
9807 -2.30000e+02
9930 -2.29000e+02
9966 -2.28000e+02
9968 -2.27000e+02
9981 -2.27000e+02
"function evaluation" "best-so-far f(x)"
1 -3.93000e+02
38 -3.92000e+02
72 -3.91000e+02
136 -3.90000e+02
206 -3.89000e+02
271 -3.88000e+02
312 -3.87000e+02
337 -3.86000e+02
433 -3.85000e+02
510 -3.84000e+02
523 -3.83000e+02
551 -3.82000e+02
633 -3.81000e+02
701 -3.80000e+02
849 -3.79000e+02
863 -3.78000e+02
932 -3.77000e+02
952 -3.76000e+02
966 -3.75000e+02
1057 -3.74000e+02
1104 -3.73000e+02
1133 -3.72000e+02
1167 -3.71000e+02
1221 -3.70000e+02
1260 -3.69000e+02
1275 -3.68000e+02
1278 -3.67000e+02
1304 -3.66000e+02
1316 -3.65000e+02
1390 -3.64000e+02
1402 -3.63000e+02
1467 -3.62000e+02
1535 -3.61000e+02
1592 -3.60000e+02
1633 -3.59000e+02
1659 -3.58000e+02
1690 -3.56000e+02
1759 -3.55000e+02
1801 -3.54000e+02
1902 -3.53000e+02
1933 -3.50000e+02
1969 -3.49000e+02
2054 -3.48000e+02
2128 -3.47000e+02
2212 -3.46000e+02
2270 -3.45000e+02
2272 -3.44000e+02
2370 -3.43000e+02
2402 -3.42000e+02
2433 -3.41000e+02
2494 -3.40000e+02
2548 -3.39000e+02
2567 -3.37000e+02
2571 -3.36000e+02
2636 -3.35000e+02
2656 -3.34000e+02
2679 -3.33000e+02
2762 -3.32000e+02
2823 -3.31000e+02
2867 -3.30000e+02
2928 -3.29000e+02
2938 -3.28000e+02
2956 -3.27000e+02
2998 -3.26000e+02
3073 -3.25000e+02
3120 -3.24000e+02
3178 -3.23000e+02
3336 -3.22000e+02
3371 -3.21000e+02
3402 -3.20000e+02
3417 -3.19000e+02
3431 -3.18000e+02
3466 -3.17000e+02
3570 -3.16000e+02
3609 -3.15000e+02
3644 -3.14000e+02
3771 -3.13000e+02
3851 -3.12000e+02
3908 -3.11000e+02
3909 -3.10000e+02
3941 -3.09000e+02
4001 -3.08000e+02
4034 -3.07000e+02
4098 -3.06000e+02
4169 -3.05000e+02
4234 -3.04000e+02
4293 -3.03000e+02
4302 -3.02000e+02
4345 -3.01000e+02
4358 -3.00000e+02
4420 -2.99000e+02
4488 -2.98000e+02
4528 -2.97000e+02
4616 -2.96000e+02
4671 -2.95000e+02
4697 -2.94000e+02
4817 -2.93000e+02
4860 -2.92000e+02
5029 -2.91000e+02
5078 -2.90000e+02
5186 -2.89000e+02
5195 -2.88000e+02
5212 -2.87000e+02
5287 -2.86000e+02
5360 -2.85000e+02
5513 -2.84000e+02
5558 -2.83000e+02
5575 -2.82000e+02
5591 -2.81000e+02
5606 -2.80000e+02
5610 -2.79000e+02
5693 -2.78000e+02
5766 -2.77000e+02
5850 -2.76000e+02
5876 -2.75000e+02
5959 -2.74000e+02
5998 -2.73000e+02
6068 -2.72000e+02
6101 -2.71000e+02
6130 -2.70000e+02
6184 -2.69000e+02
6204 -2.68000e+02
6335 -2.67000e+02
6372 -2.66000e+02
6452 -2.65000e+02
6483 -2.64000e+02
6532 -2.63000e+02
6679 -2.62000e+02
6765 -2.61000e+02
6775 -2.60000e+02
6791 -2.59000e+02
6836 -2.58000e+02
6869 -2.57000e+02
6883 -2.56000e+02
6972 -2.55000e+02
7075 -2.54000e+02
7156 -2.52000e+02
7325 -2.51000e+02
7502 -2.50000e+02
7557 -2.49000e+02
7565 -2.48000e+02
7570 -2.46000e+02
7591 -2.45000e+02
7620 -2.44000e+02
7652 -2.43000e+02
7698 -2.42000e+02
7749 -2.41000e+02
7817 -2.40000e+02
7880 -2.39000e+02
8055 -2.38000e+02
8139 -2.37000e+02
8234 -2.36000e+02
8318 -2.35000e+02
8694 -2.34000e+02
8704 -2.33000e+02
8712 -2.32000e+02
8790 -2.31000e+02
8806 -2.30000e+02
8886 -2.29000e+02
9030 -2.28000e+02
9045 -2.27000e+02
9282 -2.26000e+02
9328 -2.25000e+02
9399 -2.24000e+02
9583 -2.23000e+02
9662 -2.22000e+02
9702 -2.21000e+02
9731 -2.20000e+02
9745 -2.19000e+02
9795 -2.18000e+02
9862 -2.17000e+02
9931 -2.16000e+02
9965 -2.15000e+02
9981 -2.15000e+02
"function evaluation" "best-so-far f(x)"
1 -3.93000e+02
21 -3.92000e+02
54 -3.91000e+02
106 -3.90000e+02
196 -3.89000e+02
278 -3.88000e+02
353 -3.87000e+02
380 -3.86000e+02
394 -3.85000e+02
483 -3.84000e+02
524 -3.83000e+02
549 -3.82000e+02
590 -3.81000e+02
608 -3.80000e+02
673 -3.79000e+02
682 -3.78000e+02
703 -3.77000e+02
750 -3.76000e+02
806 -3.75000e+02
869 -3.74000e+02
1050 -3.73000e+02
1059 -3.72000e+02
1077 -3.71000e+02
1266 -3.70000e+02
1363 -3.69000e+02
1430 -3.68000e+02
1453 -3.66000e+02
1560 -3.65000e+02
1569 -3.64000e+02
1627 -3.63000e+02
1782 -3.62000e+02
1847 -3.61000e+02
2017 -3.60000e+02
2064 -3.59000e+02
2092 -3.58000e+02
2103 -3.57000e+02
2134 -3.56000e+02
2164 -3.55000e+02
2199 -3.54000e+02
2226 -3.53000e+02
2228 -3.52000e+02
2245 -3.51000e+02
2286 -3.50000e+02
2336 -3.49000e+02
2356 -3.48000e+02
2442 -3.47000e+02
2446 -3.46000e+02
2475 -3.45000e+02
2508 -3.43000e+02
2590 -3.42000e+02
2644 -3.41000e+02
2741 -3.40000e+02
2785 -3.39000e+02
2831 -3.38000e+02
2882 -3.37000e+02
2940 -3.36000e+02
2988 -3.35000e+02
3223 -3.34000e+02
3318 -3.33000e+02
3410 -3.32000e+02
3458 -3.31000e+02
3468 -3.30000e+02
3582 -3.29000e+02
3654 -3.28000e+02
3818 -3.27000e+02
3857 -3.26000e+02
3881 -3.25000e+02
3988 -3.24000e+02
4086 -3.23000e+02
4160 -3.22000e+02
4218 -3.21000e+02
4268 -3.20000e+02
4283 -3.19000e+02
4555 -3.18000e+02
4564 -3.17000e+02
4568 -3.16000e+02
4706 -3.15000e+02
4798 -3.14000e+02
4895 -3.13000e+02
4903 -3.12000e+02
4933 -3.11000e+02
5020 -3.10000e+02
5069 -3.09000e+02
5136 -3.08000e+02
5158 -3.07000e+02
5166 -3.06000e+02
5259 -3.04000e+02
5302 -3.03000e+02
5429 -3.02000e+02
5549 -3.01000e+02
5776 -3.00000e+02
5811 -2.99000e+02
5831 -2.98000e+02
5901 -2.97000e+02
5954 -2.96000e+02
6009 -2.95000e+02
6039 -2.94000e+02
6087 -2.93000e+02
6125 -2.92000e+02
6219 -2.91000e+02
6302 -2.90000e+02
6366 -2.89000e+02
6390 -2.88000e+02
6429 -2.87000e+02
6450 -2.86000e+02
6468 -2.85000e+02
6498 -2.83000e+02
6567 -2.82000e+02
6628 -2.81000e+02
6770 -2.80000e+02
6854 -2.79000e+02
6857 -2.78000e+02
6920 -2.77000e+02
7172 -2.75000e+02
7352 -2.74000e+02
7469 -2.73000e+02
7503 -2.72000e+02
7625 -2.71000e+02
7670 -2.70000e+02
7767 -2.69000e+02
7848 -2.68000e+02
7884 -2.67000e+02
7920 -2.66000e+02
8024 -2.65000e+02
8089 -2.64000e+02
8096 -2.63000e+02
8139 -2.62000e+02
8245 -2.61000e+02
8310 -2.60000e+02
8367 -2.59000e+02
8454 -2.58000e+02
8511 -2.57000e+02
8578 -2.56000e+02
8582 -2.55000e+02
8677 -2.54000e+02
8779 -2.53000e+02
8840 -2.52000e+02
8866 -2.51000e+02
8897 -2.50000e+02
8924 -2.49000e+02
8977 -2.48000e+02
9006 -2.47000e+02
9059 -2.46000e+02
9105 -2.45000e+02
9137 -2.44000e+02
9181 -2.43000e+02
9251 -2.42000e+02
9298 -2.41000e+02
9337 -2.40000e+02
9349 -2.39000e+02
9361 -2.38000e+02
9367 -2.37000e+02
9431 -2.36000e+02
9484 -2.35000e+02
9597 -2.34000e+02
9662 -2.33000e+02
9724 -2.32000e+02
9820 -2.31000e+02
9942 -2.30000e+02
9981 -2.30000e+02
"function evaluation" "best-so-far f(x)"
1 -3.93000e+02
10 -3.92000e+02
39 -3.90000e+02
85 -3.89000e+02
137 -3.88000e+02
253 -3.87000e+02
275 -3.86000e+02
321 -3.85000e+02
352 -3.83000e+02
411 -3.82000e+02
430 -3.81000e+02
441 -3.80000e+02
455 -3.79000e+02
462 -3.77000e+02
515 -3.76000e+02
550 -3.75000e+02
634 -3.74000e+02
721 -3.73000e+02
894 -3.72000e+02
963 -3.70000e+02
1049 -3.69000e+02
1210 -3.68000e+02
1312 -3.66000e+02
1337 -3.65000e+02
1351 -3.64000e+02
1369 -3.63000e+02
1438 -3.62000e+02
1512 -3.61000e+02
1513 -3.60000e+02
1540 -3.59000e+02
1542 -3.58000e+02
1573 -3.57000e+02
1695 -3.56000e+02
1724 -3.55000e+02
1829 -3.54000e+02
1911 -3.53000e+02
1927 -3.52000e+02
2090 -3.51000e+02
2181 -3.50000e+02
2282 -3.49000e+02
2345 -3.48000e+02
2355 -3.47000e+02
2420 -3.45000e+02
2486 -3.44000e+02
2504 -3.43000e+02
2643 -3.42000e+02
2672 -3.41000e+02
2727 -3.40000e+02
2812 -3.39000e+02
2859 -3.38000e+02
2945 -3.37000e+02
2975 -3.36000e+02
3006 -3.35000e+02
3053 -3.34000e+02
3177 -3.33000e+02
3200 -3.32000e+02
3216 -3.31000e+02
3500 -3.30000e+02
3543 -3.29000e+02
3640 -3.28000e+02
3752 -3.27000e+02
3770 -3.26000e+02
3822 -3.24000e+02
3849 -3.23000e+02
3870 -3.22000e+02
3966 -3.21000e+02
3977 -3.20000e+02
4061 -3.19000e+02
4107 -3.18000e+02
4162 -3.17000e+02
4263 -3.16000e+02
4378 -3.15000e+02
4383 -3.14000e+02
4516 -3.13000e+02
4650 -3.12000e+02
4700 -3.11000e+02
4728 -3.10000e+02
4825 -3.09000e+02
4829 -3.08000e+02
4862 -3.07000e+02
4905 -3.06000e+02
4923 -3.05000e+02
4952 -3.04000e+02
5031 -3.03000e+02
5055 -3.02000e+02
5089 -3.01000e+02
5137 -2.99000e+02
5183 -2.98000e+02
5309 -2.97000e+02
5400 -2.96000e+02
5466 -2.95000e+02
5555 -2.94000e+02
5611 -2.93000e+02
5654 -2.92000e+02
5844 -2.91000e+02
5947 -2.90000e+02
6124 -2.89000e+02
6340 -2.88000e+02
6466 -2.87000e+02
6521 -2.86000e+02
6644 -2.85000e+02
6677 -2.84000e+02
6769 -2.83000e+02
6840 -2.82000e+02
6890 -2.81000e+02
6913 -2.80000e+02
7013 -2.79000e+02
7113 -2.78000e+02
7161 -2.77000e+02
7180 -2.76000e+02
7199 -2.75000e+02
7256 -2.74000e+02
7355 -2.73000e+02
7435 -2.72000e+02
7469 -2.71000e+02
7515 -2.70000e+02
7587 -2.69000e+02
7612 -2.68000e+02
7641 -2.67000e+02
7717 -2.66000e+02
7890 -2.65000e+02
7976 -2.64000e+02
8014 -2.63000e+02
8084 -2.62000e+02
8172 -2.61000e+02
8217 -2.60000e+02
8250 -2.59000e+02
8367 -2.58000e+02
8517 -2.57000e+02
8554 -2.56000e+02
8585 -2.55000e+02
8614 -2.54000e+02
8756 -2.53000e+02
8908 -2.52000e+02
8925 -2.51000e+02
8986 -2.50000e+02
8989 -2.49000e+02
9047 -2.48000e+02
9138 -2.46000e+02
9240 -2.45000e+02
9241 -2.44000e+02
9281 -2.43000e+02
9370 -2.42000e+02
9427 -2.41000e+02
9440 -2.40000e+02
9500 -2.39000e+02
9519 -2.38000e+02
9645 -2.37000e+02
9723 -2.36000e+02
9862 -2.35000e+02
9882 -2.34000e+02
9932 -2.33000e+02
9981 -2.33000e+02
"function evaluation" "best-so-far f(x)"
1 -3.93000e+02
32 -3.92000e+02
77 -3.91000e+02
114 -3.90000e+02
148 -3.89000e+02
209 -3.88000e+02
271 -3.87000e+02
297 -3.86000e+02
352 -3.85000e+02
400 -3.84000e+02
404 -3.83000e+02
408 -3.82000e+02
444 -3.81000e+02
492 -3.80000e+02
517 -3.79000e+02
622 -3.78000e+02
669 -3.77000e+02
899 -3.76000e+02
908 -3.75000e+02
954 -3.74000e+02
963 -3.73000e+02
991 -3.72000e+02
1030 -3.71000e+02
1040 -3.70000e+02
1048 -3.69000e+02
1069 -3.68000e+02
1088 -3.67000e+02
1132 -3.66000e+02
1144 -3.65000e+02
1187 -3.64000e+02
1197 -3.63000e+02
1333 -3.61000e+02
1368 -3.60000e+02
1422 -3.59000e+02
1488 -3.58000e+02
1521 -3.57000e+02
1571 -3.56000e+02
1578 -3.55000e+02
1609 -3.54000e+02
1649 -3.53000e+02
1681 -3.52000e+02
1731 -3.51000e+02
1757 -3.50000e+02
1840 -3.49000e+02
1873 -3.48000e+02
1886 -3.47000e+02
1894 -3.46000e+02
1931 -3.45000e+02
1982 -3.44000e+02
2058 -3.43000e+02
2093 -3.42000e+02
2097 -3.41000e+02
2218 -3.40000e+02
2295 -3.39000e+02
2390 -3.38000e+02
2437 -3.37000e+02
2496 -3.35000e+02
2532 -3.34000e+02
2635 -3.33000e+02
2718 -3.32000e+02
2746 -3.31000e+02
2757 -3.30000e+02
2780 -3.29000e+02
2884 -3.28000e+02
2975 -3.27000e+02
3050 -3.26000e+02
3108 -3.25000e+02
3193 -3.24000e+02
3224 -3.23000e+02
3374 -3.22000e+02
3563 -3.21000e+02
3649 -3.20000e+02
3695 -3.19000e+02
3794 -3.18000e+02
3843 -3.17000e+02
3949 -3.16000e+02
4021 -3.15000e+02
4069 -3.14000e+02
4109 -3.13000e+02
4189 -3.11000e+02
4280 -3.10000e+02
4350 -3.09000e+02
4379 -3.08000e+02
4413 -3.07000e+02
4497 -3.06000e+02
4551 -3.05000e+02
4596 -3.04000e+02
4676 -3.03000e+02
4702 -3.02000e+02
4756 -3.01000e+02
4827 -3.00000e+02
4926 -2.99000e+02
4947 -2.98000e+02
5021 -2.97000e+02
5118 -2.96000e+02
5366 -2.95000e+02
5416 -2.94000e+02
5648 -2.93000e+02
5671 -2.92000e+02
5707 -2.91000e+02
5761 -2.89000e+02
5783 -2.88000e+02
5892 -2.87000e+02
5942 -2.86000e+02
6008 -2.85000e+02
6040 -2.84000e+02
6161 -2.83000e+02
6251 -2.82000e+02
6346 -2.81000e+02
6404 -2.80000e+02
6464 -2.79000e+02
6542 -2.78000e+02
6677 -2.77000e+02
6800 -2.76000e+02
6890 -2.75000e+02
6981 -2.74000e+02
7025 -2.73000e+02
7124 -2.72000e+02
7189 -2.71000e+02
7233 -2.69000e+02
7259 -2.68000e+02
7291 -2.67000e+02
7432 -2.66000e+02
7471 -2.65000e+02
7563 -2.64000e+02
7587 -2.63000e+02
7595 -2.62000e+02
7602 -2.61000e+02
7654 -2.60000e+02
7817 -2.59000e+02
7997 -2.58000e+02
8010 -2.57000e+02
8195 -2.56000e+02
8303 -2.55000e+02
8326 -2.54000e+02
8357 -2.53000e+02
8379 -2.51000e+02
8517 -2.50000e+02
8600 -2.49000e+02
8642 -2.48000e+02
8837 -2.47000e+02
8847 -2.46000e+02
8909 -2.45000e+02
9071 -2.44000e+02
9134 -2.43000e+02
9162 -2.42000e+02
9349 -2.41000e+02
9370 -2.39000e+02
9395 -2.38000e+02
9400 -2.37000e+02
9416 -2.36000e+02
9605 -2.35000e+02
9649 -2.34000e+02
9669 -2.33000e+02
9688 -2.32000e+02
9729 -2.31000e+02
9963 -2.30000e+02
9981 -2.30000e+02
"function evaluation" "best-so-far f(x)"
1 -3.93000e+02
11 -3.92000e+02
129 -3.91000e+02
175 -3.90000e+02
240 -3.89000e+02
254 -3.88000e+02
285 -3.87000e+02
403 -3.85000e+02
422 -3.84000e+02
468 -3.83000e+02
503 -3.82000e+02
537 -3.81000e+02
661 -3.80000e+02
719 -3.79000e+02
830 -3.78000e+02
965 -3.77000e+02
1061 -3.76000e+02
1073 -3.75000e+02
1175 -3.74000e+02
1287 -3.72000e+02
1305 -3.71000e+02
1321 -3.70000e+02
1384 -3.69000e+02
1472 -3.68000e+02
1481 -3.67000e+02
1492 -3.66000e+02
1558 -3.65000e+02
1560 -3.64000e+02
1612 -3.63000e+02
1701 -3.62000e+02
1713 -3.61000e+02
1792 -3.60000e+02
1878 -3.59000e+02
1960 -3.58000e+02
1966 -3.57000e+02
1989 -3.56000e+02
2018 -3.55000e+02
2034 -3.54000e+02
2095 -3.53000e+02
2174 -3.52000e+02
2231 -3.51000e+02
2286 -3.50000e+02
2340 -3.49000e+02
2361 -3.48000e+02
2401 -3.46000e+02
2413 -3.44000e+02
2438 -3.43000e+02
2518 -3.42000e+02
2540 -3.41000e+02
2551 -3.40000e+02
2594 -3.39000e+02
2657 -3.38000e+02
2709 -3.37000e+02
2765 -3.36000e+02
2784 -3.35000e+02
2804 -3.34000e+02
2811 -3.33000e+02
2905 -3.32000e+02
2949 -3.31000e+02
2964 -3.30000e+02
3083 -3.29000e+02
3094 -3.28000e+02
3170 -3.27000e+02
3293 -3.26000e+02
3324 -3.25000e+02
3353 -3.24000e+02
3575 -3.23000e+02
3655 -3.22000e+02
3657 -3.21000e+02
3778 -3.20000e+02
4039 -3.19000e+02
4093 -3.18000e+02
4135 -3.17000e+02
4194 -3.16000e+02
4277 -3.15000e+02
4321 -3.14000e+02
4328 -3.13000e+02
4405 -3.12000e+02
4496 -3.11000e+02
4566 -3.10000e+02
4658 -3.09000e+02
4660 -3.08000e+02
4709 -3.07000e+02
4864 -3.06000e+02
4904 -3.05000e+02
4916 -3.04000e+02
5044 -3.03000e+02
5112 -3.02000e+02
5142 -3.01000e+02
5202 -3.00000e+02
5230 -2.99000e+02
5359 -2.98000e+02
5397 -2.97000e+02
5412 -2.96000e+02
5426 -2.95000e+02
5444 -2.94000e+02
5494 -2.93000e+02
5500 -2.92000e+02
5573 -2.91000e+02
5599 -2.89000e+02
5726 -2.87000e+02
5876 -2.86000e+02
5967 -2.85000e+02
5971 -2.84000e+02
6122 -2.83000e+02
6396 -2.82000e+02
6434 -2.81000e+02
6444 -2.80000e+02
6468 -2.79000e+02
6476 -2.78000e+02
6542 -2.77000e+02
6703 -2.76000e+02
6784 -2.75000e+02
6865 -2.74000e+02
6953 -2.73000e+02
6998 -2.72000e+02
7014 -2.71000e+02
7072 -2.70000e+02
7201 -2.69000e+02
7282 -2.68000e+02
7454 -2.67000e+02
7493 -2.66000e+02
7547 -2.65000e+02
7614 -2.64000e+02
7693 -2.63000e+02
7770 -2.62000e+02
7784 -2.61000e+02
7798 -2.60000e+02
7904 -2.59000e+02
8009 -2.58000e+02
8054 -2.57000e+02
8130 -2.56000e+02
8238 -2.55000e+02
8368 -2.54000e+02
8504 -2.53000e+02
8698 -2.52000e+02
8779 -2.51000e+02
8938 -2.50000e+02
8956 -2.49000e+02
9095 -2.48000e+02
9278 -2.47000e+02
9312 -2.46000e+02
9332 -2.45000e+02
9365 -2.44000e+02
9396 -2.43000e+02
9496 -2.42000e+02
9586 -2.41000e+02
9666 -2.40000e+02
9773 -2.39000e+02
9889 -2.38000e+02
9981 -2.38000e+02
"function evaluation" "best-so-far f(x)"
1 -3.93000e+02
2 -3.92000e+02
40 -3.91000e+02
59 -3.90000e+02
78 -3.89000e+02
126 -3.88000e+02
169 -3.87000e+02
217 -3.86000e+02
240 -3.85000e+02
267 -3.84000e+02
294 -3.83000e+02
334 -3.81000e+02
379 -3.79000e+02
450 -3.78000e+02
463 -3.77000e+02
514 -3.75000e+02
547 -3.74000e+02
614 -3.73000e+02
623 -3.72000e+02
656 -3.71000e+02
690 -3.70000e+02
719 -3.69000e+02
790 -3.66000e+02
906 -3.65000e+02
998 -3.64000e+02
1146 -3.63000e+02
1157 -3.62000e+02
1194 -3.61000e+02
1209 -3.60000e+02
1269 -3.59000e+02
1335 -3.58000e+02
1343 -3.57000e+02
1455 -3.56000e+02
1541 -3.55000e+02
1573 -3.54000e+02
1593 -3.53000e+02
1618 -3.52000e+02
1664 -3.51000e+02
1723 -3.50000e+02
1742 -3.49000e+02
1838 -3.48000e+02
1870 -3.47000e+02
1905 -3.46000e+02
1990 -3.45000e+02
2005 -3.44000e+02
2015 -3.43000e+02
2040 -3.42000e+02
2092 -3.41000e+02
2106 -3.40000e+02
2187 -3.39000e+02
2273 -3.38000e+02
2319 -3.37000e+02
2356 -3.36000e+02
2374 -3.34000e+02
2389 -3.33000e+02
2604 -3.32000e+02
2714 -3.31000e+02
2832 -3.30000e+02
2896 -3.29000e+02
3008 -3.28000e+02
3078 -3.27000e+02
3258 -3.26000e+02
3311 -3.24000e+02
3330 -3.23000e+02
3403 -3.22000e+02
3533 -3.21000e+02
3588 -3.20000e+02
3680 -3.19000e+02
3722 -3.18000e+02
3740 -3.17000e+02
3776 -3.16000e+02
3806 -3.15000e+02
3858 -3.14000e+02
4006 -3.13000e+02
4020 -3.12000e+02
4083 -3.11000e+02
4184 -3.10000e+02
4246 -3.09000e+02
4387 -3.08000e+02
4482 -3.07000e+02
4519 -3.06000e+02
4586 -3.05000e+02
4688 -3.04000e+02
4748 -3.03000e+02
4758 -3.02000e+02
4789 -3.01000e+02
4896 -3.00000e+02
4909 -2.99000e+02
4950 -2.98000e+02
5092 -2.97000e+02
5132 -2.96000e+02
5153 -2.95000e+02
5175 -2.94000e+02
5236 -2.93000e+02
5264 -2.92000e+02
5288 -2.91000e+02
5328 -2.90000e+02
5398 -2.89000e+02
5414 -2.88000e+02
5435 -2.87000e+02
5499 -2.86000e+02
5653 -2.85000e+02
5719 -2.84000e+02
5753 -2.83000e+02
5770 -2.82000e+02
5798 -2.81000e+02
5977 -2.80000e+02
6130 -2.79000e+02
6174 -2.78000e+02
6269 -2.77000e+02
6340 -2.76000e+02
6376 -2.75000e+02
6501 -2.74000e+02
6513 -2.73000e+02
6532 -2.72000e+02
6549 -2.71000e+02
6587 -2.70000e+02
6693 -2.69000e+02
6721 -2.68000e+02
6831 -2.67000e+02
6863 -2.66000e+02
6914 -2.65000e+02
6928 -2.64000e+02
6977 -2.63000e+02
7074 -2.62000e+02
7097 -2.61000e+02
7122 -2.60000e+02
7151 -2.59000e+02
7217 -2.58000e+02
7271 -2.57000e+02
7460 -2.56000e+02
7553 -2.55000e+02
7599 -2.54000e+02
7795 -2.53000e+02
7895 -2.52000e+02
8021 -2.51000e+02
8137 -2.50000e+02
8208 -2.49000e+02
8236 -2.48000e+02
8287 -2.47000e+02
8332 -2.46000e+02
8360 -2.45000e+02
8481 -2.44000e+02
8651 -2.43000e+02
8693 -2.42000e+02
8716 -2.41000e+02
8833 -2.40000e+02
8867 -2.39000e+02
8946 -2.38000e+02
8993 -2.37000e+02
9098 -2.36000e+02
9197 -2.35000e+02
9264 -2.34000e+02
9336 -2.33000e+02
9384 -2.32000e+02
9428 -2.31000e+02
9466 -2.30000e+02
9556 -2.29000e+02
9626 -2.28000e+02
9681 -2.27000e+02
9852 -2.26000e+02
9981 -2.26000e+02
"function evaluation" "best-so-far f(x)"
1 -3.93000e+02
26 -3.92000e+02
41 -3.91000e+02
60 -3.90000e+02
92 -3.89000e+02
168 -3.88000e+02
189 -3.87000e+02
223 -3.86000e+02
268 -3.85000e+02
314 -3.84000e+02
381 -3.83000e+02
490 -3.82000e+02
496 -3.81000e+02
649 -3.80000e+02
688 -3.79000e+02
722 -3.78000e+02
826 -3.77000e+02
834 -3.76000e+02
985 -3.74000e+02
1025 -3.73000e+02
1059 -3.72000e+02
1124 -3.71000e+02
1169 -3.70000e+02
1303 -3.69000e+02
1342 -3.68000e+02
1468 -3.67000e+02
1503 -3.66000e+02
1619 -3.65000e+02
1793 -3.64000e+02
1801 -3.63000e+02
1807 -3.62000e+02
1865 -3.61000e+02
1873 -3.60000e+02
1901 -3.59000e+02
1928 -3.58000e+02
1968 -3.57000e+02
1983 -3.56000e+02
2011 -3.55000e+02
2136 -3.54000e+02
2167 -3.53000e+02
2191 -3.52000e+02
2313 -3.51000e+02
2450 -3.50000e+02
2493 -3.49000e+02
2530 -3.48000e+02
2596 -3.47000e+02
2639 -3.46000e+02
2666 -3.45000e+02
2741 -3.44000e+02
2758 -3.43000e+02
2831 -3.42000e+02
2881 -3.41000e+02
2939 -3.40000e+02
3031 -3.39000e+02
3050 -3.38000e+02
3115 -3.37000e+02
3192 -3.36000e+02
3228 -3.35000e+02
3326 -3.34000e+02
3356 -3.32000e+02
3380 -3.31000e+02
3596 -3.30000e+02
3623 -3.29000e+02
3655 -3.28000e+02
3707 -3.26000e+02
3783 -3.25000e+02
3790 -3.24000e+02
3863 -3.23000e+02
3951 -3.22000e+02
4033 -3.21000e+02
4188 -3.20000e+02
4282 -3.19000e+02
4283 -3.18000e+02
4352 -3.17000e+02
4504 -3.16000e+02
4595 -3.15000e+02
4660 -3.14000e+02
4759 -3.13000e+02
4856 -3.12000e+02
4868 -3.11000e+02
4894 -3.10000e+02
5036 -3.09000e+02
5157 -3.08000e+02
5199 -3.07000e+02
5255 -3.06000e+02
5298 -3.04000e+02
5315 -3.03000e+02
5328 -3.01000e+02
5400 -3.00000e+02
5419 -2.99000e+02
5449 -2.98000e+02
5475 -2.97000e+02
5517 -2.96000e+02
5652 -2.95000e+02
5742 -2.94000e+02
5803 -2.93000e+02
5838 -2.92000e+02
5944 -2.91000e+02
6049 -2.89000e+02
6216 -2.88000e+02
6264 -2.87000e+02
6402 -2.86000e+02
6512 -2.85000e+02
6622 -2.84000e+02
6666 -2.83000e+02
6691 -2.82000e+02
6758 -2.81000e+02
7019 -2.80000e+02
7118 -2.79000e+02
7215 -2.78000e+02
7351 -2.77000e+02
7415 -2.76000e+02
7578 -2.75000e+02
7622 -2.74000e+02
7681 -2.73000e+02
7707 -2.72000e+02
7849 -2.71000e+02
7877 -2.70000e+02
7927 -2.69000e+02
7956 -2.68000e+02
8012 -2.67000e+02
8066 -2.66000e+02
8276 -2.65000e+02
8330 -2.64000e+02
8416 -2.63000e+02
8435 -2.62000e+02
8457 -2.61000e+02
8469 -2.60000e+02
8488 -2.59000e+02
8593 -2.58000e+02
8723 -2.57000e+02
8829 -2.56000e+02
9012 -2.55000e+02
9037 -2.54000e+02
9049 -2.53000e+02
9110 -2.52000e+02
9221 -2.51000e+02
9296 -2.50000e+02
9314 -2.49000e+02
9433 -2.47000e+02
9649 -2.46000e+02
9694 -2.45000e+02
9821 -2.43000e+02
9881 -2.42000e+02
9931 -2.41000e+02
9981 -2.41000e+02
"function evaluation" "best-so-far f(x)"
1 -3.93000e+02
86 -3.92000e+02
156 -3.91000e+02
203 -3.90000e+02
224 -3.89000e+02
233 -3.88000e+02
350 -3.87000e+02
361 -3.86000e+02
499 -3.85000e+02
581 -3.84000e+02
622 -3.83000e+02
698 -3.82000e+02
725 -3.80000e+02
729 -3.79000e+02
884 -3.78000e+02
904 -3.77000e+02
939 -3.76000e+02
969 -3.75000e+02
997 -3.74000e+02
1086 -3.73000e+02
1100 -3.72000e+02
1150 -3.71000e+02
1183 -3.70000e+02
1208 -3.69000e+02
1211 -3.68000e+02
1274 -3.67000e+02
1366 -3.66000e+02
1385 -3.65000e+02
1394 -3.64000e+02
1409 -3.63000e+02
1415 -3.62000e+02
1494 -3.61000e+02
1539 -3.60000e+02
1589 -3.59000e+02
1655 -3.58000e+02
1696 -3.57000e+02
1772 -3.56000e+02
1796 -3.55000e+02
1877 -3.54000e+02
2076 -3.53000e+02
2160 -3.51000e+02
2175 -3.50000e+02
2207 -3.49000e+02
2269 -3.48000e+02
2302 -3.47000e+02
2310 -3.46000e+02
2384 -3.45000e+02
2490 -3.44000e+02
2506 -3.43000e+02
2508 -3.42000e+02
2541 -3.41000e+02
2652 -3.39000e+02
2783 -3.38000e+02
2975 -3.37000e+02
3032 -3.36000e+02
3044 -3.35000e+02
3083 -3.34000e+02
3123 -3.32000e+02
3226 -3.31000e+02
3256 -3.29000e+02
3291 -3.28000e+02
3357 -3.27000e+02
3362 -3.26000e+02
3387 -3.25000e+02
3404 -3.24000e+02
3432 -3.23000e+02
3441 -3.22000e+02
3565 -3.21000e+02
3586 -3.20000e+02
3595 -3.19000e+02
3643 -3.18000e+02
3709 -3.16000e+02
3741 -3.15000e+02
3835 -3.14000e+02
3849 -3.13000e+02
3916 -3.12000e+02
3930 -3.11000e+02
3953 -3.10000e+02
3992 -3.09000e+02
4158 -3.08000e+02
4209 -3.07000e+02
4223 -3.06000e+02
4256 -3.05000e+02
4311 -3.04000e+02
4344 -3.03000e+02
4400 -3.02000e+02
4481 -3.01000e+02
4507 -3.00000e+02
4562 -2.98000e+02
4577 -2.97000e+02
4633 -2.96000e+02
4678 -2.95000e+02
4774 -2.94000e+02
4813 -2.93000e+02
4849 -2.92000e+02
4885 -2.91000e+02
5013 -2.90000e+02
5049 -2.89000e+02
5099 -2.88000e+02
5110 -2.87000e+02
5258 -2.86000e+02
5374 -2.85000e+02
5419 -2.84000e+02
5470 -2.83000e+02
5484 -2.82000e+02
5696 -2.81000e+02
5767 -2.80000e+02
5824 -2.78000e+02
5838 -2.77000e+02
6064 -2.75000e+02
6266 -2.74000e+02
6369 -2.73000e+02
6389 -2.72000e+02
6579 -2.71000e+02
6654 -2.70000e+02
6757 -2.69000e+02
6805 -2.68000e+02
6841 -2.67000e+02
6924 -2.66000e+02
7061 -2.65000e+02
7162 -2.64000e+02
7180 -2.63000e+02
7377 -2.62000e+02
7494 -2.61000e+02
7710 -2.60000e+02
7746 -2.59000e+02
7764 -2.58000e+02
7873 -2.57000e+02
7967 -2.56000e+02
8132 -2.55000e+02
8242 -2.54000e+02
8457 -2.53000e+02
8473 -2.52000e+02
8508 -2.51000e+02
8625 -2.50000e+02
8722 -2.49000e+02
8733 -2.47000e+02
8814 -2.46000e+02
8858 -2.45000e+02
8904 -2.44000e+02
8922 -2.43000e+02
9044 -2.42000e+02
9053 -2.41000e+02
9131 -2.40000e+02
9227 -2.39000e+02
9316 -2.38000e+02
9355 -2.37000e+02
9390 -2.36000e+02
9485 -2.35000e+02
9593 -2.34000e+02
9671 -2.33000e+02
9754 -2.32000e+02
9798 -2.31000e+02
9865 -2.30000e+02
9957 -2.29000e+02
9981 -2.29000e+02
"function evaluation" "best-so-far f(x)"
1 -3.93000e+02
34 -3.92000e+02
112 -3.91000e+02
151 -3.90000e+02
218 -3.89000e+02
393 -3.88000e+02
535 -3.87000e+02
547 -3.86000e+02
549 -3.85000e+02
572 -3.84000e+02
651 -3.83000e+02
702 -3.82000e+02
703 -3.81000e+02
827 -3.80000e+02
878 -3.79000e+02
940 -3.78000e+02
951 -3.77000e+02
1004 -3.76000e+02
1049 -3.75000e+02
1062 -3.73000e+02
1290 -3.72000e+02
1312 -3.71000e+02
1331 -3.70000e+02
1435 -3.69000e+02
1479 -3.68000e+02
1560 -3.67000e+02
1642 -3.66000e+02
1652 -3.65000e+02
1662 -3.64000e+02
1674 -3.63000e+02
1763 -3.62000e+02
1820 -3.61000e+02
1867 -3.59000e+02
2010 -3.58000e+02
2084 -3.57000e+02
2122 -3.56000e+02
2222 -3.55000e+02
2270 -3.54000e+02
2315 -3.53000e+02
2370 -3.52000e+02
2387 -3.51000e+02
2413 -3.50000e+02
2436 -3.49000e+02
2484 -3.48000e+02
2514 -3.47000e+02
2533 -3.46000e+02
2609 -3.45000e+02
2739 -3.44000e+02
2778 -3.43000e+02
2791 -3.42000e+02
2909 -3.41000e+02
2974 -3.40000e+02
2982 -3.39000e+02
3005 -3.38000e+02
3098 -3.37000e+02
3139 -3.36000e+02
3222 -3.35000e+02
3253 -3.34000e+02
3311 -3.33000e+02
3350 -3.32000e+02
3423 -3.31000e+02
3464 -3.29000e+02
3466 -3.28000e+02
3540 -3.27000e+02
3627 -3.26000e+02
3695 -3.25000e+02
3894 -3.24000e+02
3904 -3.23000e+02
3972 -3.22000e+02
4021 -3.21000e+02
4122 -3.20000e+02
4227 -3.19000e+02
4273 -3.18000e+02
4294 -3.17000e+02
4350 -3.16000e+02
4528 -3.15000e+02
4648 -3.14000e+02
4712 -3.13000e+02
4727 -3.12000e+02
4764 -3.11000e+02
4823 -3.10000e+02
4848 -3.09000e+02
4880 -3.08000e+02
4938 -3.07000e+02
4939 -3.06000e+02
4970 -3.05000e+02
5044 -3.04000e+02
5081 -3.03000e+02
5085 -3.02000e+02
5154 -3.01000e+02
5240 -3.00000e+02
5296 -2.99000e+02
5303 -2.98000e+02
5406 -2.97000e+02
5409 -2.96000e+02
5419 -2.95000e+02
5453 -2.94000e+02
5481 -2.93000e+02
5549 -2.92000e+02
5556 -2.91000e+02
5608 -2.90000e+02
5643 -2.89000e+02
5781 -2.88000e+02
5891 -2.87000e+02
5905 -2.85000e+02
5943 -2.84000e+02
6068 -2.83000e+02
6167 -2.82000e+02
6190 -2.81000e+02
6300 -2.80000e+02
6368 -2.79000e+02
6551 -2.78000e+02
6641 -2.77000e+02
6710 -2.76000e+02
6785 -2.75000e+02
6802 -2.74000e+02
6861 -2.73000e+02
7007 -2.72000e+02
7044 -2.71000e+02
7164 -2.70000e+02
7286 -2.69000e+02
7352 -2.68000e+02
7448 -2.67000e+02
7460 -2.66000e+02
7620 -2.65000e+02
7671 -2.64000e+02
7703 -2.63000e+02
7913 -2.62000e+02
8001 -2.61000e+02
8110 -2.60000e+02
8241 -2.59000e+02
8342 -2.58000e+02
8419 -2.57000e+02
8552 -2.56000e+02
8615 -2.55000e+02
8631 -2.54000e+02
8909 -2.53000e+02
8977 -2.52000e+02
9035 -2.51000e+02
9058 -2.50000e+02
9078 -2.49000e+02
9268 -2.48000e+02
9285 -2.47000e+02
9366 -2.46000e+02
9377 -2.45000e+02
9477 -2.44000e+02
9524 -2.43000e+02
9614 -2.42000e+02
9676 -2.41000e+02
9686 -2.40000e+02
9705 -2.39000e+02
9720 -2.38000e+02
9766 -2.37000e+02
9828 -2.36000e+02
9917 -2.35000e+02
9958 -2.34000e+02
9976 -2.33000e+02
9981 -2.33000e+02
"function evaluation" "best-so-far f(x)"
1 -3.93000e+02
2 -3.92000e+02
79 -3.91000e+02
277 -3.90000e+02
286 -3.89000e+02
324 -3.88000e+02
346 -3.87000e+02
408 -3.86000e+02
496 -3.85000e+02
533 -3.83000e+02
622 -3.82000e+02
645 -3.81000e+02
685 -3.80000e+02
695 -3.79000e+02
729 -3.78000e+02
823 -3.77000e+02
876 -3.76000e+02
902 -3.75000e+02
919 -3.74000e+02
986 -3.73000e+02
1009 -3.72000e+02
1016 -3.71000e+02
1098 -3.70000e+02
1109 -3.69000e+02
1185 -3.68000e+02
1226 -3.67000e+02
1310 -3.66000e+02
1349 -3.65000e+02
1365 -3.64000e+02
1387 -3.63000e+02
1417 -3.62000e+02
1463 -3.61000e+02
1510 -3.60000e+02
1542 -3.59000e+02
1629 -3.58000e+02
1680 -3.57000e+02
1870 -3.56000e+02
1944 -3.55000e+02
1965 -3.54000e+02
2027 -3.53000e+02
2076 -3.52000e+02
2186 -3.51000e+02
2195 -3.50000e+02
2239 -3.49000e+02
2317 -3.48000e+02
2390 -3.47000e+02
2508 -3.46000e+02
2642 -3.45000e+02
2678 -3.44000e+02
2777 -3.43000e+02
2826 -3.42000e+02
2904 -3.41000e+02
2933 -3.40000e+02
3127 -3.39000e+02
3144 -3.38000e+02
3167 -3.37000e+02
3203 -3.36000e+02
3207 -3.35000e+02
3241 -3.34000e+02
3248 -3.33000e+02
3265 -3.32000e+02
3284 -3.31000e+02
3296 -3.30000e+02
3333 -3.29000e+02
3336 -3.28000e+02
3353 -3.27000e+02
3355 -3.26000e+02
3383 -3.25000e+02
3667 -3.24000e+02
3735 -3.23000e+02
3865 -3.22000e+02
3895 -3.21000e+02
3956 -3.20000e+02
4005 -3.19000e+02
4050 -3.18000e+02
4069 -3.17000e+02
4088 -3.16000e+02
4286 -3.15000e+02
4366 -3.14000e+02
4370 -3.13000e+02
4559 -3.12000e+02
4568 -3.11000e+02
4592 -3.10000e+02
4767 -3.09000e+02
4774 -3.08000e+02
4828 -3.07000e+02
4849 -3.06000e+02
4881 -3.05000e+02
4936 -3.04000e+02
4964 -3.03000e+02
5028 -3.02000e+02
5094 -3.01000e+02
5118 -3.00000e+02
5304 -2.99000e+02
5327 -2.98000e+02
5373 -2.96000e+02
5429 -2.95000e+02
5512 -2.94000e+02
5529 -2.93000e+02
5580 -2.92000e+02
5615 -2.91000e+02
5682 -2.90000e+02
5786 -2.89000e+02
5810 -2.88000e+02
5886 -2.87000e+02
5899 -2.86000e+02
5924 -2.85000e+02
6146 -2.84000e+02
6262 -2.83000e+02
6303 -2.82000e+02
6405 -2.81000e+02
6443 -2.80000e+02
6553 -2.79000e+02
6635 -2.78000e+02
6690 -2.77000e+02
6709 -2.76000e+02
6924 -2.75000e+02
7008 -2.74000e+02
7036 -2.73000e+02
7169 -2.72000e+02
7189 -2.71000e+02
7240 -2.70000e+02
7268 -2.69000e+02
7338 -2.68000e+02
7481 -2.67000e+02
7535 -2.66000e+02
7650 -2.65000e+02
7702 -2.64000e+02
7775 -2.63000e+02
7972 -2.62000e+02
8133 -2.61000e+02
8213 -2.60000e+02
8445 -2.58000e+02
8465 -2.57000e+02
8506 -2.56000e+02
8647 -2.55000e+02
8732 -2.54000e+02
8819 -2.52000e+02
8865 -2.51000e+02
8928 -2.50000e+02
8947 -2.49000e+02
9049 -2.48000e+02
9130 -2.47000e+02
9153 -2.46000e+02
9244 -2.45000e+02
9287 -2.44000e+02
9310 -2.43000e+02
9430 -2.42000e+02
9516 -2.41000e+02
9533 -2.40000e+02
9672 -2.39000e+02
9778 -2.38000e+02
9827 -2.37000e+02
9919 -2.35000e+02
9937 -2.34000e+02
9981 -2.34000e+02
"function evaluation" "best-so-far f(x)"
1 -3.93000e+02
33 -3.92000e+02
104 -3.91000e+02
150 -3.90000e+02
206 -3.89000e+02
218 -3.88000e+02
249 -3.87000e+02
331 -3.86000e+02
359 -3.85000e+02
381 -3.84000e+02
392 -3.83000e+02
463 -3.82000e+02
467 -3.80000e+02
630 -3.79000e+02
797 -3.78000e+02
872 -3.77000e+02
884 -3.76000e+02
935 -3.75000e+02
966 -3.74000e+02
971 -3.73000e+02
1025 -3.72000e+02
1102 -3.71000e+02
1177 -3.70000e+02
1307 -3.69000e+02
1319 -3.68000e+02
1354 -3.67000e+02
1369 -3.66000e+02
1400 -3.65000e+02
1461 -3.64000e+02
1512 -3.63000e+02
1543 -3.62000e+02
1553 -3.61000e+02
1584 -3.60000e+02
1697 -3.59000e+02
1773 -3.58000e+02
1808 -3.57000e+02
1824 -3.56000e+02
1923 -3.55000e+02
1938 -3.54000e+02
1941 -3.53000e+02
1975 -3.52000e+02
2036 -3.51000e+02
2122 -3.50000e+02
2148 -3.49000e+02
2217 -3.48000e+02
2237 -3.47000e+02
2261 -3.45000e+02
2276 -3.44000e+02
2304 -3.43000e+02
2346 -3.42000e+02
2451 -3.41000e+02
2547 -3.40000e+02
2560 -3.39000e+02
2676 -3.38000e+02
2749 -3.37000e+02
2754 -3.36000e+02
2813 -3.35000e+02
2820 -3.34000e+02
2994 -3.33000e+02
3172 -3.32000e+02
3283 -3.31000e+02
3425 -3.30000e+02
3488 -3.29000e+02
3496 -3.28000e+02
3549 -3.27000e+02
3623 -3.26000e+02
3657 -3.25000e+02
3735 -3.24000e+02
3803 -3.23000e+02
3860 -3.22000e+02
3970 -3.21000e+02
4011 -3.19000e+02
4079 -3.18000e+02
4127 -3.17000e+02
4207 -3.16000e+02
4239 -3.15000e+02
4307 -3.14000e+02
4325 -3.13000e+02
4432 -3.12000e+02
4524 -3.11000e+02
4644 -3.09000e+02
4765 -3.08000e+02
4771 -3.06000e+02
4805 -3.05000e+02
4865 -3.04000e+02
4949 -3.03000e+02
5025 -3.02000e+02
5062 -3.01000e+02
5082 -3.00000e+02
5162 -2.99000e+02
5171 -2.98000e+02
5311 -2.97000e+02
5330 -2.96000e+02
5408 -2.95000e+02
5491 -2.94000e+02
5575 -2.93000e+02
5652 -2.92000e+02
5798 -2.91000e+02
5844 -2.90000e+02
5949 -2.89000e+02
5972 -2.88000e+02
6050 -2.87000e+02
6119 -2.86000e+02
6231 -2.85000e+02
6251 -2.84000e+02
6297 -2.83000e+02
6329 -2.82000e+02
6330 -2.81000e+02
6336 -2.80000e+02
6407 -2.79000e+02
6451 -2.77000e+02
6503 -2.76000e+02
6563 -2.75000e+02
6615 -2.74000e+02
6772 -2.73000e+02
6906 -2.72000e+02
6921 -2.71000e+02
6957 -2.70000e+02
7019 -2.69000e+02
7165 -2.68000e+02
7198 -2.67000e+02
7314 -2.66000e+02
7468 -2.65000e+02
7549 -2.64000e+02
7616 -2.63000e+02
7641 -2.62000e+02
7678 -2.61000e+02
7745 -2.59000e+02
7828 -2.58000e+02
7939 -2.57000e+02
7958 -2.56000e+02
7985 -2.55000e+02
8021 -2.54000e+02
8189 -2.53000e+02
8216 -2.52000e+02
8247 -2.51000e+02
8255 -2.50000e+02
8347 -2.49000e+02
8348 -2.48000e+02
8350 -2.47000e+02
8480 -2.46000e+02
8515 -2.45000e+02
8531 -2.44000e+02
8650 -2.43000e+02
8890 -2.42000e+02
8999 -2.41000e+02
9014 -2.40000e+02
9143 -2.39000e+02
9237 -2.38000e+02
9279 -2.37000e+02
9364 -2.36000e+02
9440 -2.35000e+02
9492 -2.34000e+02
9515 -2.33000e+02
9712 -2.32000e+02
9807 -2.31000e+02
9863 -2.30000e+02
9981 -2.30000e+02
"function evaluation" "best-so-far f(x)"
1 -3.93000e+02
11 -3.92000e+02
39 -3.90000e+02
87 -3.89000e+02
157 -3.88000e+02
167 -3.87000e+02
262 -3.86000e+02
364 -3.85000e+02
444 -3.84000e+02
482 -3.83000e+02
514 -3.82000e+02
529 -3.81000e+02
553 -3.80000e+02
664 -3.79000e+02
717 -3.78000e+02
734 -3.77000e+02
830 -3.76000e+02
869 -3.75000e+02
883 -3.74000e+02
910 -3.73000e+02
959 -3.72000e+02
962 -3.71000e+02
1085 -3.70000e+02
1099 -3.69000e+02
1154 -3.68000e+02
1225 -3.67000e+02
1260 -3.66000e+02
1270 -3.65000e+02
1321 -3.64000e+02
1468 -3.63000e+02
1509 -3.62000e+02
1621 -3.61000e+02
1766 -3.60000e+02
1805 -3.58000e+02
1847 -3.57000e+02
1983 -3.55000e+02
2067 -3.54000e+02
2113 -3.53000e+02
2254 -3.52000e+02
2270 -3.51000e+02
2290 -3.50000e+02
2384 -3.49000e+02
2447 -3.48000e+02
2542 -3.47000e+02
2654 -3.46000e+02
2679 -3.45000e+02
2776 -3.44000e+02
2871 -3.43000e+02
2904 -3.42000e+02
3063 -3.41000e+02
3204 -3.40000e+02
3227 -3.39000e+02
3290 -3.38000e+02
3317 -3.37000e+02
3324 -3.36000e+02
3462 -3.35000e+02
3543 -3.34000e+02
3547 -3.33000e+02
3575 -3.32000e+02
3595 -3.31000e+02
3619 -3.30000e+02
3713 -3.29000e+02
3740 -3.28000e+02
3748 -3.27000e+02
3840 -3.26000e+02
3925 -3.25000e+02
4007 -3.24000e+02
4080 -3.23000e+02
4249 -3.22000e+02
4265 -3.21000e+02
4274 -3.20000e+02
4313 -3.19000e+02
4364 -3.18000e+02
4472 -3.17000e+02
4598 -3.16000e+02
4621 -3.15000e+02
4689 -3.14000e+02
4803 -3.13000e+02
4925 -3.12000e+02
5021 -3.11000e+02
5127 -3.10000e+02
5191 -3.09000e+02
5272 -3.08000e+02
5345 -3.07000e+02
5596 -3.06000e+02
5624 -3.05000e+02
5728 -3.04000e+02
5784 -3.03000e+02
5877 -3.02000e+02
5905 -3.00000e+02
5919 -2.99000e+02
6011 -2.98000e+02
6080 -2.97000e+02
6246 -2.96000e+02
6393 -2.95000e+02
6423 -2.94000e+02
6449 -2.93000e+02
6455 -2.92000e+02
6518 -2.91000e+02
6549 -2.90000e+02
6589 -2.89000e+02
6604 -2.88000e+02
6746 -2.87000e+02
6824 -2.86000e+02
6987 -2.85000e+02
7048 -2.84000e+02
7146 -2.83000e+02
7191 -2.82000e+02
7311 -2.81000e+02
7410 -2.80000e+02
7441 -2.78000e+02
7552 -2.77000e+02
7669 -2.76000e+02
7707 -2.75000e+02
7793 -2.74000e+02
7803 -2.73000e+02
7831 -2.72000e+02
7890 -2.71000e+02
7952 -2.70000e+02
8014 -2.69000e+02
8056 -2.68000e+02
8166 -2.66000e+02
8271 -2.65000e+02
8291 -2.64000e+02
8628 -2.63000e+02
8699 -2.62000e+02
8760 -2.61000e+02
8804 -2.60000e+02
8885 -2.59000e+02
8994 -2.58000e+02
8999 -2.57000e+02
9087 -2.56000e+02
9116 -2.54000e+02
9217 -2.53000e+02
9262 -2.52000e+02
9348 -2.51000e+02
9437 -2.50000e+02
9494 -2.49000e+02
9498 -2.48000e+02
9531 -2.47000e+02
9549 -2.46000e+02
9576 -2.45000e+02
9770 -2.44000e+02
9874 -2.43000e+02
9981 -2.43000e+02
"function evaluation" "best-so-far f(x)"
1 -3.93000e+02
21 -3.92000e+02
81 -3.91000e+02
103 -3.90000e+02
113 -3.89000e+02
121 -3.88000e+02
189 -3.87000e+02
236 -3.86000e+02
253 -3.85000e+02
271 -3.84000e+02
287 -3.83000e+02
412 -3.81000e+02
516 -3.80000e+02
626 -3.79000e+02
677 -3.78000e+02
749 -3.77000e+02
785 -3.76000e+02
801 -3.75000e+02
905 -3.74000e+02
937 -3.73000e+02
1011 -3.72000e+02
1015 -3.71000e+02
1166 -3.70000e+02
1220 -3.68000e+02
1342 -3.67000e+02
1372 -3.66000e+02
1417 -3.65000e+02
1514 -3.64000e+02
1583 -3.63000e+02
1639 -3.62000e+02
1676 -3.61000e+02
1780 -3.60000e+02
1829 -3.59000e+02
1915 -3.58000e+02
1926 -3.57000e+02
1944 -3.56000e+02
1975 -3.55000e+02
2007 -3.54000e+02
2085 -3.53000e+02
2148 -3.52000e+02
2211 -3.51000e+02
2253 -3.50000e+02
2328 -3.49000e+02
2330 -3.48000e+02
2342 -3.47000e+02
2393 -3.46000e+02
2478 -3.45000e+02
2609 -3.44000e+02
2686 -3.43000e+02
2709 -3.42000e+02
2736 -3.41000e+02
2790 -3.40000e+02
2888 -3.39000e+02
2928 -3.38000e+02
2991 -3.37000e+02
3008 -3.36000e+02
3043 -3.35000e+02
3057 -3.34000e+02
3234 -3.33000e+02
3431 -3.32000e+02
3433 -3.31000e+02
3476 -3.30000e+02
3499 -3.29000e+02
3541 -3.28000e+02
3591 -3.27000e+02
3656 -3.26000e+02
3671 -3.25000e+02
3771 -3.24000e+02
3804 -3.23000e+02
3849 -3.22000e+02
3889 -3.21000e+02
3984 -3.20000e+02
4001 -3.19000e+02
4040 -3.18000e+02
4062 -3.17000e+02
4141 -3.16000e+02
4176 -3.15000e+02
4223 -3.14000e+02
4249 -3.13000e+02
4302 -3.11000e+02
4317 -3.10000e+02
4399 -3.09000e+02
4449 -3.08000e+02
4498 -3.07000e+02
4529 -3.06000e+02
4589 -3.05000e+02
4795 -3.04000e+02
4834 -3.03000e+02
4844 -3.02000e+02
4871 -3.01000e+02
4992 -3.00000e+02
5111 -2.99000e+02
5151 -2.98000e+02
5326 -2.96000e+02
5341 -2.95000e+02
5375 -2.94000e+02
5437 -2.93000e+02
5504 -2.92000e+02
5582 -2.91000e+02
5595 -2.90000e+02
5746 -2.88000e+02
5818 -2.87000e+02
5875 -2.86000e+02
5997 -2.85000e+02
6004 -2.84000e+02
6050 -2.83000e+02
6065 -2.82000e+02
6110 -2.81000e+02
6214 -2.80000e+02
6237 -2.79000e+02
6469 -2.78000e+02
6579 -2.77000e+02
6690 -2.76000e+02
6728 -2.74000e+02
6820 -2.73000e+02
6850 -2.72000e+02
6892 -2.71000e+02
6956 -2.69000e+02
7033 -2.68000e+02
7055 -2.67000e+02
7069 -2.66000e+02
7160 -2.65000e+02
7249 -2.64000e+02
7317 -2.63000e+02
7323 -2.62000e+02
7386 -2.61000e+02
7518 -2.60000e+02
7539 -2.59000e+02
7578 -2.58000e+02
7669 -2.57000e+02
7670 -2.56000e+02
7688 -2.55000e+02
7831 -2.54000e+02
7871 -2.53000e+02
8086 -2.52000e+02
8157 -2.51000e+02
8300 -2.50000e+02
8441 -2.49000e+02
8627 -2.48000e+02
8645 -2.47000e+02
8740 -2.46000e+02
8744 -2.45000e+02
8766 -2.44000e+02
8890 -2.43000e+02
9051 -2.42000e+02
9142 -2.41000e+02
9267 -2.40000e+02
9390 -2.39000e+02
9425 -2.38000e+02
9506 -2.37000e+02
9728 -2.36000e+02
9809 -2.35000e+02
9930 -2.34000e+02
9975 -2.33000e+02
9981 -2.33000e+02
"function evaluation" "best-so-far f(x)"
1 -3.93000e+02
29 -3.92000e+02
38 -3.91000e+02
61 -3.89000e+02
107 -3.88000e+02
111 -3.87000e+02
206 -3.86000e+02
216 -3.85000e+02
293 -3.84000e+02
299 -3.83000e+02
322 -3.82000e+02
384 -3.81000e+02
414 -3.80000e+02
420 -3.79000e+02
444 -3.78000e+02
453 -3.77000e+02
515 -3.76000e+02
567 -3.75000e+02
614 -3.74000e+02
637 -3.73000e+02
683 -3.72000e+02
718 -3.71000e+02
731 -3.70000e+02
779 -3.69000e+02
789 -3.68000e+02
814 -3.67000e+02
845 -3.65000e+02
906 -3.64000e+02
925 -3.63000e+02
1013 -3.62000e+02
1116 -3.61000e+02
1117 -3.60000e+02
1180 -3.59000e+02
1236 -3.58000e+02
1314 -3.57000e+02
1370 -3.56000e+02
1480 -3.55000e+02
1504 -3.54000e+02
1505 -3.53000e+02
1625 -3.52000e+02
1671 -3.51000e+02
1871 -3.50000e+02
1918 -3.49000e+02
1940 -3.48000e+02
1991 -3.47000e+02
2100 -3.46000e+02
2193 -3.45000e+02
2294 -3.44000e+02
2334 -3.43000e+02
2483 -3.42000e+02
2606 -3.41000e+02
2714 -3.40000e+02
2830 -3.39000e+02
2861 -3.38000e+02
2961 -3.37000e+02
2990 -3.36000e+02
3038 -3.35000e+02
3079 -3.34000e+02
3129 -3.33000e+02
3185 -3.32000e+02
3221 -3.31000e+02
3350 -3.30000e+02
3359 -3.29000e+02
3445 -3.28000e+02
3494 -3.27000e+02
3533 -3.26000e+02
3604 -3.25000e+02
3661 -3.24000e+02
3702 -3.23000e+02
3742 -3.22000e+02
3773 -3.21000e+02
3875 -3.20000e+02
3900 -3.19000e+02
3905 -3.18000e+02
4022 -3.17000e+02
4110 -3.16000e+02
4136 -3.15000e+02
4158 -3.14000e+02
4268 -3.13000e+02
4293 -3.12000e+02
4309 -3.11000e+02
4462 -3.10000e+02
4486 -3.09000e+02
4536 -3.08000e+02
4558 -3.07000e+02
4577 -3.06000e+02
4698 -3.05000e+02
4739 -3.04000e+02
4771 -3.03000e+02
4782 -3.02000e+02
4802 -3.01000e+02
4826 -3.00000e+02
4840 -2.99000e+02
4913 -2.98000e+02
5057 -2.97000e+02
5187 -2.96000e+02
5198 -2.95000e+02
5217 -2.94000e+02
5291 -2.92000e+02
5354 -2.91000e+02
5436 -2.90000e+02
5492 -2.89000e+02
5573 -2.88000e+02
5687 -2.87000e+02
5800 -2.86000e+02
5910 -2.85000e+02
5960 -2.84000e+02
5975 -2.83000e+02
6059 -2.82000e+02
6137 -2.81000e+02
6149 -2.80000e+02
6199 -2.79000e+02
6291 -2.78000e+02
6314 -2.77000e+02
6473 -2.76000e+02
6535 -2.75000e+02
6575 -2.73000e+02
6629 -2.72000e+02
6778 -2.71000e+02
6815 -2.70000e+02
6900 -2.69000e+02
6941 -2.67000e+02
7055 -2.66000e+02
7071 -2.65000e+02
7105 -2.64000e+02
7309 -2.63000e+02
7423 -2.62000e+02
7450 -2.60000e+02
7546 -2.59000e+02
7574 -2.58000e+02
7649 -2.57000e+02
7708 -2.55000e+02
7794 -2.54000e+02
7813 -2.53000e+02
7866 -2.52000e+02
7937 -2.51000e+02
8184 -2.50000e+02
8245 -2.49000e+02
8424 -2.48000e+02
8508 -2.47000e+02
8534 -2.46000e+02
8626 -2.45000e+02
8656 -2.44000e+02
8778 -2.43000e+02
8798 -2.42000e+02
8933 -2.41000e+02
8998 -2.40000e+02
9118 -2.39000e+02
9166 -2.38000e+02
9235 -2.37000e+02
9256 -2.36000e+02
9285 -2.35000e+02
9350 -2.34000e+02
9390 -2.33000e+02
9420 -2.32000e+02
9511 -2.31000e+02
9513 -2.30000e+02
9660 -2.29000e+02
9683 -2.28000e+02
9789 -2.27000e+02
9845 -2.26000e+02
9862 -2.25000e+02
9908 -2.23000e+02
9980 -2.22000e+02
9981 -2.22000e+02
"function evaluation" "best-so-far f(x)"
1 -3.93000e+02
47 -3.92000e+02
133 -3.91000e+02
208 -3.90000e+02
275 -3.89000e+02
317 -3.88000e+02
341 -3.87000e+02
381 -3.86000e+02
451 -3.85000e+02
570 -3.84000e+02
587 -3.83000e+02
615 -3.82000e+02
670 -3.81000e+02
688 -3.80000e+02
790 -3.79000e+02
845 -3.78000e+02
923 -3.77000e+02
993 -3.76000e+02
1019 -3.75000e+02
1080 -3.73000e+02
1124 -3.72000e+02
1185 -3.71000e+02
1220 -3.70000e+02
1256 -3.69000e+02
1325 -3.68000e+02
1385 -3.67000e+02
1484 -3.66000e+02
1523 -3.65000e+02
1590 -3.64000e+02
1695 -3.63000e+02
1767 -3.62000e+02
1853 -3.61000e+02
1881 -3.60000e+02
1899 -3.59000e+02
1946 -3.58000e+02
1981 -3.57000e+02
2030 -3.56000e+02
2093 -3.55000e+02
2139 -3.54000e+02
2299 -3.53000e+02
2410 -3.52000e+02
2474 -3.51000e+02
2490 -3.50000e+02
2564 -3.49000e+02
2636 -3.48000e+02
2654 -3.47000e+02
2748 -3.46000e+02
2844 -3.45000e+02
2911 -3.44000e+02
2969 -3.43000e+02
3129 -3.42000e+02
3141 -3.41000e+02
3190 -3.40000e+02
3226 -3.39000e+02
3265 -3.38000e+02
3394 -3.37000e+02
3465 -3.36000e+02
3592 -3.35000e+02
3604 -3.34000e+02
3606 -3.33000e+02
3775 -3.32000e+02
3784 -3.31000e+02
3961 -3.30000e+02
3985 -3.29000e+02
3987 -3.28000e+02
4031 -3.27000e+02
4125 -3.26000e+02
4172 -3.25000e+02
4194 -3.24000e+02
4215 -3.23000e+02
4263 -3.22000e+02
4332 -3.21000e+02
4400 -3.20000e+02
4408 -3.19000e+02
4440 -3.18000e+02
4499 -3.17000e+02
4644 -3.16000e+02
4714 -3.15000e+02
4780 -3.14000e+02
4835 -3.13000e+02
4910 -3.12000e+02
4927 -3.11000e+02
4956 -3.10000e+02
5039 -3.09000e+02
5067 -3.08000e+02
5107 -3.07000e+02
5175 -3.06000e+02
5339 -3.05000e+02
5432 -3.03000e+02
5453 -3.02000e+02
5553 -3.01000e+02
5586 -3.00000e+02
5679 -2.99000e+02
5694 -2.98000e+02
5716 -2.97000e+02
5733 -2.96000e+02
5741 -2.95000e+02
5805 -2.94000e+02
5930 -2.93000e+02
5995 -2.92000e+02
6008 -2.91000e+02
6088 -2.90000e+02
6171 -2.89000e+02
6218 -2.88000e+02
6293 -2.87000e+02
6349 -2.86000e+02
6391 -2.85000e+02
6506 -2.84000e+02
6586 -2.83000e+02
6641 -2.82000e+02
6772 -2.81000e+02
6806 -2.80000e+02
6903 -2.79000e+02
6975 -2.78000e+02
6993 -2.77000e+02
7009 -2.76000e+02
7149 -2.73000e+02
7186 -2.72000e+02
7265 -2.71000e+02
7378 -2.70000e+02
7401 -2.69000e+02
7423 -2.67000e+02
7515 -2.66000e+02
7562 -2.65000e+02
7646 -2.64000e+02
7680 -2.63000e+02
7690 -2.62000e+02
7707 -2.61000e+02
7722 -2.60000e+02
7762 -2.59000e+02
7780 -2.58000e+02
7837 -2.56000e+02
7853 -2.55000e+02
7944 -2.54000e+02
8123 -2.53000e+02
8175 -2.52000e+02
8251 -2.51000e+02
8299 -2.50000e+02
8345 -2.49000e+02
8371 -2.48000e+02
8382 -2.47000e+02
8467 -2.46000e+02
8509 -2.45000e+02
8607 -2.43000e+02
8692 -2.42000e+02
8744 -2.41000e+02
8806 -2.40000e+02
8941 -2.39000e+02
8971 -2.38000e+02
8986 -2.37000e+02
9087 -2.36000e+02
9148 -2.35000e+02
9283 -2.34000e+02
9311 -2.33000e+02
9368 -2.32000e+02
9411 -2.31000e+02
9415 -2.30000e+02
9575 -2.29000e+02
9604 -2.27000e+02
9678 -2.26000e+02
9680 -2.25000e+02
9745 -2.24000e+02
9807 -2.23000e+02
9857 -2.22000e+02
9910 -2.21000e+02
9936 -2.20000e+02
9971 -2.19000e+02
9981 -2.19000e+02
"function evaluation" "best-so-far f(x)"
1 -3.93000e+02
3 -3.92000e+02
19 -3.91000e+02
67 -3.90000e+02
79 -3.89000e+02
105 -3.88000e+02
152 -3.87000e+02
224 -3.86000e+02
335 -3.85000e+02
375 -3.84000e+02
445 -3.83000e+02
502 -3.82000e+02
516 -3.81000e+02
567 -3.80000e+02
571 -3.79000e+02
747 -3.78000e+02
751 -3.77000e+02
820 -3.76000e+02
859 -3.75000e+02
880 -3.74000e+02
914 -3.73000e+02
944 -3.72000e+02
1001 -3.71000e+02
1073 -3.70000e+02
1135 -3.69000e+02
1177 -3.68000e+02
1196 -3.67000e+02
1280 -3.66000e+02
1294 -3.65000e+02
1316 -3.64000e+02
1382 -3.63000e+02
1441 -3.62000e+02
1448 -3.61000e+02
1460 -3.59000e+02
1481 -3.58000e+02
1628 -3.57000e+02
1664 -3.56000e+02
1702 -3.55000e+02
1879 -3.54000e+02
1940 -3.53000e+02
1967 -3.52000e+02
2036 -3.51000e+02
2040 -3.50000e+02
2105 -3.49000e+02
2124 -3.48000e+02
2208 -3.47000e+02
2246 -3.46000e+02
2294 -3.45000e+02
2318 -3.44000e+02
2386 -3.43000e+02
2419 -3.42000e+02
2446 -3.41000e+02
2562 -3.40000e+02
2594 -3.39000e+02
2702 -3.38000e+02
2727 -3.36000e+02
2828 -3.35000e+02
2844 -3.34000e+02
2984 -3.33000e+02
3003 -3.32000e+02
3037 -3.31000e+02
3104 -3.30000e+02
3129 -3.29000e+02
3169 -3.28000e+02
3352 -3.27000e+02
3449 -3.26000e+02
3532 -3.25000e+02
3565 -3.24000e+02
3615 -3.23000e+02
3783 -3.22000e+02
3854 -3.21000e+02
3890 -3.20000e+02
3966 -3.19000e+02
3997 -3.17000e+02
4056 -3.16000e+02
4073 -3.15000e+02
4168 -3.14000e+02
4202 -3.13000e+02
4293 -3.12000e+02
4315 -3.11000e+02
4345 -3.10000e+02
4366 -3.09000e+02
4405 -3.08000e+02
4464 -3.06000e+02
4520 -3.05000e+02
4710 -3.04000e+02
4770 -3.03000e+02
4787 -3.02000e+02
4816 -3.01000e+02
4890 -2.99000e+02
4974 -2.98000e+02
4981 -2.97000e+02
4998 -2.96000e+02
5090 -2.95000e+02
5215 -2.94000e+02
5257 -2.93000e+02
5297 -2.92000e+02
5340 -2.91000e+02
5417 -2.90000e+02
5514 -2.89000e+02
5554 -2.88000e+02
5561 -2.87000e+02
5782 -2.86000e+02
5797 -2.85000e+02
5893 -2.84000e+02
5899 -2.82000e+02
5975 -2.81000e+02
6048 -2.80000e+02
6161 -2.79000e+02
6270 -2.78000e+02
6285 -2.77000e+02
6519 -2.76000e+02
6533 -2.75000e+02
6567 -2.74000e+02
6599 -2.73000e+02
6621 -2.71000e+02
6623 -2.70000e+02
6626 -2.69000e+02
6699 -2.68000e+02
6765 -2.67000e+02
6804 -2.66000e+02
6894 -2.65000e+02
6919 -2.64000e+02
6968 -2.63000e+02
7000 -2.62000e+02
7269 -2.61000e+02
7280 -2.60000e+02
7313 -2.58000e+02
7459 -2.57000e+02
7463 -2.56000e+02
7510 -2.55000e+02
7559 -2.54000e+02
7594 -2.53000e+02
7688 -2.52000e+02
7866 -2.51000e+02
8033 -2.50000e+02
8100 -2.49000e+02
8121 -2.48000e+02
8148 -2.47000e+02
8248 -2.46000e+02
8259 -2.45000e+02
8327 -2.44000e+02
8359 -2.43000e+02
8381 -2.42000e+02
8576 -2.41000e+02
8667 -2.40000e+02
8749 -2.39000e+02
8775 -2.38000e+02
8816 -2.37000e+02
9012 -2.36000e+02
9021 -2.35000e+02
9091 -2.34000e+02
9257 -2.33000e+02
9354 -2.32000e+02
9400 -2.31000e+02
9447 -2.30000e+02
9450 -2.29000e+02
9614 -2.28000e+02
9720 -2.27000e+02
9791 -2.26000e+02
9801 -2.25000e+02
9981 -2.25000e+02
"function evaluation" "best-so-far f(x)"
1 -3.93000e+02
11 -3.92000e+02
26 -3.91000e+02
62 -3.90000e+02
120 -3.89000e+02
153 -3.87000e+02
239 -3.86000e+02
311 -3.85000e+02
351 -3.84000e+02
414 -3.83000e+02
459 -3.82000e+02
483 -3.81000e+02
498 -3.79000e+02
596 -3.78000e+02
645 -3.77000e+02
770 -3.76000e+02
889 -3.75000e+02
939 -3.74000e+02
959 -3.73000e+02
1088 -3.72000e+02
1273 -3.71000e+02
1299 -3.70000e+02
1431 -3.69000e+02
1474 -3.68000e+02
1595 -3.67000e+02
1640 -3.66000e+02
1663 -3.65000e+02
1684 -3.64000e+02
1767 -3.63000e+02
1897 -3.62000e+02
1952 -3.61000e+02
1970 -3.60000e+02
2016 -3.59000e+02
2080 -3.58000e+02
2145 -3.57000e+02
2157 -3.56000e+02
2173 -3.55000e+02
2215 -3.54000e+02
2256 -3.53000e+02
2319 -3.52000e+02
2363 -3.51000e+02
2411 -3.50000e+02
2455 -3.49000e+02
2506 -3.48000e+02
2575 -3.47000e+02
2631 -3.46000e+02
2666 -3.45000e+02
2694 -3.44000e+02
2725 -3.43000e+02
2820 -3.42000e+02
2830 -3.41000e+02
2896 -3.40000e+02
2961 -3.39000e+02
3081 -3.38000e+02
3214 -3.37000e+02
3283 -3.36000e+02
3308 -3.35000e+02
3329 -3.34000e+02
3351 -3.33000e+02
3361 -3.32000e+02
3454 -3.31000e+02
3474 -3.30000e+02
3484 -3.29000e+02
3496 -3.28000e+02
3505 -3.27000e+02
3599 -3.26000e+02
3742 -3.25000e+02
3806 -3.24000e+02
3857 -3.23000e+02
4181 -3.22000e+02
4268 -3.21000e+02
4424 -3.20000e+02
4481 -3.19000e+02
4503 -3.18000e+02
4554 -3.17000e+02
4670 -3.16000e+02
4708 -3.15000e+02
4747 -3.14000e+02
4818 -3.13000e+02
4824 -3.12000e+02
4974 -3.11000e+02
5047 -3.10000e+02
5107 -3.09000e+02
5145 -3.08000e+02
5192 -3.07000e+02
5224 -3.06000e+02
5331 -3.05000e+02
5443 -3.04000e+02
5486 -3.03000e+02
5498 -3.02000e+02
5577 -3.01000e+02
5631 -2.99000e+02
5663 -2.98000e+02
5721 -2.97000e+02
5829 -2.96000e+02
5881 -2.95000e+02
5915 -2.94000e+02
6003 -2.93000e+02
6102 -2.92000e+02
6363 -2.91000e+02
6401 -2.90000e+02
6539 -2.89000e+02
6583 -2.88000e+02
6619 -2.87000e+02
6641 -2.86000e+02
6651 -2.85000e+02
6669 -2.84000e+02
6716 -2.83000e+02
6822 -2.82000e+02
6830 -2.81000e+02
6858 -2.80000e+02
6870 -2.79000e+02
6914 -2.78000e+02
7041 -2.77000e+02
7206 -2.76000e+02
7296 -2.75000e+02
7470 -2.74000e+02
7484 -2.73000e+02
7486 -2.72000e+02
7542 -2.71000e+02
7633 -2.70000e+02
7667 -2.69000e+02
7737 -2.68000e+02
7743 -2.67000e+02
7853 -2.66000e+02
7888 -2.65000e+02
7912 -2.63000e+02
7925 -2.62000e+02
7989 -2.61000e+02
8116 -2.60000e+02
8245 -2.59000e+02
8266 -2.58000e+02
8367 -2.57000e+02
8389 -2.56000e+02
8419 -2.55000e+02
8472 -2.54000e+02
8506 -2.53000e+02
8597 -2.52000e+02
8658 -2.51000e+02
8803 -2.50000e+02
8837 -2.49000e+02
8956 -2.48000e+02
9079 -2.47000e+02
9301 -2.46000e+02
9368 -2.45000e+02
9393 -2.44000e+02
9469 -2.43000e+02
9482 -2.42000e+02
9581 -2.41000e+02
9647 -2.40000e+02
9753 -2.39000e+02
9797 -2.38000e+02
9901 -2.37000e+02
9981 -2.37000e+02
