"function evaluation" "best-so-far f(x)"
1 -3.93000e+02
14 -3.92000e+02
37 -3.91000e+02
96 -3.90000e+02
119 -3.89000e+02
137 -3.88000e+02
161 -3.86000e+02
189 -3.85000e+02
198 -3.84000e+02
238 -3.83000e+02
247 -3.82000e+02
255 -3.81000e+02
316 -3.80000e+02
433 -3.79000e+02
476 -3.78000e+02
512 -3.77000e+02
569 -3.76000e+02
675 -3.75000e+02
731 -3.74000e+02
753 -3.73000e+02
787 -3.72000e+02
811 -3.71000e+02
854 -3.70000e+02
867 -3.69000e+02
879 -3.68000e+02
906 -3.67000e+02
976 -3.66000e+02
1004 -3.65000e+02
1066 -3.64000e+02
1149 -3.63000e+02
1350 -3.62000e+02
1395 -3.61000e+02
1421 -3.60000e+02
1543 -3.59000e+02
1583 -3.58000e+02
1635 -3.57000e+02
1678 -3.55000e+02
1708 -3.54000e+02
1811 -3.53000e+02
1816 -3.52000e+02
1823 -3.51000e+02
1836 -3.50000e+02
1870 -3.49000e+02
1996 -3.48000e+02
2030 -3.47000e+02
2079 -3.46000e+02
2098 -3.45000e+02
2115 -3.44000e+02
2168 -3.42000e+02
2230 -3.41000e+02
2280 -3.40000e+02
2355 -3.39000e+02
2412 -3.38000e+02
2424 -3.37000e+02
2490 -3.36000e+02
2521 -3.35000e+02
2568 -3.34000e+02
2622 -3.33000e+02
2742 -3.32000e+02
2805 -3.31000e+02
2831 -3.30000e+02
2877 -3.29000e+02
2923 -3.28000e+02
2958 -3.27000e+02
3022 -3.26000e+02
3111 -3.25000e+02
3145 -3.24000e+02
3192 -3.23000e+02
3231 -3.22000e+02
3259 -3.21000e+02
3368 -3.20000e+02
3413 -3.19000e+02
3447 -3.18000e+02
3516 -3.17000e+02
3550 -3.16000e+02
3583 -3.15000e+02
3666 -3.14000e+02
3757 -3.13000e+02
3777 -3.12000e+02
3820 -3.11000e+02
3845 -3.10000e+02
3916 -3.09000e+02
3999 -3.08000e+02
4013 -3.07000e+02
4092 -3.06000e+02
4194 -3.05000e+02
4271 -3.04000e+02
4312 -3.03000e+02
4367 -3.02000e+02
4430 -3.01000e+02
4499 -3.00000e+02
4521 -2.99000e+02
4547 -2.98000e+02
4643 -2.97000e+02
4692 -2.96000e+02
4838 -2.95000e+02
4878 -2.94000e+02
4946 -2.93000e+02
4974 -2.92000e+02
5014 -2.91000e+02
5082 -2.90000e+02
5141 -2.89000e+02
5179 -2.88000e+02
5214 -2.87000e+02
5226 -2.86000e+02
5322 -2.85000e+02
5350 -2.84000e+02
5363 -2.83000e+02
5427 -2.82000e+02
5482 -2.81000e+02
5526 -2.80000e+02
5541 -2.79000e+02
5596 -2.78000e+02
5602 -2.77000e+02
5621 -2.76000e+02
5646 -2.75000e+02
5766 -2.74000e+02
5862 -2.73000e+02
5898 -2.72000e+02
5944 -2.71000e+02
5965 -2.70000e+02
5999 -2.69000e+02
6042 -2.67000e+02
6151 -2.66000e+02
6211 -2.65000e+02
6295 -2.64000e+02
6340 -2.63000e+02
6422 -2.62000e+02
6531 -2.61000e+02
6746 -2.60000e+02
6790 -2.59000e+02
6854 -2.58000e+02
6881 -2.57000e+02
6905 -2.56000e+02
6935 -2.55000e+02
7066 -2.54000e+02
7090 -2.53000e+02
7221 -2.52000e+02
7241 -2.51000e+02
7305 -2.50000e+02
7357 -2.49000e+02
7437 -2.48000e+02
7502 -2.47000e+02
7600 -2.46000e+02
7606 -2.45000e+02
7615 -2.44000e+02
7753 -2.43000e+02
7825 -2.42000e+02
7898 -2.41000e+02
8041 -2.40000e+02
8067 -2.39000e+02
8156 -2.38000e+02
8249 -2.37000e+02
8319 -2.36000e+02
8370 -2.35000e+02
8371 -2.34000e+02
8397 -2.33000e+02
8437 -2.32000e+02
8474 -2.31000e+02
8503 -2.30000e+02
8542 -2.29000e+02
8776 -2.28000e+02
8798 -2.27000e+02
8885 -2.26000e+02
8912 -2.25000e+02
9021 -2.24000e+02
9089 -2.23000e+02
9111 -2.22000e+02
9308 -2.21000e+02
9350 -2.20000e+02
9422 -2.19000e+02
9456 -2.18000e+02
9522 -2.17000e+02
9530 -2.16000e+02
9595 -2.15000e+02
9674 -2.14000e+02
9699 -2.13000e+02
9772 -2.12000e+02
9792 -2.11000e+02
9850 -2.10000e+02
9981 -2.10000e+02
"function evaluation" "best-so-far f(x)"
1 -3.93000e+02
99 -3.92000e+02
129 -3.91000e+02
221 -3.90000e+02
233 -3.89000e+02
264 -3.88000e+02
305 -3.86000e+02
364 -3.85000e+02
413 -3.84000e+02
491 -3.83000e+02
521 -3.82000e+02
595 -3.81000e+02
632 -3.80000e+02
653 -3.79000e+02
721 -3.78000e+02
787 -3.77000e+02
818 -3.76000e+02
851 -3.75000e+02
876 -3.74000e+02
899 -3.73000e+02
1063 -3.72000e+02
1126 -3.71000e+02
1160 -3.70000e+02
1208 -3.69000e+02
1249 -3.68000e+02
1385 -3.67000e+02
1394 -3.66000e+02
1419 -3.65000e+02
1486 -3.63000e+02
1492 -3.62000e+02
1531 -3.61000e+02
1579 -3.60000e+02
1711 -3.59000e+02
1766 -3.58000e+02
1840 -3.57000e+02
1947 -3.56000e+02
2017 -3.55000e+02
2057 -3.54000e+02
2102 -3.53000e+02
2193 -3.52000e+02
2226 -3.51000e+02
2273 -3.50000e+02
2292 -3.49000e+02
2383 -3.48000e+02
2424 -3.47000e+02
2504 -3.46000e+02
2519 -3.45000e+02
2540 -3.44000e+02
2577 -3.43000e+02
2616 -3.42000e+02
2669 -3.41000e+02
2711 -3.40000e+02
2755 -3.39000e+02
2873 -3.38000e+02
2937 -3.37000e+02
2947 -3.36000e+02
2995 -3.35000e+02
3092 -3.34000e+02
3158 -3.33000e+02
3204 -3.32000e+02
3224 -3.31000e+02
3244 -3.30000e+02
3295 -3.29000e+02
3383 -3.28000e+02
3465 -3.27000e+02
3495 -3.26000e+02
3558 -3.25000e+02
3576 -3.24000e+02
3642 -3.23000e+02
3648 -3.22000e+02
3720 -3.21000e+02
3785 -3.20000e+02
3834 -3.19000e+02
3891 -3.18000e+02
3958 -3.17000e+02
3977 -3.16000e+02
4042 -3.15000e+02
4158 -3.14000e+02
4190 -3.13000e+02
4244 -3.12000e+02
4297 -3.11000e+02
4337 -3.10000e+02
4379 -3.09000e+02
4426 -3.08000e+02
4454 -3.07000e+02
4511 -3.06000e+02
4539 -3.05000e+02
4695 -3.04000e+02
4805 -3.03000e+02
4852 -3.02000e+02
4862 -3.01000e+02
4905 -3.00000e+02
4975 -2.99000e+02
4997 -2.98000e+02
5208 -2.97000e+02
5216 -2.96000e+02
5261 -2.95000e+02
5325 -2.94000e+02
5366 -2.93000e+02
5467 -2.92000e+02
5665 -2.91000e+02
5701 -2.90000e+02
5743 -2.89000e+02
5859 -2.88000e+02
5900 -2.87000e+02
5961 -2.86000e+02
5979 -2.85000e+02
6120 -2.84000e+02
6226 -2.83000e+02
6305 -2.82000e+02
6385 -2.81000e+02
6393 -2.80000e+02
6459 -2.79000e+02
6577 -2.78000e+02
6656 -2.77000e+02
6700 -2.76000e+02
6749 -2.75000e+02
6782 -2.74000e+02
6862 -2.73000e+02
6925 -2.72000e+02
6974 -2.71000e+02
6976 -2.70000e+02
7032 -2.69000e+02
7081 -2.68000e+02
7106 -2.67000e+02
7153 -2.66000e+02
7155 -2.65000e+02
7229 -2.64000e+02
7304 -2.63000e+02
7347 -2.62000e+02
7369 -2.61000e+02
7458 -2.60000e+02
7603 -2.59000e+02
7616 -2.58000e+02
7690 -2.57000e+02
7723 -2.56000e+02
7790 -2.55000e+02
7809 -2.54000e+02
7849 -2.53000e+02
7988 -2.52000e+02
8008 -2.51000e+02
8201 -2.50000e+02
8248 -2.49000e+02
8323 -2.48000e+02
8376 -2.47000e+02
8392 -2.46000e+02
8402 -2.45000e+02
8521 -2.44000e+02
8575 -2.43000e+02
8623 -2.42000e+02
8692 -2.41000e+02
8761 -2.40000e+02
8782 -2.39000e+02
8865 -2.38000e+02
8884 -2.37000e+02
8982 -2.36000e+02
9127 -2.35000e+02
9277 -2.34000e+02
9330 -2.33000e+02
9377 -2.32000e+02
9407 -2.31000e+02
9532 -2.30000e+02
9599 -2.29000e+02
9730 -2.28000e+02
9804 -2.27000e+02
9848 -2.26000e+02
9965 -2.25000e+02
9981 -2.25000e+02
"function evaluation" "best-so-far f(x)"
1 -3.93000e+02
26 -3.92000e+02
91 -3.91000e+02
110 -3.89000e+02
223 -3.88000e+02
256 -3.87000e+02
273 -3.86000e+02
317 -3.85000e+02
348 -3.84000e+02
377 -3.83000e+02
429 -3.82000e+02
453 -3.81000e+02
523 -3.80000e+02
576 -3.79000e+02
593 -3.78000e+02
623 -3.77000e+02
714 -3.76000e+02
747 -3.75000e+02
859 -3.74000e+02
872 -3.73000e+02
901 -3.72000e+02
908 -3.71000e+02
911 -3.70000e+02
967 -3.69000e+02
1005 -3.68000e+02
1022 -3.67000e+02
1040 -3.66000e+02
1069 -3.65000e+02
1095 -3.64000e+02
1105 -3.63000e+02
1124 -3.62000e+02
1262 -3.61000e+02
1320 -3.60000e+02
1353 -3.59000e+02
1375 -3.58000e+02
1400 -3.57000e+02
1441 -3.56000e+02
1502 -3.55000e+02
1541 -3.54000e+02
1589 -3.53000e+02
1608 -3.52000e+02
1647 -3.51000e+02
1671 -3.50000e+02
1757 -3.49000e+02
1784 -3.48000e+02
1844 -3.47000e+02
1870 -3.46000e+02
1939 -3.45000e+02
1969 -3.44000e+02
2007 -3.43000e+02
2023 -3.42000e+02
2054 -3.41000e+02
2148 -3.40000e+02
2178 -3.39000e+02
2300 -3.38000e+02
2301 -3.37000e+02
2304 -3.36000e+02
2339 -3.35000e+02
2425 -3.34000e+02
2457 -3.33000e+02
2582 -3.32000e+02
2677 -3.31000e+02
2707 -3.30000e+02
2759 -3.29000e+02
2834 -3.28000e+02
2853 -3.27000e+02
2864 -3.26000e+02
2910 -3.25000e+02
2977 -3.24000e+02
3063 -3.23000e+02
3094 -3.21000e+02
3134 -3.20000e+02
3189 -3.19000e+02
3212 -3.18000e+02
3248 -3.17000e+02
3292 -3.16000e+02
3363 -3.15000e+02
3443 -3.14000e+02
3480 -3.13000e+02
3516 -3.12000e+02
3556 -3.11000e+02
3582 -3.10000e+02
3624 -3.09000e+02
3627 -3.08000e+02
3661 -3.07000e+02
3677 -3.06000e+02
3721 -3.05000e+02
3808 -3.04000e+02
3912 -3.03000e+02
3933 -3.02000e+02
3995 -3.01000e+02
4207 -3.00000e+02
4304 -2.99000e+02
4321 -2.98000e+02
4384 -2.97000e+02
4412 -2.96000e+02
4501 -2.95000e+02
4555 -2.94000e+02
4628 -2.93000e+02
4637 -2.92000e+02
4687 -2.91000e+02
4785 -2.90000e+02
4859 -2.88000e+02
4866 -2.87000e+02
4936 -2.86000e+02
5000 -2.85000e+02
5017 -2.84000e+02
5052 -2.83000e+02
5130 -2.82000e+02
5232 -2.81000e+02
5287 -2.80000e+02
5305 -2.79000e+02
5393 -2.78000e+02
5436 -2.77000e+02
5489 -2.76000e+02
5533 -2.75000e+02
5545 -2.74000e+02
5615 -2.73000e+02
5630 -2.72000e+02
5729 -2.71000e+02
5755 -2.70000e+02
5834 -2.68000e+02
5857 -2.67000e+02
6048 -2.66000e+02
6140 -2.65000e+02
6203 -2.64000e+02
6220 -2.63000e+02
6301 -2.62000e+02
6375 -2.61000e+02
6504 -2.60000e+02
6567 -2.59000e+02
6642 -2.58000e+02
6750 -2.57000e+02
6936 -2.56000e+02
6972 -2.55000e+02
7056 -2.54000e+02
7087 -2.53000e+02
7099 -2.52000e+02
7106 -2.51000e+02
7243 -2.50000e+02
7315 -2.49000e+02
7343 -2.48000e+02
7381 -2.47000e+02
7421 -2.46000e+02
7534 -2.45000e+02
7545 -2.44000e+02
7586 -2.43000e+02
7673 -2.42000e+02
7738 -2.41000e+02
7825 -2.40000e+02
7850 -2.39000e+02
7886 -2.38000e+02
7910 -2.36000e+02
7979 -2.35000e+02
8059 -2.34000e+02
8143 -2.33000e+02
8192 -2.32000e+02
8256 -2.31000e+02
8410 -2.30000e+02
8494 -2.29000e+02
8553 -2.28000e+02
8582 -2.27000e+02
8609 -2.26000e+02
8725 -2.25000e+02
8811 -2.24000e+02
8903 -2.23000e+02
8908 -2.22000e+02
9003 -2.21000e+02
9061 -2.20000e+02
9094 -2.19000e+02
9124 -2.18000e+02
9237 -2.17000e+02
9270 -2.16000e+02
9298 -2.15000e+02
9300 -2.14000e+02
9320 -2.13000e+02
9367 -2.12000e+02
9425 -2.11000e+02
9478 -2.10000e+02
9510 -2.09000e+02
9597 -2.08000e+02
9716 -2.07000e+02
9806 -2.06000e+02
9939 -2.05000e+02
9981 -2.05000e+02
"function evaluation" "best-so-far f(x)"
1 -3.93000e+02
4 -3.90000e+02
91 -3.89000e+02
95 -3.88000e+02
170 -3.87000e+02
250 -3.86000e+02
313 -3.85000e+02
315 -3.84000e+02
323 -3.83000e+02
383 -3.82000e+02
415 -3.81000e+02
451 -3.80000e+02
487 -3.79000e+02
507 -3.78000e+02
513 -3.77000e+02
571 -3.76000e+02
674 -3.75000e+02
719 -3.74000e+02
735 -3.73000e+02
774 -3.72000e+02
797 -3.71000e+02
851 -3.70000e+02
893 -3.69000e+02
905 -3.68000e+02
947 -3.67000e+02
998 -3.66000e+02
1035 -3.65000e+02
1159 -3.64000e+02
1177 -3.63000e+02
1197 -3.62000e+02
1218 -3.61000e+02
1258 -3.60000e+02
1366 -3.59000e+02
1403 -3.58000e+02
1478 -3.57000e+02
1543 -3.56000e+02
1600 -3.55000e+02
1627 -3.54000e+02
1662 -3.53000e+02
1734 -3.52000e+02
1751 -3.51000e+02
1820 -3.50000e+02
1867 -3.49000e+02
1880 -3.48000e+02
1953 -3.47000e+02
2034 -3.46000e+02
2080 -3.45000e+02
2093 -3.44000e+02
2185 -3.43000e+02
2367 -3.42000e+02
2408 -3.41000e+02
2425 -3.40000e+02
2460 -3.39000e+02
2500 -3.38000e+02
2596 -3.37000e+02
2603 -3.36000e+02
2617 -3.35000e+02
2665 -3.34000e+02
2680 -3.33000e+02
2753 -3.32000e+02
2797 -3.31000e+02
2895 -3.30000e+02
2958 -3.29000e+02
3043 -3.28000e+02
3063 -3.27000e+02
3118 -3.26000e+02
3151 -3.25000e+02
3302 -3.24000e+02
3360 -3.23000e+02
3391 -3.22000e+02
3438 -3.21000e+02
3475 -3.20000e+02
3530 -3.19000e+02
3539 -3.18000e+02
3555 -3.17000e+02
3624 -3.16000e+02
3698 -3.15000e+02
3769 -3.14000e+02
3777 -3.13000e+02
3804 -3.12000e+02
3874 -3.11000e+02
3885 -3.10000e+02
3929 -3.09000e+02
3946 -3.08000e+02
4024 -3.07000e+02
4046 -3.06000e+02
4047 -3.05000e+02
4104 -3.04000e+02
4122 -3.03000e+02
4180 -3.02000e+02
4208 -3.01000e+02
4262 -3.00000e+02
4407 -2.99000e+02
4557 -2.97000e+02
4583 -2.96000e+02
4741 -2.95000e+02
4812 -2.94000e+02
4845 -2.93000e+02
4868 -2.92000e+02
4887 -2.91000e+02
4999 -2.90000e+02
5047 -2.89000e+02
5054 -2.88000e+02
5112 -2.87000e+02
5285 -2.86000e+02
5304 -2.85000e+02
5359 -2.84000e+02
5386 -2.83000e+02
5400 -2.82000e+02
5455 -2.81000e+02
5495 -2.80000e+02
5537 -2.78000e+02
5628 -2.77000e+02
5727 -2.76000e+02
5761 -2.75000e+02
5815 -2.74000e+02
5837 -2.73000e+02
5884 -2.72000e+02
5938 -2.71000e+02
6060 -2.70000e+02
6109 -2.69000e+02
6157 -2.68000e+02
6224 -2.67000e+02
6357 -2.66000e+02
6368 -2.65000e+02
6390 -2.64000e+02
6457 -2.63000e+02
6514 -2.62000e+02
6536 -2.61000e+02
6612 -2.60000e+02
6718 -2.59000e+02
6768 -2.58000e+02
6781 -2.57000e+02
6835 -2.56000e+02
6871 -2.55000e+02
6928 -2.54000e+02
6966 -2.53000e+02
7055 -2.52000e+02
7066 -2.51000e+02
7139 -2.50000e+02
7179 -2.49000e+02
7313 -2.48000e+02
7388 -2.47000e+02
7473 -2.46000e+02
7543 -2.45000e+02
7616 -2.44000e+02
7654 -2.43000e+02
7800 -2.42000e+02
7863 -2.41000e+02
7913 -2.40000e+02
7952 -2.39000e+02
8045 -2.38000e+02
8102 -2.37000e+02
8197 -2.36000e+02
8292 -2.35000e+02
8392 -2.34000e+02
8513 -2.33000e+02
8558 -2.32000e+02
8586 -2.31000e+02
8784 -2.30000e+02
8858 -2.29000e+02
8940 -2.28000e+02
8974 -2.27000e+02
9040 -2.26000e+02
9092 -2.25000e+02
9141 -2.23000e+02
9319 -2.22000e+02
9423 -2.21000e+02
9513 -2.20000e+02
9535 -2.19000e+02
9591 -2.18000e+02
9743 -2.17000e+02
9883 -2.16000e+02
9931 -2.15000e+02
9962 -2.14000e+02
9981 -2.14000e+02
"function evaluation" "best-so-far f(x)"
1 -3.93000e+02
28 -3.92000e+02
78 -3.91000e+02
104 -3.90000e+02
133 -3.89000e+02
180 -3.88000e+02
223 -3.87000e+02
348 -3.86000e+02
411 -3.85000e+02
428 -3.83000e+02
461 -3.82000e+02
528 -3.81000e+02
541 -3.80000e+02
581 -3.79000e+02
583 -3.78000e+02
636 -3.77000e+02
665 -3.76000e+02
739 -3.75000e+02
779 -3.74000e+02
879 -3.73000e+02
910 -3.72000e+02
999 -3.71000e+02
1020 -3.70000e+02
1079 -3.69000e+02
1097 -3.68000e+02
1153 -3.67000e+02
1202 -3.66000e+02
1255 -3.65000e+02
1304 -3.64000e+02
1443 -3.63000e+02
1509 -3.62000e+02
1553 -3.61000e+02
1590 -3.60000e+02
1621 -3.59000e+02
1640 -3.57000e+02
1703 -3.56000e+02
1744 -3.55000e+02
1829 -3.54000e+02
1856 -3.53000e+02
1908 -3.52000e+02
1947 -3.51000e+02
2024 -3.50000e+02
2090 -3.49000e+02
2108 -3.48000e+02
2181 -3.47000e+02
2234 -3.46000e+02
2297 -3.44000e+02
2465 -3.43000e+02
2522 -3.42000e+02
2553 -3.41000e+02
2590 -3.40000e+02
2609 -3.39000e+02
2663 -3.38000e+02
2669 -3.37000e+02
2711 -3.36000e+02
2758 -3.35000e+02
2811 -3.34000e+02
2904 -3.33000e+02
2978 -3.32000e+02
2980 -3.31000e+02
3082 -3.30000e+02
3098 -3.29000e+02
3204 -3.28000e+02
3220 -3.27000e+02
3256 -3.26000e+02
3276 -3.25000e+02
3290 -3.24000e+02
3344 -3.23000e+02
3383 -3.22000e+02
3408 -3.21000e+02
3458 -3.20000e+02
3497 -3.18000e+02
3638 -3.17000e+02
3682 -3.16000e+02
3714 -3.15000e+02
3769 -3.14000e+02
3809 -3.13000e+02
3869 -3.12000e+02
3964 -3.11000e+02
4001 -3.09000e+02
4048 -3.08000e+02
4122 -3.07000e+02
4192 -3.06000e+02
4197 -3.05000e+02
4207 -3.04000e+02
4370 -3.02000e+02
4394 -3.01000e+02
4403 -3.00000e+02
4426 -2.99000e+02
4466 -2.98000e+02
4508 -2.97000e+02
4579 -2.96000e+02
4630 -2.95000e+02
4646 -2.94000e+02
4662 -2.93000e+02
4700 -2.92000e+02
4722 -2.91000e+02
4770 -2.90000e+02
4858 -2.89000e+02
4875 -2.88000e+02
4929 -2.87000e+02
5028 -2.86000e+02
5138 -2.85000e+02
5206 -2.84000e+02
5266 -2.83000e+02
5297 -2.82000e+02
5407 -2.81000e+02
5440 -2.80000e+02
5538 -2.79000e+02
5585 -2.78000e+02
5628 -2.77000e+02
5832 -2.76000e+02
5944 -2.74000e+02
5999 -2.73000e+02
6000 -2.72000e+02
6069 -2.71000e+02
6102 -2.69000e+02
6176 -2.68000e+02
6204 -2.67000e+02
6220 -2.66000e+02
6257 -2.65000e+02
6268 -2.64000e+02
6309 -2.63000e+02
6333 -2.62000e+02
6385 -2.61000e+02
6409 -2.60000e+02
6499 -2.59000e+02
6567 -2.58000e+02
6621 -2.57000e+02
6646 -2.56000e+02
6719 -2.55000e+02
6837 -2.54000e+02
7075 -2.53000e+02
7191 -2.52000e+02
7275 -2.51000e+02
7310 -2.50000e+02
7318 -2.49000e+02
7366 -2.48000e+02
7441 -2.47000e+02
7634 -2.46000e+02
7795 -2.45000e+02
7829 -2.44000e+02
7898 -2.43000e+02
7984 -2.42000e+02
8021 -2.41000e+02
8029 -2.40000e+02
8141 -2.39000e+02
8165 -2.38000e+02
8221 -2.37000e+02
8230 -2.36000e+02
8399 -2.35000e+02
8504 -2.34000e+02
8557 -2.33000e+02
8716 -2.32000e+02
8799 -2.31000e+02
8935 -2.30000e+02
8951 -2.29000e+02
8983 -2.28000e+02
9075 -2.27000e+02
9125 -2.26000e+02
9157 -2.25000e+02
9210 -2.24000e+02
9306 -2.23000e+02
9349 -2.22000e+02
9354 -2.21000e+02
9385 -2.20000e+02
9511 -2.19000e+02
9529 -2.18000e+02
9552 -2.17000e+02
9638 -2.16000e+02
9675 -2.15000e+02
9746 -2.14000e+02
9786 -2.13000e+02
9843 -2.12000e+02
9908 -2.11000e+02
9981 -2.11000e+02
"function evaluation" "best-so-far f(x)"
1 -3.93000e+02
7 -3.92000e+02
72 -3.91000e+02
102 -3.90000e+02
225 -3.89000e+02
245 -3.88000e+02
284 -3.87000e+02
307 -3.86000e+02
427 -3.85000e+02
463 -3.84000e+02
483 -3.83000e+02
530 -3.82000e+02
549 -3.81000e+02
589 -3.80000e+02
602 -3.79000e+02
713 -3.78000e+02
774 -3.77000e+02
811 -3.76000e+02
862 -3.75000e+02
937 -3.74000e+02
974 -3.72000e+02
1055 -3.71000e+02
1074 -3.70000e+02
1120 -3.69000e+02
1175 -3.68000e+02
1212 -3.67000e+02
1227 -3.66000e+02
1284 -3.65000e+02
1375 -3.63000e+02
1408 -3.62000e+02
1427 -3.61000e+02
1433 -3.60000e+02
1468 -3.59000e+02
1536 -3.58000e+02
1598 -3.57000e+02
1617 -3.56000e+02
1749 -3.55000e+02
1844 -3.54000e+02
1891 -3.53000e+02
1980 -3.52000e+02
2002 -3.51000e+02
2040 -3.50000e+02
2067 -3.49000e+02
2105 -3.48000e+02
2114 -3.47000e+02
2238 -3.46000e+02
2253 -3.45000e+02
2263 -3.44000e+02
2290 -3.43000e+02
2315 -3.42000e+02
2398 -3.41000e+02
2408 -3.40000e+02
2437 -3.39000e+02
2460 -3.38000e+02
2462 -3.37000e+02
2590 -3.36000e+02
2618 -3.35000e+02
2665 -3.34000e+02
2752 -3.33000e+02
2843 -3.32000e+02
2857 -3.31000e+02
2909 -3.30000e+02
2945 -3.29000e+02
2975 -3.28000e+02
3023 -3.27000e+02
3077 -3.26000e+02
3160 -3.25000e+02
3230 -3.24000e+02
3313 -3.23000e+02
3324 -3.22000e+02
3410 -3.21000e+02
3439 -3.20000e+02
3501 -3.19000e+02
3591 -3.18000e+02
3653 -3.17000e+02
3656 -3.16000e+02
3720 -3.15000e+02
3736 -3.14000e+02
3824 -3.13000e+02
3862 -3.12000e+02
3901 -3.11000e+02
3992 -3.09000e+02
3995 -3.08000e+02
4024 -3.07000e+02
4069 -3.06000e+02
4141 -3.05000e+02
4149 -3.04000e+02
4204 -3.03000e+02
4254 -3.02000e+02
4258 -3.01000e+02
4299 -3.00000e+02
4380 -2.99000e+02
4532 -2.98000e+02
4590 -2.97000e+02
4617 -2.95000e+02
4749 -2.94000e+02
4767 -2.93000e+02
4817 -2.92000e+02
4925 -2.91000e+02
4998 -2.90000e+02
5188 -2.89000e+02
5250 -2.88000e+02
5331 -2.87000e+02
5335 -2.86000e+02
5356 -2.85000e+02
5464 -2.84000e+02
5522 -2.83000e+02
5545 -2.82000e+02
5596 -2.81000e+02
5647 -2.80000e+02
5834 -2.79000e+02
5888 -2.78000e+02
6002 -2.77000e+02
6111 -2.76000e+02
6136 -2.75000e+02
6158 -2.74000e+02
6310 -2.73000e+02
6377 -2.72000e+02
6449 -2.71000e+02
6533 -2.70000e+02
6559 -2.69000e+02
6598 -2.68000e+02
6656 -2.67000e+02
6707 -2.66000e+02
6781 -2.65000e+02
6825 -2.64000e+02
6871 -2.63000e+02
6934 -2.62000e+02
6940 -2.61000e+02
7059 -2.60000e+02
7113 -2.59000e+02
7117 -2.58000e+02
7185 -2.57000e+02
7227 -2.56000e+02
7294 -2.55000e+02
7407 -2.54000e+02
7525 -2.53000e+02
7643 -2.52000e+02
7710 -2.51000e+02
7779 -2.50000e+02
7830 -2.49000e+02
7926 -2.48000e+02
7962 -2.47000e+02
7980 -2.46000e+02
8158 -2.45000e+02
8229 -2.43000e+02
8277 -2.42000e+02
8363 -2.41000e+02
8437 -2.40000e+02
8465 -2.39000e+02
8487 -2.38000e+02
8518 -2.37000e+02
8612 -2.36000e+02
8774 -2.35000e+02
8851 -2.34000e+02
8892 -2.33000e+02
8908 -2.32000e+02
9006 -2.31000e+02
9037 -2.30000e+02
9108 -2.29000e+02
9170 -2.28000e+02
9208 -2.27000e+02
9238 -2.26000e+02
9333 -2.25000e+02
9467 -2.24000e+02
9523 -2.23000e+02
9594 -2.22000e+02
9719 -2.21000e+02
9772 -2.20000e+02
9789 -2.19000e+02
9981 -2.19000e+02
"function evaluation" "best-so-far f(x)"
1 -3.93000e+02
4 -3.92000e+02
105 -3.91000e+02
157 -3.90000e+02
185 -3.89000e+02
200 -3.88000e+02
226 -3.87000e+02
259 -3.86000e+02
279 -3.85000e+02
358 -3.84000e+02
395 -3.83000e+02
424 -3.82000e+02
471 -3.81000e+02
513 -3.80000e+02
547 -3.79000e+02
582 -3.78000e+02
616 -3.77000e+02
724 -3.76000e+02
775 -3.75000e+02
825 -3.74000e+02
888 -3.73000e+02
957 -3.72000e+02
1036 -3.71000e+02
1068 -3.70000e+02
1076 -3.69000e+02
1163 -3.68000e+02
1208 -3.67000e+02
1238 -3.66000e+02
1269 -3.65000e+02
1315 -3.64000e+02
1324 -3.63000e+02
1481 -3.62000e+02
1572 -3.61000e+02
1598 -3.60000e+02
1637 -3.59000e+02
1672 -3.58000e+02
1699 -3.57000e+02
1756 -3.56000e+02
1889 -3.54000e+02
1958 -3.53000e+02
2100 -3.52000e+02
2133 -3.51000e+02
2203 -3.50000e+02
2207 -3.49000e+02
2273 -3.48000e+02
2282 -3.47000e+02
2295 -3.46000e+02
2400 -3.45000e+02
2442 -3.44000e+02
2475 -3.43000e+02
2565 -3.42000e+02
2604 -3.40000e+02
2639 -3.39000e+02
2664 -3.38000e+02
2711 -3.37000e+02
2756 -3.36000e+02
2771 -3.34000e+02
2796 -3.33000e+02
2856 -3.32000e+02
2936 -3.31000e+02
2937 -3.30000e+02
3032 -3.29000e+02
3054 -3.28000e+02
3135 -3.27000e+02
3156 -3.26000e+02
3171 -3.25000e+02
3216 -3.24000e+02
3326 -3.23000e+02
3346 -3.22000e+02
3381 -3.21000e+02
3428 -3.20000e+02
3494 -3.18000e+02
3572 -3.17000e+02
3701 -3.16000e+02
3717 -3.15000e+02
3756 -3.14000e+02
3819 -3.13000e+02
3875 -3.12000e+02
3955 -3.11000e+02
3971 -3.10000e+02
4044 -3.09000e+02
4074 -3.08000e+02
4113 -3.07000e+02
4121 -3.06000e+02
4135 -3.05000e+02
4181 -3.04000e+02
4250 -3.03000e+02
4327 -3.02000e+02
4351 -3.01000e+02
4387 -3.00000e+02
4450 -2.99000e+02
4481 -2.98000e+02
4513 -2.97000e+02
4644 -2.96000e+02
4702 -2.95000e+02
4976 -2.94000e+02
4990 -2.93000e+02
5029 -2.92000e+02
5089 -2.91000e+02
5123 -2.90000e+02
5211 -2.89000e+02
5350 -2.88000e+02
5368 -2.87000e+02
5376 -2.86000e+02
5486 -2.85000e+02
5529 -2.84000e+02
5592 -2.83000e+02
5615 -2.82000e+02
5644 -2.81000e+02
5681 -2.80000e+02
5774 -2.79000e+02
5886 -2.78000e+02
6021 -2.77000e+02
6052 -2.76000e+02
6102 -2.75000e+02
6135 -2.74000e+02
6149 -2.73000e+02
6175 -2.72000e+02
6237 -2.71000e+02
6288 -2.70000e+02
6305 -2.69000e+02
6348 -2.68000e+02
6437 -2.67000e+02
6455 -2.66000e+02
6496 -2.65000e+02
6536 -2.64000e+02
6583 -2.63000e+02
6588 -2.62000e+02
6694 -2.61000e+02
6747 -2.60000e+02
6778 -2.59000e+02
6817 -2.58000e+02
6899 -2.57000e+02
7113 -2.56000e+02
7191 -2.55000e+02
7284 -2.54000e+02
7375 -2.53000e+02
7419 -2.52000e+02
7552 -2.51000e+02
7574 -2.50000e+02
7603 -2.49000e+02
7670 -2.48000e+02
7718 -2.47000e+02
7985 -2.46000e+02
8080 -2.45000e+02
8155 -2.44000e+02
8182 -2.43000e+02
8230 -2.42000e+02
8287 -2.41000e+02
8319 -2.39000e+02
8424 -2.38000e+02
8450 -2.37000e+02
8539 -2.36000e+02
8564 -2.35000e+02
8718 -2.34000e+02
8780 -2.33000e+02
8789 -2.32000e+02
8849 -2.31000e+02
8939 -2.30000e+02
9048 -2.29000e+02
9112 -2.28000e+02
9331 -2.27000e+02
9335 -2.26000e+02
9352 -2.25000e+02
9374 -2.24000e+02
9470 -2.23000e+02
9603 -2.22000e+02
9647 -2.20000e+02
9666 -2.19000e+02
9766 -2.18000e+02
9865 -2.17000e+02
9950 -2.16000e+02
9981 -2.16000e+02
"function evaluation" "best-so-far f(x)"
1 -3.93000e+02
2 -3.92000e+02
32 -3.91000e+02
98 -3.90000e+02
138 -3.89000e+02
168 -3.88000e+02
229 -3.87000e+02
285 -3.86000e+02
363 -3.85000e+02
369 -3.84000e+02
392 -3.83000e+02
540 -3.82000e+02
561 -3.81000e+02
615 -3.79000e+02
653 -3.78000e+02
701 -3.77000e+02
745 -3.76000e+02
786 -3.75000e+02
816 -3.74000e+02
863 -3.72000e+02
902 -3.71000e+02
923 -3.70000e+02
977 -3.69000e+02
984 -3.68000e+02
1019 -3.67000e+02
1045 -3.65000e+02
1158 -3.64000e+02
1265 -3.63000e+02
1317 -3.62000e+02
1361 -3.61000e+02
1396 -3.60000e+02
1404 -3.59000e+02
1457 -3.58000e+02
1488 -3.57000e+02
1518 -3.56000e+02
1525 -3.55000e+02
1546 -3.54000e+02
1586 -3.53000e+02
1628 -3.52000e+02
1718 -3.51000e+02
1739 -3.50000e+02
1783 -3.49000e+02
1876 -3.48000e+02
1905 -3.47000e+02
1981 -3.46000e+02
2035 -3.45000e+02
2100 -3.44000e+02
2153 -3.43000e+02
2196 -3.42000e+02
2246 -3.41000e+02
2277 -3.40000e+02
2321 -3.39000e+02
2348 -3.38000e+02
2562 -3.37000e+02
2623 -3.36000e+02
2658 -3.35000e+02
2674 -3.34000e+02
2845 -3.33000e+02
2861 -3.32000e+02
2916 -3.31000e+02
2939 -3.30000e+02
3114 -3.29000e+02
3193 -3.28000e+02
3296 -3.27000e+02
3437 -3.26000e+02
3511 -3.25000e+02
3557 -3.24000e+02
3627 -3.23000e+02
3667 -3.22000e+02
3689 -3.21000e+02
3710 -3.20000e+02
3787 -3.19000e+02
3802 -3.18000e+02
3841 -3.17000e+02
3916 -3.16000e+02
3942 -3.15000e+02
3960 -3.14000e+02
4036 -3.13000e+02
4065 -3.12000e+02
4214 -3.11000e+02
4246 -3.10000e+02
4254 -3.09000e+02
4291 -3.08000e+02
4348 -3.07000e+02
4394 -3.06000e+02
4563 -3.05000e+02
4669 -3.04000e+02
4682 -3.02000e+02
4694 -3.01000e+02
4760 -3.00000e+02
4798 -2.99000e+02
4848 -2.98000e+02
4855 -2.97000e+02
4957 -2.96000e+02
4997 -2.95000e+02
5019 -2.94000e+02
5191 -2.93000e+02
5257 -2.92000e+02
5314 -2.91000e+02
5375 -2.90000e+02
5435 -2.89000e+02
5504 -2.88000e+02
5514 -2.87000e+02
5528 -2.86000e+02
5585 -2.85000e+02
5627 -2.84000e+02
5646 -2.83000e+02
5749 -2.82000e+02
5810 -2.81000e+02
5849 -2.80000e+02
5912 -2.79000e+02
5961 -2.78000e+02
6005 -2.77000e+02
6087 -2.76000e+02
6155 -2.75000e+02
6251 -2.74000e+02
6272 -2.73000e+02
6382 -2.72000e+02
6423 -2.71000e+02
6483 -2.70000e+02
6528 -2.68000e+02
6589 -2.67000e+02
6621 -2.66000e+02
6686 -2.65000e+02
6695 -2.64000e+02
6756 -2.63000e+02
6766 -2.62000e+02
6802 -2.61000e+02
6834 -2.60000e+02
6908 -2.59000e+02
6938 -2.58000e+02
6975 -2.57000e+02
7068 -2.56000e+02
7082 -2.55000e+02
7135 -2.54000e+02
7142 -2.53000e+02
7214 -2.52000e+02
7260 -2.51000e+02
7398 -2.50000e+02
7451 -2.49000e+02
7534 -2.48000e+02
7571 -2.47000e+02
7641 -2.46000e+02
7652 -2.45000e+02
7669 -2.44000e+02
7797 -2.43000e+02
7873 -2.42000e+02
8110 -2.41000e+02
8188 -2.40000e+02
8257 -2.39000e+02
8284 -2.38000e+02
8316 -2.36000e+02
8395 -2.35000e+02
8418 -2.34000e+02
8540 -2.33000e+02
8567 -2.32000e+02
8603 -2.31000e+02
8679 -2.30000e+02
8706 -2.29000e+02
8808 -2.28000e+02
8871 -2.27000e+02
9002 -2.26000e+02
9080 -2.25000e+02
9181 -2.24000e+02
9208 -2.23000e+02
9254 -2.22000e+02
9326 -2.21000e+02
9350 -2.20000e+02
9354 -2.19000e+02
9373 -2.18000e+02
9493 -2.17000e+02
9542 -2.16000e+02
9556 -2.15000e+02
9595 -2.14000e+02
9639 -2.13000e+02
9678 -2.12000e+02
9811 -2.11000e+02
9922 -2.10000e+02
9967 -2.09000e+02
9981 -2.09000e+02
"function evaluation" "best-so-far f(x)"
1 -3.93000e+02
4 -3.92000e+02
22 -3.91000e+02
39 -3.90000e+02
73 -3.89000e+02
119 -3.88000e+02
128 -3.87000e+02
139 -3.86000e+02
168 -3.85000e+02
207 -3.83000e+02
259 -3.82000e+02
322 -3.81000e+02
354 -3.80000e+02
368 -3.79000e+02
389 -3.78000e+02
454 -3.77000e+02
493 -3.76000e+02
504 -3.75000e+02
516 -3.74000e+02
568 -3.73000e+02
655 -3.72000e+02
738 -3.71000e+02
756 -3.70000e+02
804 -3.69000e+02
918 -3.68000e+02
944 -3.67000e+02
957 -3.66000e+02
971 -3.65000e+02
1048 -3.64000e+02
1104 -3.63000e+02
1114 -3.62000e+02
1146 -3.61000e+02
1165 -3.60000e+02
1244 -3.59000e+02
1349 -3.58000e+02
1442 -3.57000e+02
1567 -3.56000e+02
1611 -3.55000e+02
1616 -3.54000e+02
1693 -3.53000e+02
1736 -3.52000e+02
1785 -3.51000e+02
1800 -3.50000e+02
1880 -3.49000e+02
1934 -3.48000e+02
1955 -3.47000e+02
2003 -3.46000e+02
2018 -3.45000e+02
2064 -3.44000e+02
2122 -3.43000e+02
2155 -3.42000e+02
2202 -3.41000e+02
2243 -3.40000e+02
2301 -3.39000e+02
2390 -3.38000e+02
2429 -3.37000e+02
2522 -3.36000e+02
2554 -3.35000e+02
2557 -3.34000e+02
2568 -3.33000e+02
2605 -3.32000e+02
2646 -3.31000e+02
2690 -3.30000e+02
2699 -3.29000e+02
2724 -3.28000e+02
2747 -3.27000e+02
2816 -3.26000e+02
2885 -3.25000e+02
2923 -3.24000e+02
3024 -3.23000e+02
3055 -3.22000e+02
3099 -3.21000e+02
3178 -3.20000e+02
3181 -3.19000e+02
3271 -3.18000e+02
3390 -3.17000e+02
3437 -3.16000e+02
3439 -3.15000e+02
3500 -3.14000e+02
3560 -3.13000e+02
3691 -3.12000e+02
3795 -3.11000e+02
3849 -3.10000e+02
3904 -3.09000e+02
3999 -3.08000e+02
4114 -3.07000e+02
4132 -3.06000e+02
4149 -3.05000e+02
4246 -3.04000e+02
4308 -3.03000e+02
4333 -3.02000e+02
4412 -3.01000e+02
4430 -3.00000e+02
4514 -2.99000e+02
4552 -2.98000e+02
4648 -2.97000e+02
4653 -2.95000e+02
4694 -2.94000e+02
4783 -2.93000e+02
4875 -2.92000e+02
4984 -2.91000e+02
5035 -2.89000e+02
5197 -2.88000e+02
5247 -2.87000e+02
5256 -2.86000e+02
5269 -2.85000e+02
5321 -2.84000e+02
5375 -2.83000e+02
5464 -2.82000e+02
5491 -2.81000e+02
5515 -2.80000e+02
5572 -2.79000e+02
5670 -2.78000e+02
5755 -2.77000e+02
5774 -2.76000e+02
5895 -2.75000e+02
5946 -2.74000e+02
6081 -2.73000e+02
6105 -2.72000e+02
6179 -2.71000e+02
6232 -2.70000e+02
6261 -2.69000e+02
6459 -2.68000e+02
6524 -2.67000e+02
6675 -2.66000e+02
6689 -2.65000e+02
6756 -2.64000e+02
6768 -2.63000e+02
6828 -2.62000e+02
6951 -2.61000e+02
7012 -2.60000e+02
7062 -2.59000e+02
7086 -2.58000e+02
7161 -2.57000e+02
7210 -2.56000e+02
7244 -2.55000e+02
7291 -2.54000e+02
7308 -2.53000e+02
7379 -2.52000e+02
7451 -2.51000e+02
7491 -2.50000e+02
7550 -2.49000e+02
7604 -2.48000e+02
7679 -2.47000e+02
7719 -2.46000e+02
7741 -2.45000e+02
7800 -2.44000e+02
7865 -2.43000e+02
7962 -2.42000e+02
7983 -2.41000e+02
8018 -2.40000e+02
8080 -2.39000e+02
8149 -2.38000e+02
8175 -2.37000e+02
8223 -2.36000e+02
8277 -2.35000e+02
8315 -2.34000e+02
8386 -2.33000e+02
8509 -2.32000e+02
8523 -2.31000e+02
8597 -2.30000e+02
8620 -2.29000e+02
8668 -2.28000e+02
8700 -2.27000e+02
8834 -2.26000e+02
8855 -2.25000e+02
8991 -2.24000e+02
9049 -2.23000e+02
9098 -2.22000e+02
9122 -2.20000e+02
9261 -2.19000e+02
9352 -2.18000e+02
9402 -2.17000e+02
9456 -2.16000e+02
9483 -2.15000e+02
9593 -2.14000e+02
9631 -2.13000e+02
9777 -2.12000e+02
9842 -2.11000e+02
9981 -2.11000e+02
"function evaluation" "best-so-far f(x)"
1 -3.93000e+02
31 -3.91000e+02
181 -3.90000e+02
223 -3.89000e+02
250 -3.88000e+02
287 -3.87000e+02
435 -3.86000e+02
533 -3.85000e+02
581 -3.84000e+02
610 -3.83000e+02
658 -3.82000e+02
700 -3.81000e+02
739 -3.80000e+02
955 -3.79000e+02
1029 -3.78000e+02
1045 -3.77000e+02
1060 -3.76000e+02
1103 -3.75000e+02
1221 -3.74000e+02
1271 -3.73000e+02
1332 -3.72000e+02
1378 -3.71000e+02
1390 -3.70000e+02
1412 -3.69000e+02
1490 -3.68000e+02
1546 -3.67000e+02
1629 -3.66000e+02
1670 -3.65000e+02
1710 -3.64000e+02
1726 -3.63000e+02
1775 -3.62000e+02
1831 -3.61000e+02
1874 -3.60000e+02
1930 -3.59000e+02
1957 -3.58000e+02
1971 -3.56000e+02
2045 -3.55000e+02
2103 -3.53000e+02
2211 -3.52000e+02
2246 -3.51000e+02
2359 -3.50000e+02
2424 -3.49000e+02
2485 -3.48000e+02
2556 -3.47000e+02
2571 -3.46000e+02
2640 -3.44000e+02
2698 -3.43000e+02
2767 -3.42000e+02
2842 -3.41000e+02
2920 -3.40000e+02
3032 -3.39000e+02
3036 -3.38000e+02
3102 -3.37000e+02
3180 -3.36000e+02
3256 -3.35000e+02
3291 -3.34000e+02
3372 -3.33000e+02
3458 -3.32000e+02
3508 -3.31000e+02
3540 -3.30000e+02
3594 -3.29000e+02
3657 -3.28000e+02
3690 -3.27000e+02
3700 -3.26000e+02
3731 -3.24000e+02
3772 -3.23000e+02
3828 -3.22000e+02
3875 -3.21000e+02
3916 -3.20000e+02
3993 -3.19000e+02
4057 -3.18000e+02
4089 -3.17000e+02
4139 -3.16000e+02
4289 -3.15000e+02
4316 -3.14000e+02
4455 -3.13000e+02
4477 -3.12000e+02
4543 -3.11000e+02
4559 -3.10000e+02
4570 -3.09000e+02
4609 -3.08000e+02
4610 -3.07000e+02
4710 -3.06000e+02
4864 -3.05000e+02
4887 -3.04000e+02
4930 -3.03000e+02
4961 -3.02000e+02
4997 -3.01000e+02
5030 -3.00000e+02
5039 -2.99000e+02
5058 -2.98000e+02
5130 -2.97000e+02
5140 -2.96000e+02
5157 -2.95000e+02
5211 -2.94000e+02
5262 -2.93000e+02
5325 -2.92000e+02
5363 -2.91000e+02
5401 -2.90000e+02
5453 -2.89000e+02
5474 -2.88000e+02
5545 -2.87000e+02
5599 -2.86000e+02
5645 -2.85000e+02
5692 -2.84000e+02
5731 -2.83000e+02
5800 -2.82000e+02
5829 -2.81000e+02
5883 -2.80000e+02
5947 -2.79000e+02
6025 -2.78000e+02
6033 -2.77000e+02
6134 -2.76000e+02
6194 -2.75000e+02
6226 -2.74000e+02
6285 -2.73000e+02
6333 -2.72000e+02
6398 -2.71000e+02
6447 -2.70000e+02
6525 -2.69000e+02
6764 -2.68000e+02
6838 -2.67000e+02
6887 -2.66000e+02
6935 -2.65000e+02
6976 -2.64000e+02
7064 -2.63000e+02
7093 -2.62000e+02
7124 -2.61000e+02
7130 -2.60000e+02
7182 -2.59000e+02
7237 -2.58000e+02
7258 -2.57000e+02
7341 -2.56000e+02
7403 -2.55000e+02
7477 -2.54000e+02
7570 -2.53000e+02
7622 -2.52000e+02
7638 -2.51000e+02
7658 -2.50000e+02
7721 -2.49000e+02
7852 -2.48000e+02
7883 -2.46000e+02
7944 -2.45000e+02
8076 -2.44000e+02
8124 -2.43000e+02
8140 -2.42000e+02
8320 -2.41000e+02
8360 -2.40000e+02
8432 -2.39000e+02
8469 -2.38000e+02
8538 -2.37000e+02
8747 -2.36000e+02
8888 -2.35000e+02
8959 -2.34000e+02
8997 -2.33000e+02
9160 -2.32000e+02
9182 -2.31000e+02
9247 -2.30000e+02
9258 -2.29000e+02
9313 -2.28000e+02
9369 -2.27000e+02
9465 -2.26000e+02
9541 -2.25000e+02
9645 -2.24000e+02
9683 -2.23000e+02
9795 -2.22000e+02
9801 -2.21000e+02
9860 -2.20000e+02
9877 -2.19000e+02
9921 -2.17000e+02
9981 -2.17000e+02
"function evaluation" "best-so-far f(x)"
1 -3.93000e+02
53 -3.92000e+02
128 -3.91000e+02
197 -3.90000e+02
278 -3.89000e+02
328 -3.88000e+02
361 -3.87000e+02
401 -3.86000e+02
454 -3.85000e+02
458 -3.84000e+02
521 -3.83000e+02
617 -3.82000e+02
715 -3.81000e+02
763 -3.80000e+02
793 -3.77000e+02
798 -3.76000e+02
815 -3.75000e+02
822 -3.74000e+02
831 -3.73000e+02
855 -3.72000e+02
873 -3.71000e+02
894 -3.70000e+02
972 -3.68000e+02
1013 -3.67000e+02
1029 -3.66000e+02
1043 -3.65000e+02
1100 -3.64000e+02
1148 -3.63000e+02
1220 -3.62000e+02
1250 -3.61000e+02
1386 -3.60000e+02
1432 -3.59000e+02
1460 -3.58000e+02
1538 -3.57000e+02
1658 -3.56000e+02
1683 -3.55000e+02
1733 -3.54000e+02
1771 -3.53000e+02
1776 -3.52000e+02
1804 -3.51000e+02
1869 -3.50000e+02
1892 -3.49000e+02
1936 -3.48000e+02
2011 -3.47000e+02
2046 -3.46000e+02
2082 -3.45000e+02
2106 -3.44000e+02
2129 -3.43000e+02
2151 -3.42000e+02
2240 -3.41000e+02
2266 -3.40000e+02
2292 -3.39000e+02
2342 -3.38000e+02
2453 -3.37000e+02
2525 -3.36000e+02
2554 -3.35000e+02
2641 -3.34000e+02
2830 -3.33000e+02
2930 -3.32000e+02
2943 -3.31000e+02
2970 -3.30000e+02
3025 -3.29000e+02
3049 -3.28000e+02
3080 -3.27000e+02
3159 -3.26000e+02
3223 -3.25000e+02
3295 -3.24000e+02
3423 -3.23000e+02
3456 -3.22000e+02
3467 -3.21000e+02
3584 -3.20000e+02
3634 -3.19000e+02
3747 -3.18000e+02
3761 -3.17000e+02
3814 -3.16000e+02
3989 -3.15000e+02
4055 -3.14000e+02
4089 -3.13000e+02
4122 -3.12000e+02
4201 -3.11000e+02
4276 -3.10000e+02
4331 -3.09000e+02
4389 -3.08000e+02
4408 -3.07000e+02
4431 -3.06000e+02
4457 -3.05000e+02
4473 -3.04000e+02
4540 -3.03000e+02
4558 -3.02000e+02
4642 -3.01000e+02
4685 -3.00000e+02
4690 -2.99000e+02
4727 -2.98000e+02
4780 -2.97000e+02
4820 -2.96000e+02
4873 -2.95000e+02
4936 -2.94000e+02
4970 -2.93000e+02
5062 -2.92000e+02
5116 -2.91000e+02
5172 -2.90000e+02
5208 -2.89000e+02
5223 -2.88000e+02
5239 -2.87000e+02
5292 -2.86000e+02
5375 -2.85000e+02
5480 -2.84000e+02
5540 -2.83000e+02
5678 -2.82000e+02
5720 -2.81000e+02
5760 -2.80000e+02
5826 -2.79000e+02
5879 -2.78000e+02
5912 -2.77000e+02
5981 -2.76000e+02
6028 -2.75000e+02
6197 -2.74000e+02
6213 -2.73000e+02
6232 -2.71000e+02
6272 -2.70000e+02
6287 -2.69000e+02
6338 -2.68000e+02
6386 -2.67000e+02
6543 -2.66000e+02
6642 -2.65000e+02
6678 -2.64000e+02
6714 -2.63000e+02
6739 -2.62000e+02
6964 -2.61000e+02
6976 -2.60000e+02
7037 -2.59000e+02
7060 -2.58000e+02
7164 -2.57000e+02
7262 -2.56000e+02
7268 -2.55000e+02
7342 -2.54000e+02
7429 -2.53000e+02
7491 -2.52000e+02
7512 -2.51000e+02
7537 -2.50000e+02
7639 -2.49000e+02
7717 -2.48000e+02
7779 -2.47000e+02
7872 -2.46000e+02
7945 -2.45000e+02
7963 -2.44000e+02
7977 -2.43000e+02
8010 -2.42000e+02
8054 -2.41000e+02
8100 -2.40000e+02
8172 -2.39000e+02
8233 -2.38000e+02
8289 -2.37000e+02
8353 -2.35000e+02
8387 -2.34000e+02
8470 -2.33000e+02
8518 -2.32000e+02
8538 -2.31000e+02
8639 -2.29000e+02
8703 -2.27000e+02
8761 -2.26000e+02
8783 -2.25000e+02
8818 -2.24000e+02
9109 -2.23000e+02
9233 -2.22000e+02
9364 -2.21000e+02
9453 -2.20000e+02
9549 -2.19000e+02
9587 -2.18000e+02
9594 -2.17000e+02
9637 -2.16000e+02
9731 -2.15000e+02
9781 -2.14000e+02
9931 -2.13000e+02
9981 -2.13000e+02
"function evaluation" "best-so-far f(x)"
1 -3.93000e+02
18 -3.92000e+02
68 -3.91000e+02
158 -3.90000e+02
230 -3.89000e+02
246 -3.88000e+02
269 -3.87000e+02
312 -3.86000e+02
341 -3.85000e+02
366 -3.84000e+02
613 -3.83000e+02
634 -3.82000e+02
684 -3.81000e+02
737 -3.79000e+02
758 -3.78000e+02
812 -3.77000e+02
860 -3.76000e+02
897 -3.75000e+02
928 -3.74000e+02
969 -3.73000e+02
1001 -3.72000e+02
1013 -3.71000e+02
1014 -3.70000e+02
1071 -3.69000e+02
1120 -3.68000e+02
1272 -3.67000e+02
1295 -3.66000e+02
1312 -3.65000e+02
1370 -3.64000e+02
1404 -3.63000e+02
1472 -3.62000e+02
1501 -3.61000e+02
1518 -3.60000e+02
1615 -3.59000e+02
1663 -3.58000e+02
1700 -3.57000e+02
1727 -3.56000e+02
1737 -3.55000e+02
1847 -3.54000e+02
1946 -3.53000e+02
2058 -3.52000e+02
2079 -3.51000e+02
2159 -3.50000e+02
2219 -3.49000e+02
2246 -3.48000e+02
2310 -3.47000e+02
2350 -3.46000e+02
2390 -3.45000e+02
2429 -3.44000e+02
2474 -3.43000e+02
2589 -3.42000e+02
2646 -3.41000e+02
2660 -3.40000e+02
2706 -3.39000e+02
2769 -3.38000e+02
2818 -3.37000e+02
2834 -3.36000e+02
2865 -3.35000e+02
2927 -3.34000e+02
3005 -3.33000e+02
3054 -3.32000e+02
3110 -3.31000e+02
3135 -3.30000e+02
3210 -3.29000e+02
3248 -3.28000e+02
3314 -3.27000e+02
3319 -3.26000e+02
3366 -3.25000e+02
3475 -3.24000e+02
3487 -3.23000e+02
3510 -3.22000e+02
3583 -3.21000e+02
3584 -3.20000e+02
3665 -3.19000e+02
3705 -3.18000e+02
3759 -3.17000e+02
3788 -3.16000e+02
3818 -3.15000e+02
3873 -3.14000e+02
3939 -3.13000e+02
3999 -3.12000e+02
4159 -3.11000e+02
4204 -3.10000e+02
4289 -3.09000e+02
4349 -3.08000e+02
4420 -3.07000e+02
4441 -3.06000e+02
4474 -3.05000e+02
4514 -3.04000e+02
4573 -3.03000e+02
4644 -3.02000e+02
4660 -3.01000e+02
4722 -3.00000e+02
4770 -2.99000e+02
4795 -2.97000e+02
4857 -2.96000e+02
4934 -2.95000e+02
5011 -2.94000e+02
5051 -2.93000e+02
5076 -2.92000e+02
5186 -2.91000e+02
5246 -2.90000e+02
5291 -2.89000e+02
5314 -2.88000e+02
5330 -2.87000e+02
5367 -2.86000e+02
5441 -2.85000e+02
5550 -2.84000e+02
5660 -2.83000e+02
5697 -2.82000e+02
5749 -2.81000e+02
5778 -2.80000e+02
5860 -2.79000e+02
5927 -2.78000e+02
6000 -2.77000e+02
6022 -2.76000e+02
6091 -2.75000e+02
6151 -2.74000e+02
6188 -2.73000e+02
6260 -2.72000e+02
6411 -2.71000e+02
6420 -2.70000e+02
6473 -2.69000e+02
6478 -2.68000e+02
6552 -2.67000e+02
6628 -2.66000e+02
6670 -2.65000e+02
6755 -2.64000e+02
6818 -2.63000e+02
6846 -2.62000e+02
6884 -2.61000e+02
6925 -2.60000e+02
7026 -2.59000e+02
7109 -2.58000e+02
7167 -2.57000e+02
7281 -2.56000e+02
7433 -2.55000e+02
7529 -2.54000e+02
7532 -2.53000e+02
7584 -2.52000e+02
7661 -2.51000e+02
7709 -2.50000e+02
7775 -2.49000e+02
7864 -2.48000e+02
7935 -2.47000e+02
7940 -2.46000e+02
8032 -2.45000e+02
8127 -2.44000e+02
8219 -2.43000e+02
8341 -2.42000e+02
8388 -2.41000e+02
8433 -2.40000e+02
8508 -2.39000e+02
8662 -2.38000e+02
8735 -2.37000e+02
8928 -2.36000e+02
8989 -2.35000e+02
9081 -2.34000e+02
9095 -2.33000e+02
9180 -2.32000e+02
9192 -2.31000e+02
9242 -2.30000e+02
9340 -2.29000e+02
9347 -2.28000e+02
9462 -2.27000e+02
9511 -2.26000e+02
9601 -2.25000e+02
9670 -2.24000e+02
9860 -2.23000e+02
9906 -2.22000e+02
9923 -2.21000e+02
9981 -2.21000e+02
"function evaluation" "best-so-far f(x)"
1 -3.93000e+02
16 -3.92000e+02
69 -3.91000e+02
104 -3.90000e+02
177 -3.89000e+02
245 -3.88000e+02
272 -3.87000e+02
279 -3.86000e+02
312 -3.85000e+02
372 -3.84000e+02
384 -3.83000e+02
422 -3.82000e+02
427 -3.81000e+02
458 -3.80000e+02
496 -3.79000e+02
519 -3.78000e+02
560 -3.77000e+02
599 -3.76000e+02
627 -3.75000e+02
674 -3.74000e+02
730 -3.73000e+02
775 -3.72000e+02
899 -3.71000e+02
947 -3.70000e+02
1017 -3.69000e+02
1024 -3.68000e+02
1031 -3.67000e+02
1060 -3.66000e+02
1091 -3.65000e+02
1204 -3.64000e+02
1233 -3.63000e+02
1340 -3.62000e+02
1350 -3.61000e+02
1365 -3.60000e+02
1386 -3.59000e+02
1505 -3.57000e+02
1539 -3.56000e+02
1620 -3.55000e+02
1677 -3.54000e+02
1710 -3.53000e+02
1776 -3.52000e+02
1793 -3.51000e+02
1874 -3.50000e+02
1900 -3.49000e+02
1949 -3.48000e+02
1994 -3.47000e+02
2045 -3.46000e+02
2069 -3.45000e+02
2132 -3.44000e+02
2217 -3.43000e+02
2265 -3.42000e+02
2292 -3.41000e+02
2310 -3.40000e+02
2332 -3.39000e+02
2372 -3.38000e+02
2390 -3.37000e+02
2442 -3.36000e+02
2617 -3.35000e+02
2643 -3.34000e+02
2664 -3.32000e+02
2732 -3.31000e+02
2785 -3.30000e+02
2837 -3.29000e+02
2917 -3.28000e+02
2957 -3.27000e+02
3004 -3.26000e+02
3096 -3.25000e+02
3170 -3.24000e+02
3284 -3.23000e+02
3318 -3.22000e+02
3366 -3.21000e+02
3420 -3.20000e+02
3466 -3.19000e+02
3518 -3.18000e+02
3565 -3.17000e+02
3579 -3.16000e+02
3647 -3.15000e+02
3675 -3.14000e+02
3703 -3.13000e+02
3720 -3.12000e+02
3791 -3.11000e+02
3807 -3.10000e+02
3871 -3.09000e+02
3943 -3.08000e+02
4003 -3.07000e+02
4057 -3.06000e+02
4073 -3.05000e+02
4115 -3.04000e+02
4136 -3.03000e+02
4259 -3.02000e+02
4320 -3.01000e+02
4352 -3.00000e+02
4393 -2.99000e+02
4427 -2.98000e+02
4528 -2.97000e+02
4697 -2.96000e+02
4772 -2.95000e+02
4962 -2.94000e+02
5031 -2.93000e+02
5093 -2.92000e+02
5108 -2.91000e+02
5128 -2.90000e+02
5198 -2.89000e+02
5246 -2.88000e+02
5288 -2.87000e+02
5357 -2.86000e+02
5414 -2.85000e+02
5447 -2.84000e+02
5459 -2.83000e+02
5467 -2.82000e+02
5477 -2.81000e+02
5528 -2.79000e+02
5609 -2.78000e+02
5741 -2.77000e+02
5761 -2.76000e+02
5889 -2.75000e+02
5950 -2.74000e+02
5972 -2.73000e+02
5998 -2.72000e+02
6057 -2.71000e+02
6070 -2.69000e+02
6116 -2.68000e+02
6240 -2.67000e+02
6249 -2.66000e+02
6310 -2.65000e+02
6328 -2.64000e+02
6438 -2.63000e+02
6470 -2.61000e+02
6631 -2.60000e+02
6643 -2.59000e+02
6711 -2.58000e+02
6796 -2.57000e+02
6818 -2.56000e+02
6855 -2.55000e+02
6866 -2.54000e+02
6971 -2.53000e+02
7074 -2.52000e+02
7186 -2.51000e+02
7221 -2.50000e+02
7229 -2.49000e+02
7385 -2.48000e+02
7485 -2.47000e+02
7588 -2.46000e+02
7654 -2.45000e+02
7701 -2.44000e+02
7758 -2.43000e+02
7821 -2.42000e+02
7852 -2.41000e+02
7951 -2.40000e+02
8042 -2.39000e+02
8074 -2.38000e+02
8109 -2.37000e+02
8222 -2.36000e+02
8279 -2.35000e+02
8326 -2.34000e+02
8393 -2.33000e+02
8431 -2.32000e+02
8536 -2.31000e+02
8625 -2.30000e+02
8772 -2.29000e+02
8803 -2.28000e+02
8830 -2.27000e+02
8876 -2.25000e+02
9070 -2.23000e+02
9164 -2.22000e+02
9199 -2.21000e+02
9208 -2.20000e+02
9343 -2.19000e+02
9518 -2.18000e+02
9566 -2.17000e+02
9669 -2.16000e+02
9696 -2.15000e+02
9879 -2.13000e+02
9938 -2.12000e+02
9981 -2.12000e+02
"function evaluation" "best-so-far f(x)"
1 -3.93000e+02
8 -3.92000e+02
29 -3.91000e+02
131 -3.90000e+02
195 -3.89000e+02
202 -3.88000e+02
241 -3.86000e+02
248 -3.85000e+02
336 -3.84000e+02
436 -3.83000e+02
443 -3.82000e+02
446 -3.80000e+02
509 -3.79000e+02
600 -3.78000e+02
664 -3.77000e+02
707 -3.76000e+02
777 -3.75000e+02
821 -3.74000e+02
845 -3.73000e+02
887 -3.72000e+02
927 -3.71000e+02
1018 -3.70000e+02
1067 -3.69000e+02
1133 -3.68000e+02
1206 -3.67000e+02
1223 -3.66000e+02
1269 -3.65000e+02
1290 -3.64000e+02
1371 -3.63000e+02
1450 -3.61000e+02
1484 -3.60000e+02
1562 -3.59000e+02
1654 -3.58000e+02
1666 -3.57000e+02
1690 -3.56000e+02
1738 -3.55000e+02
1768 -3.54000e+02
1794 -3.53000e+02
1805 -3.52000e+02
1818 -3.51000e+02
1879 -3.50000e+02
1914 -3.49000e+02
2069 -3.48000e+02
2120 -3.47000e+02
2237 -3.46000e+02
2295 -3.45000e+02
2331 -3.44000e+02
2348 -3.43000e+02
2378 -3.42000e+02
2409 -3.41000e+02
2499 -3.40000e+02
2604 -3.39000e+02
2627 -3.38000e+02
2684 -3.37000e+02
2718 -3.36000e+02
2750 -3.35000e+02
2772 -3.34000e+02
2856 -3.33000e+02
2874 -3.32000e+02
2939 -3.31000e+02
2980 -3.30000e+02
3028 -3.29000e+02
3069 -3.28000e+02
3108 -3.27000e+02
3199 -3.26000e+02
3278 -3.25000e+02
3344 -3.24000e+02
3437 -3.23000e+02
3497 -3.22000e+02
3553 -3.21000e+02
3567 -3.20000e+02
3601 -3.19000e+02
3616 -3.18000e+02
3666 -3.17000e+02
3694 -3.16000e+02
3805 -3.15000e+02
3865 -3.14000e+02
3879 -3.13000e+02
3919 -3.12000e+02
4036 -3.11000e+02
4134 -3.10000e+02
4141 -3.09000e+02
4151 -3.08000e+02
4164 -3.07000e+02
4194 -3.06000e+02
4247 -3.05000e+02
4252 -3.04000e+02
4275 -3.03000e+02
4380 -3.02000e+02
4409 -3.01000e+02
4468 -3.00000e+02
4475 -2.99000e+02
4502 -2.98000e+02
4561 -2.97000e+02
4694 -2.96000e+02
4714 -2.95000e+02
4718 -2.94000e+02
4906 -2.93000e+02
4976 -2.92000e+02
5019 -2.91000e+02
5028 -2.90000e+02
5045 -2.89000e+02
5099 -2.88000e+02
5193 -2.87000e+02
5211 -2.86000e+02
5365 -2.85000e+02
5426 -2.84000e+02
5482 -2.83000e+02
5548 -2.82000e+02
5616 -2.81000e+02
5674 -2.80000e+02
5710 -2.79000e+02
5776 -2.78000e+02
5860 -2.77000e+02
5887 -2.76000e+02
5982 -2.75000e+02
6018 -2.74000e+02
6152 -2.73000e+02
6191 -2.72000e+02
6417 -2.71000e+02
6421 -2.70000e+02
6438 -2.69000e+02
6453 -2.68000e+02
6533 -2.67000e+02
6612 -2.66000e+02
6699 -2.65000e+02
6721 -2.64000e+02
6756 -2.63000e+02
6778 -2.62000e+02
6882 -2.61000e+02
6937 -2.60000e+02
6988 -2.59000e+02
7016 -2.58000e+02
7072 -2.57000e+02
7171 -2.56000e+02
7213 -2.55000e+02
7233 -2.54000e+02
7243 -2.53000e+02
7257 -2.52000e+02
7294 -2.51000e+02
7339 -2.50000e+02
7384 -2.49000e+02
7415 -2.48000e+02
7460 -2.47000e+02
7500 -2.46000e+02
7576 -2.45000e+02
7618 -2.44000e+02
7669 -2.43000e+02
7814 -2.42000e+02
7911 -2.41000e+02
7964 -2.40000e+02
7968 -2.39000e+02
8087 -2.38000e+02
8260 -2.37000e+02
8312 -2.36000e+02
8353 -2.35000e+02
8372 -2.34000e+02
8389 -2.33000e+02
8447 -2.32000e+02
8485 -2.31000e+02
8493 -2.30000e+02
8665 -2.29000e+02
8717 -2.28000e+02
8759 -2.27000e+02
8790 -2.26000e+02
8892 -2.25000e+02
8954 -2.24000e+02
9163 -2.23000e+02
9206 -2.22000e+02
9301 -2.21000e+02
9386 -2.20000e+02
9438 -2.19000e+02
9509 -2.18000e+02
9527 -2.17000e+02
9563 -2.16000e+02
9574 -2.15000e+02
9610 -2.14000e+02
9620 -2.13000e+02
9722 -2.12000e+02
9832 -2.11000e+02
9875 -2.10000e+02
9961 -2.09000e+02
9981 -2.09000e+02
"function evaluation" "best-so-far f(x)"
1 -3.93000e+02
39 -3.92000e+02
51 -3.91000e+02
86 -3.90000e+02
127 -3.89000e+02
148 -3.88000e+02
237 -3.87000e+02
254 -3.86000e+02
295 -3.85000e+02
332 -3.84000e+02
378 -3.83000e+02
416 -3.82000e+02
506 -3.81000e+02
538 -3.80000e+02
605 -3.79000e+02
616 -3.78000e+02
663 -3.77000e+02
724 -3.76000e+02
791 -3.74000e+02
794 -3.73000e+02
904 -3.72000e+02
957 -3.71000e+02
1063 -3.70000e+02
1102 -3.69000e+02
1160 -3.68000e+02
1246 -3.67000e+02
1268 -3.66000e+02
1309 -3.65000e+02
1325 -3.64000e+02
1346 -3.63000e+02
1390 -3.62000e+02
1427 -3.61000e+02
1521 -3.59000e+02
1555 -3.58000e+02
1564 -3.57000e+02
1685 -3.56000e+02
1696 -3.55000e+02
1756 -3.54000e+02
1801 -3.53000e+02
1905 -3.52000e+02
1938 -3.51000e+02
1962 -3.50000e+02
1998 -3.49000e+02
2043 -3.48000e+02
2068 -3.47000e+02
2131 -3.46000e+02
2180 -3.45000e+02
2264 -3.44000e+02
2316 -3.43000e+02
2389 -3.42000e+02
2398 -3.41000e+02
2576 -3.40000e+02
2589 -3.39000e+02
2595 -3.38000e+02
2661 -3.37000e+02
2687 -3.36000e+02
2723 -3.35000e+02
2752 -3.34000e+02
2792 -3.33000e+02
2829 -3.32000e+02
2903 -3.31000e+02
2952 -3.30000e+02
2992 -3.29000e+02
3010 -3.28000e+02
3100 -3.26000e+02
3198 -3.24000e+02
3258 -3.23000e+02
3329 -3.22000e+02
3417 -3.21000e+02
3442 -3.20000e+02
3486 -3.19000e+02
3487 -3.18000e+02
3537 -3.17000e+02
3572 -3.16000e+02
3608 -3.15000e+02
3706 -3.14000e+02
3758 -3.13000e+02
3819 -3.11000e+02
3897 -3.10000e+02
4026 -3.09000e+02
4139 -3.08000e+02
4190 -3.07000e+02
4314 -3.06000e+02
4427 -3.05000e+02
4506 -3.04000e+02
4552 -3.02000e+02
4638 -3.01000e+02
4641 -3.00000e+02
4737 -2.99000e+02
4757 -2.98000e+02
4944 -2.97000e+02
5001 -2.96000e+02
5088 -2.95000e+02
5143 -2.94000e+02
5149 -2.93000e+02
5286 -2.92000e+02
5325 -2.91000e+02
5376 -2.90000e+02
5388 -2.89000e+02
5406 -2.88000e+02
5416 -2.87000e+02
5493 -2.86000e+02
5550 -2.84000e+02
5624 -2.83000e+02
5746 -2.81000e+02
5808 -2.80000e+02
5871 -2.79000e+02
5974 -2.78000e+02
5996 -2.77000e+02
6090 -2.76000e+02
6114 -2.75000e+02
6182 -2.74000e+02
6205 -2.73000e+02
6298 -2.72000e+02
6380 -2.71000e+02
6402 -2.70000e+02
6498 -2.69000e+02
6569 -2.68000e+02
6602 -2.67000e+02
6640 -2.66000e+02
6653 -2.65000e+02
6734 -2.64000e+02
6765 -2.63000e+02
6772 -2.62000e+02
6937 -2.61000e+02
6968 -2.60000e+02
7017 -2.59000e+02
7052 -2.58000e+02
7121 -2.57000e+02
7176 -2.56000e+02
7234 -2.55000e+02
7351 -2.54000e+02
7370 -2.53000e+02
7442 -2.52000e+02
7498 -2.51000e+02
7585 -2.50000e+02
7708 -2.49000e+02
7803 -2.48000e+02
7853 -2.47000e+02
7869 -2.46000e+02
7968 -2.45000e+02
8000 -2.44000e+02
8024 -2.43000e+02
8054 -2.42000e+02
8188 -2.41000e+02
8190 -2.40000e+02
8259 -2.39000e+02
8288 -2.38000e+02
8324 -2.37000e+02
8388 -2.36000e+02
8418 -2.35000e+02
8516 -2.34000e+02
8543 -2.33000e+02
8688 -2.32000e+02
8721 -2.31000e+02
8789 -2.30000e+02
8854 -2.29000e+02
8979 -2.28000e+02
9049 -2.27000e+02
9089 -2.26000e+02
9120 -2.25000e+02
9217 -2.23000e+02
9273 -2.22000e+02
9285 -2.21000e+02
9328 -2.20000e+02
9377 -2.19000e+02
9583 -2.18000e+02
9621 -2.17000e+02
9632 -2.16000e+02
9728 -2.15000e+02
9744 -2.14000e+02
9813 -2.13000e+02
9935 -2.12000e+02
9981 -2.12000e+02
"function evaluation" "best-so-far f(x)"
1 -3.93000e+02
4 -3.92000e+02
49 -3.91000e+02
119 -3.90000e+02
206 -3.89000e+02
247 -3.88000e+02
265 -3.87000e+02
285 -3.86000e+02
343 -3.85000e+02
381 -3.84000e+02
399 -3.83000e+02
469 -3.82000e+02
486 -3.81000e+02
524 -3.80000e+02
553 -3.79000e+02
567 -3.78000e+02
671 -3.77000e+02
728 -3.75000e+02
754 -3.74000e+02
804 -3.73000e+02
836 -3.72000e+02
848 -3.71000e+02
887 -3.70000e+02
957 -3.68000e+02
987 -3.67000e+02
1052 -3.66000e+02
1123 -3.65000e+02
1163 -3.64000e+02
1196 -3.63000e+02
1235 -3.62000e+02
1260 -3.61000e+02
1266 -3.60000e+02
1297 -3.58000e+02
1341 -3.57000e+02
1425 -3.56000e+02
1448 -3.55000e+02
1504 -3.54000e+02
1541 -3.53000e+02
1580 -3.52000e+02
1626 -3.51000e+02
1645 -3.50000e+02
1674 -3.49000e+02
1722 -3.48000e+02
1803 -3.47000e+02
1850 -3.46000e+02
1914 -3.45000e+02
1945 -3.44000e+02
1963 -3.43000e+02
1983 -3.42000e+02
2035 -3.41000e+02
2063 -3.40000e+02
2142 -3.39000e+02
2180 -3.37000e+02
2281 -3.36000e+02
2308 -3.34000e+02
2386 -3.33000e+02
2412 -3.32000e+02
2506 -3.31000e+02
2536 -3.30000e+02
2540 -3.29000e+02
2607 -3.28000e+02
2639 -3.27000e+02
2727 -3.26000e+02
2759 -3.25000e+02
2794 -3.24000e+02
2814 -3.23000e+02
2855 -3.22000e+02
2877 -3.21000e+02
2951 -3.20000e+02
3039 -3.19000e+02
3080 -3.18000e+02
3150 -3.17000e+02
3237 -3.16000e+02
3288 -3.15000e+02
3340 -3.14000e+02
3375 -3.13000e+02
3387 -3.12000e+02
3389 -3.11000e+02
3485 -3.10000e+02
3571 -3.09000e+02
3633 -3.08000e+02
3698 -3.07000e+02
3726 -3.06000e+02
3757 -3.05000e+02
3784 -3.04000e+02
3821 -3.03000e+02
3887 -3.02000e+02
4037 -3.01000e+02
4085 -3.00000e+02
4095 -2.99000e+02
4158 -2.98000e+02
4246 -2.97000e+02
4328 -2.96000e+02
4395 -2.95000e+02
4409 -2.94000e+02
4416 -2.93000e+02
4471 -2.92000e+02
4490 -2.91000e+02
4561 -2.90000e+02
4599 -2.89000e+02
4720 -2.88000e+02
4886 -2.87000e+02
4899 -2.86000e+02
4955 -2.85000e+02
5012 -2.84000e+02
5039 -2.82000e+02
5106 -2.81000e+02
5158 -2.80000e+02
5188 -2.78000e+02
5243 -2.77000e+02
5250 -2.76000e+02
5308 -2.75000e+02
5359 -2.74000e+02
5460 -2.73000e+02
5490 -2.72000e+02
5526 -2.71000e+02
5598 -2.70000e+02
5624 -2.69000e+02
5691 -2.68000e+02
5843 -2.67000e+02
5871 -2.66000e+02
5956 -2.65000e+02
6107 -2.64000e+02
6177 -2.63000e+02
6251 -2.62000e+02
6257 -2.61000e+02
6280 -2.60000e+02
6365 -2.59000e+02
6439 -2.58000e+02
6468 -2.57000e+02
6553 -2.56000e+02
6603 -2.55000e+02
6677 -2.54000e+02
6723 -2.53000e+02
6772 -2.52000e+02
6773 -2.51000e+02
6807 -2.50000e+02
6902 -2.49000e+02
6910 -2.48000e+02
6952 -2.47000e+02
7074 -2.46000e+02
7131 -2.45000e+02
7209 -2.44000e+02
7256 -2.43000e+02
7289 -2.42000e+02
7326 -2.41000e+02
7340 -2.40000e+02
7417 -2.39000e+02
7475 -2.38000e+02
7544 -2.37000e+02
7587 -2.36000e+02
7611 -2.35000e+02
7698 -2.34000e+02
7715 -2.33000e+02
7798 -2.32000e+02
7853 -2.31000e+02
7954 -2.30000e+02
7993 -2.29000e+02
8086 -2.28000e+02
8126 -2.26000e+02
8275 -2.25000e+02
8302 -2.24000e+02
8383 -2.23000e+02
8393 -2.22000e+02
8469 -2.21000e+02
8512 -2.19000e+02
8588 -2.18000e+02
8668 -2.17000e+02
8749 -2.16000e+02
9005 -2.15000e+02
9015 -2.14000e+02
9088 -2.13000e+02
9154 -2.12000e+02
9232 -2.11000e+02
9281 -2.10000e+02
9352 -2.09000e+02
9360 -2.08000e+02
9484 -2.07000e+02
9597 -2.05000e+02
9659 -2.04000e+02
9703 -2.03000e+02
9748 -2.02000e+02
9775 -2.01000e+02
9846 -2.00000e+02
9981 -2.00000e+02
"function evaluation" "best-so-far f(x)"
1 -3.93000e+02
36 -3.92000e+02
54 -3.91000e+02
86 -3.90000e+02
125 -3.89000e+02
141 -3.88000e+02
144 -3.87000e+02
243 -3.86000e+02
268 -3.85000e+02
295 -3.84000e+02
301 -3.83000e+02
355 -3.82000e+02
362 -3.81000e+02
411 -3.80000e+02
540 -3.79000e+02
585 -3.78000e+02
610 -3.77000e+02
621 -3.76000e+02
670 -3.75000e+02
710 -3.74000e+02
737 -3.73000e+02
792 -3.72000e+02
852 -3.71000e+02
884 -3.70000e+02
930 -3.69000e+02
977 -3.68000e+02
1050 -3.67000e+02
1125 -3.66000e+02
1154 -3.65000e+02
1214 -3.64000e+02
1304 -3.63000e+02
1340 -3.62000e+02
1400 -3.61000e+02
1466 -3.60000e+02
1562 -3.59000e+02
1586 -3.58000e+02
1604 -3.57000e+02
1638 -3.56000e+02
1659 -3.55000e+02
1677 -3.54000e+02
1688 -3.53000e+02
1742 -3.52000e+02
1756 -3.51000e+02
1773 -3.50000e+02
1801 -3.49000e+02
1851 -3.48000e+02
1919 -3.47000e+02
1978 -3.46000e+02
1987 -3.45000e+02
2018 -3.44000e+02
2107 -3.43000e+02
2139 -3.42000e+02
2173 -3.41000e+02
2234 -3.40000e+02
2321 -3.39000e+02
2375 -3.38000e+02
2396 -3.37000e+02
2403 -3.36000e+02
2459 -3.35000e+02
2496 -3.34000e+02
2531 -3.33000e+02
2565 -3.32000e+02
2603 -3.31000e+02
2645 -3.30000e+02
2749 -3.29000e+02
2773 -3.28000e+02
2860 -3.27000e+02
2933 -3.26000e+02
2993 -3.25000e+02
3167 -3.24000e+02
3210 -3.23000e+02
3273 -3.22000e+02
3289 -3.21000e+02
3340 -3.20000e+02
3412 -3.19000e+02
3453 -3.18000e+02
3562 -3.17000e+02
3736 -3.16000e+02
3807 -3.15000e+02
3817 -3.14000e+02
3824 -3.13000e+02
3906 -3.12000e+02
3984 -3.11000e+02
4044 -3.10000e+02
4074 -3.09000e+02
4090 -3.08000e+02
4137 -3.07000e+02
4154 -3.06000e+02
4192 -3.05000e+02
4201 -3.04000e+02
4249 -3.03000e+02
4265 -3.02000e+02
4310 -3.01000e+02
4401 -3.00000e+02
4462 -2.99000e+02
4499 -2.98000e+02
4562 -2.97000e+02
4603 -2.96000e+02
4627 -2.95000e+02
4763 -2.94000e+02
4870 -2.93000e+02
4943 -2.92000e+02
5019 -2.91000e+02
5160 -2.90000e+02
5173 -2.89000e+02
5333 -2.88000e+02
5358 -2.87000e+02
5400 -2.86000e+02
5463 -2.84000e+02
5491 -2.83000e+02
5659 -2.82000e+02
5682 -2.81000e+02
5730 -2.80000e+02
5762 -2.79000e+02
5816 -2.78000e+02
5880 -2.77000e+02
5913 -2.76000e+02
6041 -2.75000e+02
6096 -2.74000e+02
6269 -2.73000e+02
6349 -2.72000e+02
6386 -2.71000e+02
6400 -2.70000e+02
6446 -2.69000e+02
6463 -2.68000e+02
6560 -2.67000e+02
6590 -2.66000e+02
6711 -2.65000e+02
6787 -2.64000e+02
6976 -2.63000e+02
7014 -2.62000e+02
7063 -2.61000e+02
7090 -2.60000e+02
7183 -2.59000e+02
7260 -2.58000e+02
7288 -2.57000e+02
7334 -2.56000e+02
7451 -2.55000e+02
7511 -2.54000e+02
7586 -2.53000e+02
7701 -2.52000e+02
7738 -2.51000e+02
7836 -2.50000e+02
7937 -2.49000e+02
8045 -2.48000e+02
8067 -2.47000e+02
8108 -2.46000e+02
8116 -2.45000e+02
8164 -2.44000e+02
8345 -2.43000e+02
8418 -2.42000e+02
8432 -2.41000e+02
8444 -2.40000e+02
8509 -2.39000e+02
8584 -2.38000e+02
8619 -2.37000e+02
8775 -2.36000e+02
8837 -2.35000e+02
8846 -2.34000e+02
8858 -2.33000e+02
8887 -2.32000e+02
8951 -2.31000e+02
8979 -2.30000e+02
9171 -2.29000e+02
9234 -2.28000e+02
9285 -2.27000e+02
9421 -2.26000e+02
9472 -2.25000e+02
9515 -2.24000e+02
9633 -2.23000e+02
9664 -2.22000e+02
9757 -2.21000e+02
9794 -2.20000e+02
9857 -2.19000e+02
9981 -2.19000e+02
"function evaluation" "best-so-far f(x)"
1 -3.93000e+02
16 -3.92000e+02
87 -3.91000e+02
123 -3.90000e+02
142 -3.89000e+02
213 -3.88000e+02
223 -3.87000e+02
225 -3.86000e+02
310 -3.85000e+02
375 -3.84000e+02
395 -3.83000e+02
401 -3.82000e+02
435 -3.81000e+02
443 -3.80000e+02
456 -3.79000e+02
458 -3.78000e+02
505 -3.77000e+02
552 -3.76000e+02
563 -3.75000e+02
653 -3.74000e+02
686 -3.73000e+02
709 -3.72000e+02
734 -3.71000e+02
780 -3.70000e+02
814 -3.69000e+02
900 -3.68000e+02
943 -3.67000e+02
1081 -3.66000e+02
1093 -3.65000e+02
1098 -3.64000e+02
1150 -3.63000e+02
1182 -3.62000e+02
1212 -3.61000e+02
1247 -3.60000e+02
1396 -3.59000e+02
1451 -3.58000e+02
1516 -3.57000e+02
1550 -3.56000e+02
1669 -3.55000e+02
1780 -3.54000e+02
1812 -3.53000e+02
1847 -3.52000e+02
1884 -3.51000e+02
1969 -3.50000e+02
2072 -3.49000e+02
2135 -3.48000e+02
2156 -3.47000e+02
2187 -3.46000e+02
2234 -3.45000e+02
2304 -3.44000e+02
2355 -3.43000e+02
2409 -3.42000e+02
2443 -3.41000e+02
2464 -3.40000e+02
2532 -3.39000e+02
2630 -3.38000e+02
2658 -3.37000e+02
2716 -3.36000e+02
2827 -3.35000e+02
2861 -3.34000e+02
2891 -3.32000e+02
2926 -3.31000e+02
2969 -3.30000e+02
3042 -3.29000e+02
3078 -3.28000e+02
3172 -3.27000e+02
3227 -3.26000e+02
3255 -3.25000e+02
3294 -3.24000e+02
3316 -3.23000e+02
3374 -3.22000e+02
3484 -3.21000e+02
3675 -3.20000e+02
3719 -3.19000e+02
3758 -3.18000e+02
3768 -3.16000e+02
3826 -3.15000e+02
3841 -3.14000e+02
3872 -3.13000e+02
3885 -3.12000e+02
4051 -3.11000e+02
4071 -3.10000e+02
4122 -3.09000e+02
4167 -3.08000e+02
4221 -3.07000e+02
4235 -3.06000e+02
4287 -3.04000e+02
4307 -3.03000e+02
4422 -3.02000e+02
4428 -3.01000e+02
4534 -3.00000e+02
4548 -2.99000e+02
4583 -2.98000e+02
4620 -2.97000e+02
4644 -2.96000e+02
4688 -2.95000e+02
4751 -2.94000e+02
4824 -2.93000e+02
4888 -2.92000e+02
4934 -2.91000e+02
4947 -2.90000e+02
5047 -2.89000e+02
5080 -2.88000e+02
5169 -2.87000e+02
5236 -2.86000e+02
5256 -2.85000e+02
5352 -2.84000e+02
5508 -2.83000e+02
5532 -2.82000e+02
5572 -2.81000e+02
5599 -2.80000e+02
5757 -2.79000e+02
5876 -2.78000e+02
5928 -2.77000e+02
6073 -2.76000e+02
6128 -2.75000e+02
6188 -2.74000e+02
6191 -2.73000e+02
6209 -2.72000e+02
6270 -2.71000e+02
6283 -2.70000e+02
6291 -2.69000e+02
6348 -2.68000e+02
6433 -2.67000e+02
6444 -2.66000e+02
6507 -2.65000e+02
6559 -2.64000e+02
6645 -2.63000e+02
6675 -2.62000e+02
6685 -2.61000e+02
6731 -2.60000e+02
6802 -2.59000e+02
6810 -2.58000e+02
6824 -2.57000e+02
6836 -2.56000e+02
6892 -2.55000e+02
6977 -2.54000e+02
7017 -2.53000e+02
7049 -2.52000e+02
7093 -2.51000e+02
7181 -2.50000e+02
7314 -2.49000e+02
7398 -2.48000e+02
7431 -2.47000e+02
7461 -2.46000e+02
7471 -2.45000e+02
7494 -2.44000e+02
7544 -2.43000e+02
7645 -2.42000e+02
7683 -2.41000e+02
7717 -2.40000e+02
7771 -2.39000e+02
7839 -2.38000e+02
7924 -2.37000e+02
7963 -2.36000e+02
8022 -2.35000e+02
8086 -2.34000e+02
8202 -2.33000e+02
8306 -2.32000e+02
8310 -2.30000e+02
8334 -2.29000e+02
8373 -2.28000e+02
8403 -2.27000e+02
8469 -2.26000e+02
8543 -2.25000e+02
8593 -2.24000e+02
8643 -2.23000e+02
8755 -2.22000e+02
8808 -2.21000e+02
8898 -2.20000e+02
8939 -2.19000e+02
8963 -2.18000e+02
9056 -2.17000e+02
9183 -2.16000e+02
9227 -2.15000e+02
9247 -2.14000e+02
9271 -2.13000e+02
9361 -2.12000e+02
9584 -2.11000e+02
9673 -2.10000e+02
9774 -2.09000e+02
9838 -2.08000e+02
9919 -2.07000e+02
9951 -2.06000e+02
9967 -2.05000e+02
9981 -2.05000e+02
"function evaluation" "best-so-far f(x)"
1 -3.93000e+02
12 -3.92000e+02
71 -3.91000e+02
150 -3.90000e+02
170 -3.89000e+02
209 -3.88000e+02
283 -3.87000e+02
314 -3.86000e+02
368 -3.85000e+02
423 -3.84000e+02
478 -3.83000e+02
544 -3.82000e+02
611 -3.81000e+02
613 -3.80000e+02
714 -3.79000e+02
783 -3.78000e+02
822 -3.77000e+02
894 -3.76000e+02
921 -3.75000e+02
966 -3.74000e+02
1030 -3.73000e+02
1122 -3.72000e+02
1136 -3.71000e+02
1150 -3.70000e+02
1156 -3.69000e+02
1237 -3.68000e+02
1314 -3.67000e+02
1344 -3.66000e+02
1393 -3.65000e+02
1502 -3.64000e+02
1520 -3.63000e+02
1562 -3.62000e+02
1576 -3.61000e+02
1652 -3.60000e+02
1702 -3.59000e+02
1735 -3.58000e+02
1871 -3.57000e+02
1903 -3.56000e+02
1936 -3.55000e+02
1959 -3.54000e+02
1976 -3.53000e+02
2036 -3.52000e+02
2139 -3.51000e+02
2155 -3.50000e+02
2247 -3.49000e+02
2288 -3.48000e+02
2389 -3.47000e+02
2403 -3.46000e+02
2479 -3.45000e+02
2503 -3.44000e+02
2535 -3.43000e+02
2659 -3.42000e+02
2700 -3.41000e+02
2725 -3.40000e+02
2768 -3.39000e+02
2803 -3.38000e+02
2832 -3.37000e+02
2875 -3.36000e+02
2916 -3.35000e+02
2989 -3.34000e+02
2990 -3.33000e+02
3054 -3.32000e+02
3064 -3.31000e+02
3071 -3.30000e+02
3081 -3.29000e+02
3258 -3.28000e+02
3266 -3.27000e+02
3278 -3.26000e+02
3390 -3.25000e+02
3453 -3.24000e+02
3527 -3.23000e+02
3596 -3.22000e+02
3717 -3.21000e+02
3775 -3.19000e+02
3858 -3.18000e+02
3930 -3.17000e+02
3949 -3.16000e+02
3980 -3.15000e+02
3995 -3.14000e+02
4069 -3.13000e+02
4156 -3.12000e+02
4214 -3.11000e+02
4299 -3.10000e+02
4349 -3.09000e+02
4405 -3.08000e+02
4424 -3.07000e+02
4463 -3.06000e+02
4500 -3.05000e+02
4577 -3.04000e+02
4706 -3.03000e+02
4722 -3.02000e+02
4779 -3.01000e+02
4798 -3.00000e+02
4850 -2.99000e+02
4929 -2.98000e+02
5030 -2.97000e+02
5052 -2.96000e+02
5124 -2.95000e+02
5152 -2.94000e+02
5177 -2.93000e+02
5216 -2.92000e+02
5334 -2.91000e+02
5394 -2.89000e+02
5456 -2.88000e+02
5514 -2.87000e+02
5582 -2.86000e+02
5613 -2.85000e+02
5674 -2.84000e+02
5689 -2.83000e+02
5741 -2.82000e+02
5814 -2.81000e+02
5905 -2.80000e+02
5925 -2.79000e+02
6003 -2.78000e+02
6093 -2.77000e+02
6109 -2.76000e+02
6124 -2.75000e+02
6185 -2.74000e+02
6234 -2.73000e+02
6313 -2.72000e+02
6354 -2.71000e+02
6377 -2.70000e+02
6404 -2.68000e+02
6468 -2.67000e+02
6506 -2.66000e+02
6610 -2.65000e+02
6725 -2.64000e+02
6764 -2.63000e+02
6804 -2.62000e+02
6911 -2.61000e+02
6925 -2.60000e+02
6946 -2.59000e+02
7018 -2.58000e+02
7085 -2.57000e+02
7238 -2.56000e+02
7277 -2.55000e+02
7337 -2.54000e+02
7391 -2.53000e+02
7482 -2.52000e+02
7517 -2.50000e+02
7518 -2.49000e+02
7617 -2.48000e+02
7758 -2.47000e+02
7822 -2.46000e+02
7877 -2.45000e+02
7907 -2.44000e+02
7978 -2.43000e+02
8021 -2.42000e+02
8034 -2.41000e+02
8131 -2.40000e+02
8133 -2.39000e+02
8190 -2.38000e+02
8236 -2.37000e+02
8270 -2.36000e+02
8292 -2.35000e+02
8307 -2.34000e+02
8408 -2.33000e+02
8441 -2.32000e+02
8461 -2.31000e+02
8528 -2.30000e+02
8578 -2.29000e+02
8673 -2.28000e+02
8724 -2.27000e+02
8776 -2.26000e+02
8828 -2.25000e+02
8853 -2.24000e+02
8973 -2.23000e+02
9026 -2.22000e+02
9104 -2.21000e+02
9170 -2.20000e+02
9212 -2.19000e+02
9256 -2.18000e+02
9324 -2.17000e+02
9349 -2.16000e+02
9362 -2.15000e+02
9424 -2.14000e+02
9465 -2.13000e+02
9562 -2.12000e+02
9627 -2.11000e+02
9654 -2.10000e+02
9702 -2.09000e+02
9709 -2.08000e+02
9757 -2.07000e+02
9836 -2.06000e+02
9871 -2.05000e+02
9973 -2.04000e+02
9981 -2.04000e+02
"function evaluation" "best-so-far f(x)"
1 -3.93000e+02
12 -3.92000e+02
30 -3.90000e+02
49 -3.89000e+02
65 -3.88000e+02
115 -3.87000e+02
171 -3.86000e+02
300 -3.85000e+02
313 -3.84000e+02
365 -3.83000e+02
427 -3.82000e+02
436 -3.81000e+02
461 -3.80000e+02
510 -3.79000e+02
586 -3.78000e+02
592 -3.77000e+02
642 -3.76000e+02
705 -3.75000e+02
733 -3.74000e+02
772 -3.73000e+02
799 -3.72000e+02
840 -3.71000e+02
875 -3.70000e+02
892 -3.69000e+02
950 -3.68000e+02
964 -3.67000e+02
974 -3.66000e+02
1015 -3.65000e+02
1056 -3.64000e+02
1158 -3.63000e+02
1186 -3.62000e+02
1265 -3.61000e+02
1313 -3.60000e+02
1338 -3.59000e+02
1340 -3.58000e+02
1383 -3.57000e+02
1443 -3.56000e+02
1707 -3.55000e+02
1708 -3.54000e+02
1757 -3.53000e+02
1817 -3.52000e+02
1846 -3.51000e+02
1897 -3.50000e+02
1998 -3.49000e+02
2036 -3.48000e+02
2068 -3.47000e+02
2126 -3.46000e+02
2195 -3.45000e+02
2233 -3.44000e+02
2259 -3.43000e+02
2276 -3.42000e+02
2365 -3.41000e+02
2379 -3.40000e+02
2447 -3.39000e+02
2495 -3.38000e+02
2511 -3.37000e+02
2536 -3.36000e+02
2560 -3.34000e+02
2676 -3.33000e+02
2722 -3.32000e+02
2754 -3.31000e+02
2810 -3.30000e+02
2925 -3.29000e+02
3012 -3.28000e+02
3108 -3.27000e+02
3264 -3.26000e+02
3304 -3.25000e+02
3359 -3.24000e+02
3453 -3.23000e+02
3504 -3.22000e+02
3528 -3.21000e+02
3534 -3.20000e+02
3596 -3.19000e+02
3601 -3.18000e+02
3671 -3.17000e+02
3713 -3.16000e+02
3767 -3.15000e+02
3841 -3.14000e+02
3887 -3.13000e+02
3962 -3.12000e+02
4026 -3.11000e+02
4036 -3.10000e+02
4054 -3.09000e+02
4091 -3.08000e+02
4155 -3.07000e+02
4188 -3.06000e+02
4303 -3.05000e+02
4327 -3.04000e+02
4399 -3.03000e+02
4467 -3.02000e+02
4597 -3.01000e+02
4640 -3.00000e+02
4715 -2.99000e+02
4806 -2.98000e+02
4886 -2.97000e+02
4927 -2.96000e+02
5055 -2.95000e+02
5122 -2.94000e+02
5169 -2.93000e+02
5216 -2.92000e+02
5328 -2.91000e+02
5415 -2.90000e+02
5462 -2.89000e+02
5484 -2.88000e+02
5537 -2.87000e+02
5589 -2.86000e+02
5683 -2.85000e+02
5779 -2.84000e+02
5893 -2.83000e+02
5960 -2.82000e+02
5983 -2.81000e+02
6004 -2.80000e+02
6034 -2.79000e+02
6078 -2.78000e+02
6242 -2.77000e+02
6258 -2.76000e+02
6296 -2.75000e+02
6345 -2.74000e+02
6360 -2.73000e+02
6450 -2.72000e+02
6528 -2.71000e+02
6575 -2.70000e+02
6597 -2.69000e+02
6697 -2.68000e+02
6856 -2.67000e+02
6910 -2.66000e+02
6955 -2.65000e+02
7009 -2.64000e+02
7040 -2.62000e+02
7065 -2.61000e+02
7232 -2.60000e+02
7296 -2.59000e+02
7482 -2.58000e+02
7554 -2.57000e+02
7613 -2.56000e+02
7667 -2.55000e+02
7688 -2.54000e+02
7735 -2.53000e+02
7928 -2.52000e+02
7933 -2.51000e+02
7955 -2.50000e+02
8047 -2.49000e+02
8142 -2.48000e+02
8192 -2.47000e+02
8260 -2.46000e+02
8336 -2.45000e+02
8374 -2.44000e+02
8408 -2.43000e+02
8577 -2.42000e+02
8605 -2.41000e+02
8674 -2.40000e+02
8741 -2.39000e+02
8898 -2.38000e+02
8995 -2.37000e+02
9062 -2.36000e+02
9091 -2.35000e+02
9160 -2.34000e+02
9161 -2.33000e+02
9288 -2.32000e+02
9348 -2.31000e+02
9361 -2.30000e+02
9534 -2.29000e+02
9710 -2.28000e+02
9750 -2.27000e+02
9874 -2.26000e+02
9964 -2.25000e+02
9981 -2.25000e+02
"function evaluation" "best-so-far f(x)"
1 -3.93000e+02
10 -3.92000e+02
75 -3.90000e+02
98 -3.89000e+02
137 -3.88000e+02
170 -3.87000e+02
200 -3.86000e+02
264 -3.84000e+02
325 -3.83000e+02
358 -3.82000e+02
451 -3.81000e+02
544 -3.80000e+02
581 -3.78000e+02
665 -3.77000e+02
701 -3.76000e+02
716 -3.75000e+02
747 -3.74000e+02
748 -3.72000e+02
826 -3.71000e+02
873 -3.70000e+02
976 -3.69000e+02
1013 -3.68000e+02
1061 -3.67000e+02
1075 -3.66000e+02
1108 -3.65000e+02
1158 -3.64000e+02
1234 -3.63000e+02
1258 -3.62000e+02
1293 -3.61000e+02
1330 -3.60000e+02
1366 -3.59000e+02
1383 -3.58000e+02
1406 -3.57000e+02
1609 -3.56000e+02
1636 -3.55000e+02
1679 -3.54000e+02
1695 -3.53000e+02
1698 -3.52000e+02
1746 -3.51000e+02
1822 -3.50000e+02
1908 -3.49000e+02
1946 -3.48000e+02
1996 -3.47000e+02
2004 -3.46000e+02
2141 -3.45000e+02
2148 -3.44000e+02
2182 -3.43000e+02
2251 -3.42000e+02
2274 -3.41000e+02
2280 -3.40000e+02
2296 -3.39000e+02
2344 -3.38000e+02
2450 -3.37000e+02
2460 -3.36000e+02
2514 -3.35000e+02
2553 -3.34000e+02
2626 -3.33000e+02
2664 -3.32000e+02
2747 -3.31000e+02
2784 -3.30000e+02
2805 -3.29000e+02
2849 -3.28000e+02
2901 -3.27000e+02
2913 -3.26000e+02
2924 -3.25000e+02
2945 -3.24000e+02
2976 -3.23000e+02
3090 -3.22000e+02
3146 -3.21000e+02
3171 -3.20000e+02
3208 -3.18000e+02
3242 -3.17000e+02
3275 -3.16000e+02
3328 -3.15000e+02
3462 -3.14000e+02
3496 -3.13000e+02
3573 -3.12000e+02
3582 -3.11000e+02
3590 -3.09000e+02
3660 -3.08000e+02
3706 -3.07000e+02
3730 -3.05000e+02
3756 -3.04000e+02
3777 -3.03000e+02
4074 -3.02000e+02
4237 -3.01000e+02
4255 -3.00000e+02
4301 -2.99000e+02
4398 -2.98000e+02
4447 -2.97000e+02
4516 -2.96000e+02
4551 -2.95000e+02
4682 -2.94000e+02
4725 -2.93000e+02
4754 -2.92000e+02
4802 -2.91000e+02
4925 -2.90000e+02
4963 -2.89000e+02
5032 -2.88000e+02
5040 -2.86000e+02
5076 -2.85000e+02
5176 -2.84000e+02
5266 -2.83000e+02
5294 -2.82000e+02
5355 -2.81000e+02
5366 -2.80000e+02
5389 -2.79000e+02
5412 -2.78000e+02
5462 -2.77000e+02
5482 -2.76000e+02
5569 -2.75000e+02
5752 -2.74000e+02
5766 -2.73000e+02
5778 -2.72000e+02
5851 -2.71000e+02
5898 -2.70000e+02
5901 -2.69000e+02
5946 -2.68000e+02
5977 -2.67000e+02
6050 -2.66000e+02
6062 -2.65000e+02
6093 -2.64000e+02
6134 -2.63000e+02
6166 -2.62000e+02
6197 -2.61000e+02
6211 -2.60000e+02
6316 -2.59000e+02
6377 -2.58000e+02
6439 -2.57000e+02
6645 -2.56000e+02
6690 -2.55000e+02
6761 -2.54000e+02
6821 -2.53000e+02
6875 -2.52000e+02
6934 -2.51000e+02
6977 -2.50000e+02
7097 -2.49000e+02
7175 -2.48000e+02
7358 -2.47000e+02
7462 -2.46000e+02
7521 -2.45000e+02
7527 -2.44000e+02
7603 -2.43000e+02
7726 -2.42000e+02
7785 -2.41000e+02
7947 -2.40000e+02
7973 -2.39000e+02
8066 -2.38000e+02
8116 -2.37000e+02
8200 -2.36000e+02
8228 -2.35000e+02
8291 -2.34000e+02
8613 -2.33000e+02
8714 -2.32000e+02
8753 -2.31000e+02
8806 -2.30000e+02
8872 -2.29000e+02
8969 -2.28000e+02
9027 -2.27000e+02
9168 -2.26000e+02
9350 -2.25000e+02
9361 -2.24000e+02
9386 -2.23000e+02
9407 -2.22000e+02
9468 -2.21000e+02
9623 -2.20000e+02
9658 -2.19000e+02
9903 -2.18000e+02
9923 -2.17000e+02
9981 -2.17000e+02
"function evaluation" "best-so-far f(x)"
1 -3.93000e+02
12 -3.92000e+02
105 -3.91000e+02
108 -3.90000e+02
153 -3.89000e+02
182 -3.88000e+02
200 -3.87000e+02
263 -3.86000e+02
352 -3.85000e+02
371 -3.84000e+02
388 -3.83000e+02
525 -3.82000e+02
546 -3.81000e+02
548 -3.79000e+02
594 -3.77000e+02
630 -3.76000e+02
639 -3.75000e+02
678 -3.74000e+02
709 -3.73000e+02
720 -3.72000e+02
767 -3.71000e+02
812 -3.70000e+02
820 -3.69000e+02
995 -3.68000e+02
1046 -3.67000e+02
1056 -3.66000e+02
1120 -3.65000e+02
1138 -3.64000e+02
1178 -3.63000e+02
1233 -3.62000e+02
1337 -3.61000e+02
1384 -3.60000e+02
1438 -3.59000e+02
1503 -3.58000e+02
1596 -3.57000e+02
1646 -3.56000e+02
1677 -3.55000e+02
1683 -3.54000e+02
1712 -3.53000e+02
1750 -3.52000e+02
1787 -3.51000e+02
1871 -3.50000e+02
1912 -3.49000e+02
1939 -3.48000e+02
1962 -3.47000e+02
2054 -3.46000e+02
2122 -3.45000e+02
2165 -3.44000e+02
2173 -3.43000e+02
2219 -3.42000e+02
2353 -3.41000e+02
2388 -3.40000e+02
2406 -3.39000e+02
2442 -3.38000e+02
2472 -3.37000e+02
2523 -3.36000e+02
2573 -3.35000e+02
2580 -3.34000e+02
2650 -3.33000e+02
2708 -3.32000e+02
2778 -3.31000e+02
2811 -3.30000e+02
2864 -3.29000e+02
2913 -3.28000e+02
2975 -3.26000e+02
3018 -3.25000e+02
3083 -3.24000e+02
3108 -3.23000e+02
3119 -3.22000e+02
3202 -3.21000e+02
3227 -3.20000e+02
3262 -3.19000e+02
3312 -3.18000e+02
3410 -3.17000e+02
3435 -3.16000e+02
3460 -3.15000e+02
3540 -3.14000e+02
3583 -3.13000e+02
3618 -3.12000e+02
3640 -3.11000e+02
3701 -3.10000e+02
3761 -3.09000e+02
3807 -3.08000e+02
3861 -3.07000e+02
3902 -3.06000e+02
3926 -3.05000e+02
3964 -3.03000e+02
4036 -3.02000e+02
4079 -3.01000e+02
4139 -3.00000e+02
4177 -2.99000e+02
4216 -2.98000e+02
4268 -2.97000e+02
4340 -2.96000e+02
4423 -2.95000e+02
4458 -2.94000e+02
4501 -2.93000e+02
4508 -2.92000e+02
4568 -2.91000e+02
4654 -2.90000e+02
4675 -2.89000e+02
4700 -2.87000e+02
4759 -2.86000e+02
4794 -2.85000e+02
4855 -2.84000e+02
4871 -2.83000e+02
4899 -2.82000e+02
4989 -2.81000e+02
4998 -2.80000e+02
5024 -2.79000e+02
5043 -2.78000e+02
5082 -2.77000e+02
5181 -2.76000e+02
5233 -2.75000e+02
5351 -2.74000e+02
5450 -2.73000e+02
5483 -2.72000e+02
5487 -2.71000e+02
5586 -2.70000e+02
5621 -2.69000e+02
5678 -2.68000e+02
5849 -2.67000e+02
5955 -2.66000e+02
5969 -2.65000e+02
6023 -2.64000e+02
6095 -2.63000e+02
6135 -2.62000e+02
6197 -2.61000e+02
6314 -2.60000e+02
6385 -2.59000e+02
6439 -2.58000e+02
6480 -2.57000e+02
6524 -2.56000e+02
6563 -2.55000e+02
6641 -2.54000e+02
6742 -2.53000e+02
6756 -2.52000e+02
6836 -2.50000e+02
6912 -2.49000e+02
7224 -2.48000e+02
7234 -2.47000e+02
7316 -2.46000e+02
7416 -2.45000e+02
7484 -2.44000e+02
7513 -2.43000e+02
7619 -2.42000e+02
7659 -2.41000e+02
7757 -2.40000e+02
7808 -2.39000e+02
7894 -2.38000e+02
7960 -2.37000e+02
8014 -2.36000e+02
8068 -2.35000e+02
8160 -2.33000e+02
8181 -2.32000e+02
8287 -2.31000e+02
8342 -2.30000e+02
8374 -2.29000e+02
8434 -2.28000e+02
8473 -2.27000e+02
8569 -2.26000e+02
8681 -2.25000e+02
8745 -2.23000e+02
8808 -2.22000e+02
8816 -2.21000e+02
8836 -2.20000e+02
8851 -2.19000e+02
8903 -2.18000e+02
9073 -2.17000e+02
9103 -2.16000e+02
9162 -2.15000e+02
9171 -2.14000e+02
9244 -2.13000e+02
9330 -2.12000e+02
9485 -2.11000e+02
9527 -2.10000e+02
9550 -2.09000e+02
9611 -2.08000e+02
9653 -2.07000e+02
9688 -2.06000e+02
9815 -2.05000e+02
9852 -2.04000e+02
9937 -2.03000e+02
9981 -2.03000e+02
"function evaluation" "best-so-far f(x)"
1 -3.93000e+02
27 -3.92000e+02
138 -3.91000e+02
157 -3.90000e+02
306 -3.89000e+02
321 -3.88000e+02
360 -3.87000e+02
439 -3.86000e+02
493 -3.85000e+02
516 -3.84000e+02
594 -3.83000e+02
637 -3.82000e+02
743 -3.81000e+02
784 -3.80000e+02
864 -3.79000e+02
952 -3.78000e+02
988 -3.77000e+02
1029 -3.76000e+02
1040 -3.75000e+02
1092 -3.74000e+02
1157 -3.73000e+02
1165 -3.72000e+02
1247 -3.71000e+02
1298 -3.70000e+02
1334 -3.69000e+02
1392 -3.68000e+02
1412 -3.67000e+02
1457 -3.66000e+02
1476 -3.65000e+02
1500 -3.64000e+02
1553 -3.63000e+02
1598 -3.62000e+02
1658 -3.61000e+02
1671 -3.60000e+02
1724 -3.59000e+02
1725 -3.58000e+02
1746 -3.57000e+02
1766 -3.56000e+02
1798 -3.55000e+02
1813 -3.54000e+02
1820 -3.53000e+02
1905 -3.52000e+02
1916 -3.51000e+02
1950 -3.50000e+02
2013 -3.49000e+02
2077 -3.48000e+02
2131 -3.47000e+02
2179 -3.46000e+02
2216 -3.45000e+02
2297 -3.44000e+02
2321 -3.43000e+02
2348 -3.42000e+02
2465 -3.41000e+02
2484 -3.40000e+02
2590 -3.39000e+02
2654 -3.38000e+02
2709 -3.37000e+02
2729 -3.36000e+02
2776 -3.35000e+02
2867 -3.34000e+02
2891 -3.33000e+02
2953 -3.32000e+02
3018 -3.31000e+02
3054 -3.30000e+02
3063 -3.29000e+02
3097 -3.28000e+02
3150 -3.27000e+02
3215 -3.26000e+02
3251 -3.25000e+02
3257 -3.24000e+02
3401 -3.23000e+02
3403 -3.22000e+02
3414 -3.21000e+02
3471 -3.20000e+02
3536 -3.19000e+02
3570 -3.18000e+02
3610 -3.17000e+02
3690 -3.16000e+02
3743 -3.14000e+02
3819 -3.13000e+02
3835 -3.12000e+02
3861 -3.11000e+02
3882 -3.10000e+02
3900 -3.09000e+02
3929 -3.08000e+02
3987 -3.07000e+02
4004 -3.06000e+02
4033 -3.05000e+02
4107 -3.04000e+02
4117 -3.03000e+02
4210 -3.02000e+02
4245 -3.01000e+02
4305 -3.00000e+02
4347 -2.99000e+02
4388 -2.98000e+02
4418 -2.97000e+02
4419 -2.96000e+02
4431 -2.95000e+02
4537 -2.94000e+02
4591 -2.93000e+02
4619 -2.92000e+02
4635 -2.91000e+02
4678 -2.90000e+02
4714 -2.89000e+02
4770 -2.88000e+02
4824 -2.86000e+02
4874 -2.85000e+02
4912 -2.84000e+02
4944 -2.81000e+02
5020 -2.80000e+02
5103 -2.79000e+02
5163 -2.78000e+02
5206 -2.77000e+02
5300 -2.76000e+02
5369 -2.75000e+02
5470 -2.74000e+02
5519 -2.73000e+02
5543 -2.72000e+02
5694 -2.71000e+02
5755 -2.70000e+02
5789 -2.69000e+02
6129 -2.68000e+02
6172 -2.67000e+02
6211 -2.66000e+02
6314 -2.65000e+02
6538 -2.64000e+02
6578 -2.63000e+02
6596 -2.62000e+02
6623 -2.61000e+02
6713 -2.60000e+02
6737 -2.59000e+02
6808 -2.58000e+02
6955 -2.57000e+02
6994 -2.56000e+02
7017 -2.55000e+02
7083 -2.54000e+02
7144 -2.53000e+02
7210 -2.52000e+02
7271 -2.50000e+02
7341 -2.49000e+02
7381 -2.48000e+02
7482 -2.47000e+02
7530 -2.46000e+02
7586 -2.45000e+02
7609 -2.44000e+02
7640 -2.43000e+02
7702 -2.42000e+02
7814 -2.41000e+02
7944 -2.40000e+02
7983 -2.39000e+02
8055 -2.38000e+02
8099 -2.37000e+02
8152 -2.36000e+02
8225 -2.35000e+02
8270 -2.34000e+02
8272 -2.33000e+02
8314 -2.32000e+02
8373 -2.31000e+02
8481 -2.30000e+02
8642 -2.29000e+02
8685 -2.28000e+02
8787 -2.27000e+02
8992 -2.26000e+02
9100 -2.25000e+02
9168 -2.24000e+02
9251 -2.23000e+02
9260 -2.22000e+02
9345 -2.21000e+02
9511 -2.20000e+02
9609 -2.19000e+02
9646 -2.18000e+02
9692 -2.17000e+02
9743 -2.16000e+02
9790 -2.15000e+02
9797 -2.14000e+02
9835 -2.13000e+02
9883 -2.12000e+02
9911 -2.11000e+02
9981 -2.11000e+02
"function evaluation" "best-so-far f(x)"
1 -3.93000e+02
15 -3.92000e+02
51 -3.91000e+02
102 -3.89000e+02
183 -3.88000e+02
221 -3.87000e+02
256 -3.86000e+02
270 -3.85000e+02
357 -3.84000e+02
416 -3.82000e+02
464 -3.81000e+02
486 -3.80000e+02
547 -3.79000e+02
586 -3.78000e+02
623 -3.77000e+02
699 -3.76000e+02
721 -3.75000e+02
840 -3.74000e+02
858 -3.73000e+02
895 -3.72000e+02
932 -3.71000e+02
969 -3.70000e+02
1025 -3.69000e+02
1036 -3.68000e+02
1074 -3.67000e+02
1136 -3.66000e+02
1175 -3.65000e+02
1261 -3.64000e+02
1307 -3.63000e+02
1420 -3.62000e+02
1448 -3.61000e+02
1562 -3.60000e+02
1622 -3.58000e+02
1691 -3.57000e+02
1701 -3.56000e+02
1789 -3.54000e+02
1854 -3.53000e+02
1899 -3.52000e+02
1912 -3.51000e+02
1969 -3.50000e+02
1976 -3.49000e+02
2021 -3.48000e+02
2080 -3.47000e+02
2118 -3.45000e+02
2188 -3.44000e+02
2309 -3.43000e+02
2359 -3.42000e+02
2392 -3.41000e+02
2417 -3.40000e+02
2445 -3.38000e+02
2464 -3.37000e+02
2524 -3.36000e+02
2589 -3.34000e+02
2598 -3.33000e+02
2650 -3.32000e+02
2695 -3.31000e+02
2785 -3.30000e+02
2809 -3.29000e+02
2881 -3.28000e+02
2933 -3.27000e+02
2983 -3.26000e+02
3019 -3.25000e+02
3037 -3.24000e+02
3059 -3.23000e+02
3165 -3.22000e+02
3191 -3.21000e+02
3304 -3.20000e+02
3344 -3.19000e+02
3386 -3.17000e+02
3531 -3.16000e+02
3535 -3.14000e+02
3547 -3.13000e+02
3589 -3.12000e+02
3656 -3.11000e+02
3731 -3.10000e+02
3788 -3.09000e+02
3806 -3.08000e+02
3853 -3.07000e+02
3909 -3.06000e+02
3973 -3.05000e+02
4038 -3.04000e+02
4080 -3.03000e+02
4143 -3.02000e+02
4170 -3.01000e+02
4296 -3.00000e+02
4323 -2.99000e+02
4354 -2.98000e+02
4365 -2.97000e+02
4423 -2.96000e+02
4445 -2.95000e+02
4503 -2.94000e+02
4639 -2.93000e+02
4656 -2.92000e+02
4694 -2.91000e+02
4711 -2.90000e+02
4915 -2.89000e+02
4975 -2.88000e+02
5002 -2.87000e+02
5118 -2.86000e+02
5141 -2.85000e+02
5155 -2.84000e+02
5226 -2.83000e+02
5233 -2.82000e+02
5271 -2.81000e+02
5306 -2.80000e+02
5361 -2.79000e+02
5425 -2.78000e+02
5479 -2.77000e+02
5508 -2.76000e+02
5597 -2.75000e+02
5629 -2.74000e+02
5721 -2.73000e+02
5793 -2.71000e+02
5831 -2.70000e+02
5926 -2.69000e+02
6053 -2.68000e+02
6104 -2.67000e+02
6173 -2.66000e+02
6280 -2.65000e+02
6312 -2.64000e+02
6368 -2.63000e+02
6449 -2.62000e+02
6480 -2.61000e+02
6558 -2.60000e+02
6589 -2.59000e+02
6610 -2.58000e+02
6680 -2.57000e+02
6691 -2.56000e+02
6796 -2.55000e+02
6875 -2.54000e+02
6925 -2.53000e+02
6935 -2.52000e+02
6961 -2.51000e+02
7008 -2.50000e+02
7038 -2.49000e+02
7266 -2.48000e+02
7299 -2.47000e+02
7393 -2.46000e+02
7467 -2.45000e+02
7544 -2.44000e+02
7649 -2.43000e+02
7716 -2.42000e+02
7786 -2.41000e+02
7833 -2.40000e+02
7866 -2.39000e+02
8011 -2.38000e+02
8081 -2.37000e+02
8097 -2.36000e+02
8177 -2.35000e+02
8188 -2.34000e+02
8234 -2.33000e+02
8421 -2.32000e+02
8461 -2.31000e+02
8489 -2.30000e+02
8571 -2.29000e+02
8586 -2.28000e+02
8615 -2.27000e+02
8821 -2.26000e+02
8894 -2.25000e+02
8904 -2.24000e+02
8963 -2.23000e+02
9003 -2.22000e+02
9083 -2.21000e+02
9138 -2.20000e+02
9236 -2.19000e+02
9362 -2.18000e+02
9390 -2.17000e+02
9434 -2.16000e+02
9492 -2.15000e+02
9535 -2.14000e+02
9567 -2.13000e+02
9574 -2.12000e+02
9605 -2.11000e+02
9806 -2.10000e+02
9862 -2.08000e+02
9981 -2.08000e+02
"function evaluation" "best-so-far f(x)"
1 -3.93000e+02
22 -3.92000e+02
61 -3.91000e+02
75 -3.90000e+02
116 -3.89000e+02
167 -3.88000e+02
200 -3.87000e+02
230 -3.86000e+02
239 -3.85000e+02
299 -3.83000e+02
315 -3.82000e+02
367 -3.81000e+02
453 -3.80000e+02
526 -3.79000e+02
631 -3.78000e+02
635 -3.77000e+02
674 -3.76000e+02
719 -3.75000e+02
743 -3.74000e+02
778 -3.73000e+02
807 -3.72000e+02
864 -3.71000e+02
958 -3.70000e+02
1013 -3.69000e+02
1055 -3.68000e+02
1089 -3.67000e+02
1140 -3.66000e+02
1141 -3.65000e+02
1213 -3.64000e+02
1241 -3.63000e+02
1277 -3.62000e+02
1340 -3.61000e+02
1387 -3.60000e+02
1393 -3.59000e+02
1441 -3.58000e+02
1489 -3.57000e+02
1498 -3.55000e+02
1575 -3.54000e+02
1604 -3.53000e+02
1644 -3.52000e+02
1696 -3.50000e+02
1787 -3.49000e+02
1828 -3.48000e+02
1840 -3.47000e+02
1891 -3.46000e+02
1924 -3.45000e+02
1935 -3.44000e+02
1983 -3.42000e+02
2051 -3.41000e+02
2106 -3.40000e+02
2119 -3.39000e+02
2152 -3.38000e+02
2200 -3.37000e+02
2263 -3.36000e+02
2288 -3.35000e+02
2335 -3.33000e+02
2378 -3.32000e+02
2384 -3.31000e+02
2409 -3.30000e+02
2452 -3.29000e+02
2494 -3.28000e+02
2599 -3.27000e+02
2636 -3.26000e+02
2668 -3.25000e+02
2682 -3.24000e+02
2735 -3.23000e+02
2866 -3.22000e+02
2916 -3.21000e+02
2972 -3.20000e+02
3004 -3.19000e+02
3043 -3.18000e+02
3078 -3.17000e+02
3131 -3.16000e+02
3166 -3.15000e+02
3187 -3.14000e+02
3277 -3.13000e+02
3374 -3.12000e+02
3408 -3.11000e+02
3514 -3.10000e+02
3534 -3.09000e+02
3556 -3.08000e+02
3632 -3.07000e+02
3707 -3.06000e+02
3763 -3.05000e+02
3815 -3.04000e+02
3984 -3.03000e+02
4071 -3.02000e+02
4086 -3.01000e+02
4173 -3.00000e+02
4204 -2.99000e+02
4335 -2.97000e+02
4413 -2.96000e+02
4468 -2.95000e+02
4602 -2.94000e+02
4623 -2.93000e+02
4667 -2.92000e+02
4683 -2.91000e+02
4780 -2.90000e+02
4861 -2.89000e+02
4968 -2.88000e+02
5052 -2.87000e+02
5145 -2.86000e+02
5195 -2.85000e+02
5240 -2.84000e+02
5292 -2.83000e+02
5333 -2.82000e+02
5379 -2.81000e+02
5461 -2.80000e+02
5548 -2.79000e+02
5617 -2.78000e+02
5756 -2.77000e+02
5814 -2.76000e+02
5843 -2.75000e+02
5849 -2.74000e+02
5901 -2.73000e+02
5973 -2.72000e+02
6082 -2.71000e+02
6220 -2.70000e+02
6277 -2.69000e+02
6293 -2.68000e+02
6336 -2.67000e+02
6351 -2.66000e+02
6401 -2.65000e+02
6426 -2.64000e+02
6469 -2.63000e+02
6504 -2.62000e+02
6552 -2.61000e+02
6625 -2.60000e+02
6710 -2.59000e+02
6715 -2.58000e+02
6750 -2.57000e+02
6766 -2.56000e+02
6825 -2.55000e+02
6870 -2.54000e+02
6987 -2.53000e+02
7046 -2.52000e+02
7137 -2.51000e+02
7192 -2.50000e+02
7235 -2.48000e+02
7238 -2.47000e+02
7304 -2.46000e+02
7324 -2.45000e+02
7349 -2.44000e+02
7455 -2.43000e+02
7524 -2.42000e+02
7555 -2.41000e+02
7602 -2.40000e+02
7626 -2.39000e+02
7640 -2.38000e+02
7747 -2.37000e+02
7752 -2.36000e+02
7769 -2.35000e+02
7853 -2.34000e+02
7900 -2.33000e+02
7951 -2.32000e+02
8012 -2.31000e+02
8131 -2.30000e+02
8204 -2.29000e+02
8219 -2.28000e+02
8301 -2.26000e+02
8447 -2.25000e+02
8494 -2.24000e+02
8745 -2.22000e+02
8911 -2.21000e+02
8990 -2.20000e+02
9135 -2.19000e+02
9156 -2.18000e+02
9200 -2.17000e+02
9234 -2.16000e+02
9318 -2.15000e+02
9344 -2.14000e+02
9420 -2.13000e+02
9631 -2.12000e+02
9711 -2.11000e+02
9714 -2.10000e+02
9771 -2.09000e+02
9817 -2.08000e+02
9889 -2.07000e+02
9953 -2.06000e+02
9981 -2.06000e+02
"function evaluation" "best-so-far f(x)"
1 -3.93000e+02
37 -3.92000e+02
66 -3.91000e+02
205 -3.90000e+02
270 -3.89000e+02
298 -3.88000e+02
327 -3.87000e+02
378 -3.86000e+02
391 -3.85000e+02
464 -3.84000e+02
543 -3.82000e+02
727 -3.81000e+02
797 -3.80000e+02
845 -3.79000e+02
861 -3.78000e+02
864 -3.77000e+02
963 -3.76000e+02
986 -3.75000e+02
1066 -3.74000e+02
1161 -3.73000e+02
1230 -3.72000e+02
1231 -3.71000e+02
1326 -3.70000e+02
1330 -3.69000e+02
1396 -3.68000e+02
1461 -3.67000e+02
1467 -3.66000e+02
1517 -3.65000e+02
1565 -3.64000e+02
1567 -3.63000e+02
1613 -3.62000e+02
1644 -3.61000e+02
1699 -3.59000e+02
1753 -3.58000e+02
1788 -3.57000e+02
1824 -3.56000e+02
1884 -3.55000e+02
1944 -3.54000e+02
2027 -3.53000e+02
2126 -3.52000e+02
2157 -3.51000e+02
2190 -3.50000e+02
2202 -3.49000e+02
2260 -3.48000e+02
2286 -3.47000e+02
2377 -3.46000e+02
2400 -3.45000e+02
2436 -3.44000e+02
2463 -3.43000e+02
2501 -3.42000e+02
2522 -3.40000e+02
2585 -3.39000e+02
2710 -3.38000e+02
2787 -3.37000e+02
2813 -3.36000e+02
2868 -3.35000e+02
2964 -3.34000e+02
3001 -3.33000e+02
3103 -3.32000e+02
3168 -3.31000e+02
3182 -3.30000e+02
3238 -3.29000e+02
3279 -3.28000e+02
3340 -3.27000e+02
3348 -3.26000e+02
3375 -3.25000e+02
3417 -3.24000e+02
3445 -3.23000e+02
3526 -3.22000e+02
3585 -3.21000e+02
3600 -3.20000e+02
3768 -3.19000e+02
3784 -3.18000e+02
3861 -3.17000e+02
3930 -3.15000e+02
3980 -3.14000e+02
4030 -3.13000e+02
4043 -3.12000e+02
4076 -3.11000e+02
4097 -3.10000e+02
4170 -3.09000e+02
4286 -3.08000e+02
4345 -3.07000e+02
4387 -3.06000e+02
4481 -3.05000e+02
4491 -3.04000e+02
4532 -3.03000e+02
4612 -3.02000e+02
4718 -3.01000e+02
4726 -3.00000e+02
4742 -2.99000e+02
4827 -2.98000e+02
4911 -2.97000e+02
4966 -2.96000e+02
4977 -2.95000e+02
4982 -2.94000e+02
5085 -2.93000e+02
5105 -2.92000e+02
5117 -2.91000e+02
5280 -2.90000e+02
5310 -2.89000e+02
5342 -2.87000e+02
5423 -2.86000e+02
5443 -2.85000e+02
5509 -2.84000e+02
5530 -2.83000e+02
5636 -2.82000e+02
5701 -2.81000e+02
5748 -2.80000e+02
5857 -2.79000e+02
5914 -2.78000e+02
5963 -2.77000e+02
5995 -2.76000e+02
5996 -2.75000e+02
6020 -2.74000e+02
6097 -2.73000e+02
6204 -2.71000e+02
6288 -2.70000e+02
6384 -2.69000e+02
6433 -2.68000e+02
6553 -2.67000e+02
6574 -2.66000e+02
6581 -2.65000e+02
6600 -2.64000e+02
6646 -2.63000e+02
6652 -2.62000e+02
6687 -2.61000e+02
6701 -2.60000e+02
6722 -2.59000e+02
6744 -2.58000e+02
6885 -2.56000e+02
6932 -2.55000e+02
7038 -2.54000e+02
7087 -2.53000e+02
7096 -2.52000e+02
7152 -2.51000e+02
7237 -2.50000e+02
7262 -2.49000e+02
7320 -2.48000e+02
7368 -2.47000e+02
7421 -2.46000e+02
7495 -2.45000e+02
7643 -2.44000e+02
7673 -2.43000e+02
7727 -2.42000e+02
7872 -2.41000e+02
7948 -2.40000e+02
7966 -2.39000e+02
8019 -2.38000e+02
8052 -2.37000e+02
8133 -2.36000e+02
8188 -2.34000e+02
8250 -2.33000e+02
8283 -2.32000e+02
8355 -2.31000e+02
8572 -2.30000e+02
8660 -2.29000e+02
8728 -2.28000e+02
8782 -2.27000e+02
8822 -2.26000e+02
8886 -2.25000e+02
8908 -2.24000e+02
9005 -2.23000e+02
9031 -2.22000e+02
9110 -2.21000e+02
9170 -2.20000e+02
9331 -2.19000e+02
9457 -2.18000e+02
9743 -2.17000e+02
9767 -2.16000e+02
9781 -2.15000e+02
9861 -2.14000e+02
9879 -2.13000e+02
9975 -2.12000e+02
9981 -2.12000e+02
"function evaluation" "best-so-far f(x)"
1 -3.93000e+02
69 -3.92000e+02
96 -3.91000e+02
115 -3.90000e+02
160 -3.89000e+02
171 -3.88000e+02
271 -3.87000e+02
313 -3.85000e+02
393 -3.83000e+02
449 -3.82000e+02
513 -3.81000e+02
533 -3.80000e+02
544 -3.79000e+02
561 -3.78000e+02
597 -3.77000e+02
694 -3.76000e+02
708 -3.75000e+02
714 -3.74000e+02
778 -3.73000e+02
834 -3.72000e+02
865 -3.71000e+02
885 -3.70000e+02
936 -3.69000e+02
965 -3.68000e+02
1000 -3.67000e+02
1017 -3.66000e+02
1096 -3.65000e+02
1245 -3.63000e+02
1267 -3.62000e+02
1330 -3.61000e+02
1340 -3.60000e+02
1399 -3.59000e+02
1437 -3.58000e+02
1514 -3.57000e+02
1519 -3.56000e+02
1551 -3.55000e+02
1599 -3.54000e+02
1602 -3.53000e+02
1653 -3.52000e+02
1675 -3.51000e+02
1714 -3.50000e+02
1748 -3.49000e+02
1814 -3.48000e+02
1874 -3.47000e+02
1920 -3.46000e+02
2034 -3.45000e+02
2085 -3.44000e+02
2113 -3.43000e+02
2140 -3.42000e+02
2251 -3.41000e+02
2290 -3.40000e+02
2374 -3.39000e+02
2427 -3.38000e+02
2496 -3.37000e+02
2524 -3.36000e+02
2543 -3.35000e+02
2600 -3.34000e+02
2694 -3.33000e+02
2747 -3.32000e+02
2848 -3.31000e+02
2860 -3.30000e+02
2876 -3.29000e+02
2926 -3.28000e+02
2969 -3.27000e+02
2979 -3.26000e+02
3180 -3.25000e+02
3249 -3.24000e+02
3329 -3.23000e+02
3390 -3.22000e+02
3413 -3.21000e+02
3460 -3.20000e+02
3528 -3.19000e+02
3548 -3.18000e+02
3591 -3.17000e+02
3650 -3.16000e+02
3712 -3.15000e+02
3744 -3.14000e+02
3754 -3.13000e+02
3849 -3.12000e+02
3985 -3.11000e+02
4098 -3.10000e+02
4128 -3.09000e+02
4165 -3.08000e+02
4187 -3.07000e+02
4205 -3.06000e+02
4253 -3.05000e+02
4289 -3.04000e+02
4375 -3.03000e+02
4473 -3.02000e+02
4519 -3.01000e+02
4648 -3.00000e+02
4690 -2.99000e+02
4726 -2.98000e+02
4811 -2.97000e+02
4906 -2.96000e+02
4954 -2.95000e+02
4992 -2.94000e+02
5003 -2.93000e+02
5093 -2.92000e+02
5228 -2.91000e+02
5280 -2.90000e+02
5315 -2.89000e+02
5416 -2.88000e+02
5660 -2.87000e+02
5814 -2.86000e+02
6030 -2.85000e+02
6068 -2.84000e+02
6210 -2.83000e+02
6234 -2.82000e+02
6282 -2.81000e+02
6284 -2.80000e+02
6405 -2.79000e+02
6450 -2.78000e+02
6537 -2.77000e+02
6585 -2.76000e+02
6643 -2.75000e+02
6669 -2.74000e+02
6704 -2.73000e+02
6778 -2.72000e+02
6910 -2.71000e+02
7029 -2.70000e+02
7094 -2.69000e+02
7148 -2.68000e+02
7210 -2.67000e+02
7268 -2.66000e+02
7366 -2.65000e+02
7429 -2.64000e+02
7451 -2.63000e+02
7463 -2.62000e+02
7509 -2.61000e+02
7541 -2.60000e+02
7605 -2.59000e+02
7613 -2.58000e+02
7659 -2.57000e+02
7691 -2.56000e+02
7697 -2.55000e+02
7799 -2.54000e+02
7811 -2.53000e+02
7899 -2.52000e+02
7904 -2.51000e+02
8018 -2.50000e+02
8039 -2.49000e+02
8119 -2.48000e+02
8162 -2.47000e+02
8192 -2.46000e+02
8206 -2.45000e+02
8325 -2.44000e+02
8392 -2.42000e+02
8452 -2.41000e+02
8469 -2.40000e+02
8521 -2.39000e+02
8561 -2.38000e+02
8581 -2.37000e+02
8650 -2.36000e+02
8653 -2.35000e+02
8761 -2.34000e+02
8797 -2.33000e+02
8869 -2.32000e+02
8889 -2.31000e+02
8976 -2.30000e+02
9062 -2.29000e+02
9110 -2.28000e+02
9178 -2.27000e+02
9224 -2.26000e+02
9226 -2.25000e+02
9341 -2.24000e+02
9411 -2.23000e+02
9443 -2.22000e+02
9613 -2.21000e+02
9644 -2.20000e+02
9651 -2.19000e+02
9837 -2.18000e+02
9973 -2.17000e+02
9981 -2.17000e+02
"function evaluation" "best-so-far f(x)"
1 -3.93000e+02
4 -3.92000e+02
86 -3.91000e+02
131 -3.90000e+02
180 -3.89000e+02
262 -3.88000e+02
320 -3.87000e+02
355 -3.86000e+02
374 -3.85000e+02
419 -3.83000e+02
439 -3.82000e+02
466 -3.81000e+02
505 -3.80000e+02
563 -3.79000e+02
594 -3.78000e+02
671 -3.77000e+02
673 -3.76000e+02
683 -3.75000e+02
758 -3.74000e+02
804 -3.73000e+02
826 -3.72000e+02
846 -3.71000e+02
878 -3.70000e+02
913 -3.69000e+02
1003 -3.68000e+02
1086 -3.67000e+02
1102 -3.66000e+02
1149 -3.65000e+02
1206 -3.64000e+02
1239 -3.63000e+02
1288 -3.62000e+02
1356 -3.61000e+02
1373 -3.60000e+02
1376 -3.59000e+02
1497 -3.58000e+02
1565 -3.57000e+02
1662 -3.56000e+02
1670 -3.55000e+02
1708 -3.54000e+02
1756 -3.53000e+02
1836 -3.52000e+02
1848 -3.51000e+02
1856 -3.50000e+02
1885 -3.48000e+02
1915 -3.47000e+02
1999 -3.46000e+02
2030 -3.45000e+02
2182 -3.44000e+02
2301 -3.43000e+02
2319 -3.42000e+02
2369 -3.40000e+02
2403 -3.39000e+02
2426 -3.38000e+02
2428 -3.37000e+02
2513 -3.36000e+02
2561 -3.35000e+02
2604 -3.34000e+02
2617 -3.33000e+02
2625 -3.32000e+02
2681 -3.31000e+02
2721 -3.30000e+02
2732 -3.29000e+02
2773 -3.28000e+02
2805 -3.27000e+02
2874 -3.26000e+02
2909 -3.25000e+02
2954 -3.24000e+02
2960 -3.23000e+02
2988 -3.22000e+02
3133 -3.21000e+02
3166 -3.20000e+02
3232 -3.19000e+02
3339 -3.18000e+02
3421 -3.17000e+02
3474 -3.16000e+02
3539 -3.15000e+02
3556 -3.14000e+02
3630 -3.13000e+02
3667 -3.12000e+02
3686 -3.11000e+02
3727 -3.10000e+02
3848 -3.09000e+02
4035 -3.08000e+02
4099 -3.07000e+02
4125 -3.06000e+02
4258 -3.04000e+02
4337 -3.03000e+02
4377 -3.02000e+02
4426 -3.01000e+02
4487 -3.00000e+02
4517 -2.99000e+02
4544 -2.98000e+02
4576 -2.97000e+02
4639 -2.96000e+02
4703 -2.95000e+02
4786 -2.94000e+02
4839 -2.93000e+02
4889 -2.92000e+02
4939 -2.91000e+02
5003 -2.90000e+02
5055 -2.89000e+02
5199 -2.88000e+02
5247 -2.87000e+02
5265 -2.86000e+02
5323 -2.85000e+02
5387 -2.84000e+02
5429 -2.83000e+02
5482 -2.81000e+02
5538 -2.80000e+02
5596 -2.79000e+02
5631 -2.78000e+02
5704 -2.77000e+02
5774 -2.76000e+02
6005 -2.75000e+02
6036 -2.74000e+02
6156 -2.73000e+02
6210 -2.72000e+02
6319 -2.71000e+02
6361 -2.70000e+02
6404 -2.69000e+02
6424 -2.68000e+02
6459 -2.67000e+02
6541 -2.66000e+02
6731 -2.65000e+02
6765 -2.63000e+02
6865 -2.62000e+02
7035 -2.61000e+02
7251 -2.60000e+02
7311 -2.59000e+02
7322 -2.58000e+02
7331 -2.57000e+02
7371 -2.56000e+02
7434 -2.55000e+02
7454 -2.54000e+02
7559 -2.53000e+02
7614 -2.52000e+02
7865 -2.51000e+02
7936 -2.50000e+02
7988 -2.49000e+02
8006 -2.48000e+02
8098 -2.47000e+02
8113 -2.46000e+02
8156 -2.45000e+02
8222 -2.44000e+02
8277 -2.43000e+02
8341 -2.42000e+02
8387 -2.41000e+02
8414 -2.40000e+02
8509 -2.39000e+02
8616 -2.38000e+02
8851 -2.37000e+02
8881 -2.36000e+02
8936 -2.35000e+02
8949 -2.34000e+02
8998 -2.33000e+02
9049 -2.32000e+02
9131 -2.31000e+02
9146 -2.30000e+02
9226 -2.28000e+02
9342 -2.27000e+02
9440 -2.26000e+02
9509 -2.25000e+02
9587 -2.24000e+02
9664 -2.23000e+02
9728 -2.22000e+02
9810 -2.21000e+02
9981 -2.21000e+02
"function evaluation" "best-so-far f(x)"
1 -3.93000e+02
4 -3.92000e+02
58 -3.91000e+02
138 -3.90000e+02
212 -3.89000e+02
244 -3.88000e+02
251 -3.87000e+02
313 -3.86000e+02
388 -3.85000e+02
423 -3.84000e+02
462 -3.83000e+02
464 -3.82000e+02
469 -3.81000e+02
521 -3.80000e+02
564 -3.79000e+02
589 -3.78000e+02
608 -3.77000e+02
666 -3.76000e+02
696 -3.75000e+02
713 -3.74000e+02
753 -3.73000e+02
788 -3.72000e+02
851 -3.71000e+02
904 -3.70000e+02
1014 -3.69000e+02
1046 -3.68000e+02
1105 -3.67000e+02
1159 -3.66000e+02
1205 -3.65000e+02
1211 -3.64000e+02
1260 -3.63000e+02
1324 -3.62000e+02
1349 -3.61000e+02
1382 -3.60000e+02
1474 -3.59000e+02
1514 -3.58000e+02
1595 -3.57000e+02
1665 -3.56000e+02
1739 -3.55000e+02
1755 -3.54000e+02
1831 -3.52000e+02
1891 -3.51000e+02
1930 -3.50000e+02
2016 -3.49000e+02
2051 -3.48000e+02
2092 -3.47000e+02
2209 -3.46000e+02
2290 -3.45000e+02
2354 -3.44000e+02
2384 -3.42000e+02
2438 -3.41000e+02
2495 -3.40000e+02
2543 -3.39000e+02
2582 -3.38000e+02
2597 -3.37000e+02
2663 -3.36000e+02
2708 -3.35000e+02
2774 -3.34000e+02
2838 -3.33000e+02
2910 -3.32000e+02
2972 -3.31000e+02
2988 -3.30000e+02
3033 -3.29000e+02
3091 -3.28000e+02
3186 -3.27000e+02
3293 -3.26000e+02
3349 -3.25000e+02
3370 -3.24000e+02
3474 -3.23000e+02
3507 -3.22000e+02
3512 -3.21000e+02
3583 -3.20000e+02
3664 -3.19000e+02
3759 -3.18000e+02
3829 -3.17000e+02
3870 -3.16000e+02
3966 -3.15000e+02
3992 -3.14000e+02
4035 -3.13000e+02
4069 -3.12000e+02
4155 -3.11000e+02
4341 -3.10000e+02
4350 -3.09000e+02
4402 -3.08000e+02
4464 -3.06000e+02
4561 -3.05000e+02
4631 -3.04000e+02
4656 -3.03000e+02
4674 -3.02000e+02
4802 -3.01000e+02
4938 -3.00000e+02
4982 -2.99000e+02
5077 -2.98000e+02
5122 -2.97000e+02
5218 -2.96000e+02
5242 -2.95000e+02
5408 -2.94000e+02
5445 -2.93000e+02
5490 -2.92000e+02
5513 -2.91000e+02
5596 -2.90000e+02
5643 -2.89000e+02
5713 -2.88000e+02
5728 -2.87000e+02
5775 -2.86000e+02
5794 -2.85000e+02
5808 -2.84000e+02
5855 -2.83000e+02
5866 -2.82000e+02
5915 -2.81000e+02
5945 -2.80000e+02
5967 -2.79000e+02
6012 -2.78000e+02
6039 -2.77000e+02
6078 -2.76000e+02
6164 -2.75000e+02
6199 -2.74000e+02
6271 -2.73000e+02
6280 -2.72000e+02
6650 -2.71000e+02
6742 -2.70000e+02
6812 -2.69000e+02
6880 -2.68000e+02
6912 -2.67000e+02
6951 -2.66000e+02
6991 -2.65000e+02
7050 -2.64000e+02
7056 -2.63000e+02
7135 -2.62000e+02
7201 -2.61000e+02
7352 -2.60000e+02
7407 -2.59000e+02
7427 -2.58000e+02
7468 -2.57000e+02
7587 -2.56000e+02
7625 -2.55000e+02
7748 -2.54000e+02
7780 -2.53000e+02
7798 -2.52000e+02
7864 -2.51000e+02
7955 -2.50000e+02
7980 -2.49000e+02
8029 -2.48000e+02
8054 -2.47000e+02
8133 -2.46000e+02
8151 -2.45000e+02
8230 -2.44000e+02
8348 -2.43000e+02
8467 -2.42000e+02
8519 -2.41000e+02
8620 -2.40000e+02
8668 -2.39000e+02
8870 -2.38000e+02
8930 -2.37000e+02
8996 -2.36000e+02
9008 -2.35000e+02
9033 -2.34000e+02
9173 -2.33000e+02
9246 -2.32000e+02
9269 -2.31000e+02
9342 -2.30000e+02
9393 -2.29000e+02
9460 -2.28000e+02
9482 -2.27000e+02
9551 -2.26000e+02
9715 -2.25000e+02
9744 -2.24000e+02
9808 -2.23000e+02
9851 -2.22000e+02
9861 -2.21000e+02
9881 -2.20000e+02
9981 -2.19000e+02
"function evaluation" "best-so-far f(x)"
1 -3.93000e+02
4 -3.92000e+02
53 -3.91000e+02
76 -3.90000e+02
127 -3.88000e+02
179 -3.87000e+02
240 -3.86000e+02
243 -3.84000e+02
282 -3.83000e+02
310 -3.82000e+02
344 -3.81000e+02
397 -3.80000e+02
484 -3.79000e+02
529 -3.78000e+02
572 -3.77000e+02
648 -3.76000e+02
701 -3.74000e+02
744 -3.73000e+02
762 -3.72000e+02
792 -3.71000e+02
805 -3.70000e+02
824 -3.69000e+02
905 -3.68000e+02
919 -3.66000e+02
948 -3.65000e+02
1048 -3.64000e+02
1075 -3.63000e+02
1123 -3.62000e+02
1144 -3.61000e+02
1178 -3.60000e+02
1230 -3.59000e+02
1242 -3.58000e+02
1337 -3.57000e+02
1373 -3.56000e+02
1411 -3.55000e+02
1435 -3.54000e+02
1491 -3.53000e+02
1550 -3.52000e+02
1623 -3.51000e+02
1684 -3.50000e+02
1740 -3.49000e+02
1802 -3.48000e+02
1851 -3.47000e+02
1888 -3.46000e+02
1899 -3.45000e+02
1950 -3.44000e+02
2003 -3.43000e+02
2067 -3.42000e+02
2183 -3.41000e+02
2209 -3.40000e+02
2274 -3.39000e+02
2381 -3.38000e+02
2446 -3.37000e+02
2506 -3.36000e+02
2546 -3.35000e+02
2600 -3.34000e+02
2620 -3.33000e+02
2636 -3.32000e+02
2691 -3.31000e+02
2812 -3.30000e+02
2852 -3.29000e+02
2892 -3.28000e+02
3021 -3.27000e+02
3037 -3.26000e+02
3041 -3.25000e+02
3070 -3.24000e+02
3097 -3.23000e+02
3282 -3.22000e+02
3352 -3.21000e+02
3414 -3.20000e+02
3510 -3.19000e+02
3534 -3.18000e+02
3555 -3.17000e+02
3561 -3.16000e+02
3629 -3.15000e+02
3666 -3.14000e+02
3700 -3.13000e+02
3706 -3.12000e+02
3746 -3.11000e+02
3786 -3.10000e+02
3825 -3.09000e+02
3873 -3.08000e+02
3969 -3.07000e+02
3982 -3.06000e+02
4035 -3.05000e+02
4059 -3.04000e+02
4095 -3.03000e+02
4139 -3.02000e+02
4197 -3.01000e+02
4324 -3.00000e+02
4335 -2.99000e+02
4365 -2.98000e+02
4419 -2.97000e+02
4481 -2.96000e+02
4546 -2.95000e+02
4584 -2.94000e+02
4655 -2.93000e+02
4693 -2.92000e+02
4804 -2.91000e+02
4840 -2.90000e+02
4935 -2.89000e+02
4956 -2.88000e+02
5008 -2.87000e+02
5036 -2.86000e+02
5113 -2.85000e+02
5250 -2.84000e+02
5304 -2.83000e+02
5328 -2.82000e+02
5400 -2.81000e+02
5435 -2.80000e+02
5461 -2.79000e+02
5519 -2.78000e+02
5559 -2.77000e+02
5573 -2.76000e+02
5617 -2.75000e+02
5784 -2.74000e+02
5870 -2.73000e+02
5968 -2.72000e+02
6045 -2.71000e+02
6105 -2.70000e+02
6156 -2.69000e+02
6215 -2.68000e+02
6260 -2.67000e+02
6305 -2.66000e+02
6349 -2.65000e+02
6392 -2.63000e+02
6454 -2.62000e+02
6459 -2.61000e+02
6480 -2.60000e+02
6569 -2.59000e+02
6583 -2.58000e+02
6664 -2.57000e+02
6698 -2.56000e+02
6718 -2.55000e+02
6787 -2.54000e+02
6801 -2.52000e+02
6958 -2.51000e+02
6971 -2.50000e+02
7047 -2.49000e+02
7074 -2.48000e+02
7171 -2.47000e+02
7173 -2.46000e+02
7240 -2.45000e+02
7285 -2.44000e+02
7307 -2.43000e+02
7401 -2.42000e+02
7517 -2.41000e+02
7586 -2.40000e+02
7631 -2.39000e+02
7687 -2.38000e+02
7728 -2.37000e+02
7824 -2.36000e+02
7913 -2.35000e+02
7928 -2.34000e+02
7963 -2.33000e+02
8060 -2.32000e+02
8135 -2.31000e+02
8263 -2.30000e+02
8300 -2.29000e+02
8347 -2.28000e+02
8431 -2.27000e+02
8456 -2.26000e+02
8468 -2.25000e+02
8510 -2.24000e+02
8570 -2.23000e+02
8659 -2.22000e+02
8733 -2.21000e+02
8790 -2.20000e+02
8836 -2.19000e+02
8854 -2.18000e+02
8883 -2.17000e+02
8908 -2.16000e+02
8942 -2.14000e+02
8968 -2.13000e+02
9006 -2.12000e+02
9108 -2.11000e+02
9150 -2.10000e+02
9172 -2.09000e+02
9211 -2.08000e+02
9245 -2.07000e+02
9282 -2.06000e+02
9305 -2.05000e+02
9337 -2.04000e+02
9347 -2.03000e+02
9423 -2.02000e+02
9481 -2.01000e+02
9534 -2.00000e+02
9614 -1.99000e+02
9692 -1.98000e+02
9705 -1.97000e+02
9774 -1.96000e+02
9813 -1.95000e+02
9854 -1.94000e+02
9981 -1.94000e+02
