"function evaluation" "best-so-far f(x)"
1 -3.93000e+02
3 -3.92000e+02
90 -3.91000e+02
231 -3.90000e+02
427 -3.89000e+02
591 -3.88000e+02
808 -3.87000e+02
823 -3.86000e+02
908 -3.85000e+02
998 -3.84000e+02
1080 -3.83000e+02
1161 -3.82000e+02
1235 -3.81000e+02
1315 -3.80000e+02
1387 -3.79000e+02
1475 -3.78000e+02
1510 -3.77000e+02
1580 -3.76000e+02
1655 -3.75000e+02
1783 -3.74000e+02
1813 -3.73000e+02
1868 -3.72000e+02
1909 -3.71000e+02
2065 -3.70000e+02
2243 -3.69000e+02
2353 -3.68000e+02
2481 -3.67000e+02
2528 -3.66000e+02
2602 -3.65000e+02
2681 -3.64000e+02
2720 -3.63000e+02
2798 -3.62000e+02
2804 -3.61000e+02
3004 -3.60000e+02
3056 -3.59000e+02
3112 -3.58000e+02
3156 -3.57000e+02
3266 -3.56000e+02
3355 -3.55000e+02
3417 -3.54000e+02
3519 -3.53000e+02
3699 -3.52000e+02
3782 -3.51000e+02
3959 -3.50000e+02
4029 -3.49000e+02
4087 -3.48000e+02
4241 -3.47000e+02
4339 -3.46000e+02
4400 -3.45000e+02
4594 -3.43000e+02
4751 -3.42000e+02
4891 -3.41000e+02
5049 -3.40000e+02
5149 -3.39000e+02
5293 -3.37000e+02
5473 -3.36000e+02
5600 -3.35000e+02
5644 -3.34000e+02
5769 -3.33000e+02
5915 -3.32000e+02
5949 -3.31000e+02
6046 -3.30000e+02
6213 -3.29000e+02
6327 -3.28000e+02
6368 -3.27000e+02
6538 -3.26000e+02
6551 -3.25000e+02
6614 -3.24000e+02
6697 -3.23000e+02
6874 -3.22000e+02
6940 -3.21000e+02
7028 -3.20000e+02
7073 -3.19000e+02
7119 -3.18000e+02
7273 -3.17000e+02
7345 -3.16000e+02
7408 -3.15000e+02
7482 -3.14000e+02
7567 -3.13000e+02
7608 -3.12000e+02
7685 -3.11000e+02
7724 -3.10000e+02
7745 -3.09000e+02
7812 -3.08000e+02
7915 -3.07000e+02
7986 -3.06000e+02
8036 -3.05000e+02
8189 -3.04000e+02
8308 -3.02000e+02
8358 -3.01000e+02
8432 -3.00000e+02
8532 -2.99000e+02
8672 -2.97000e+02
8855 -2.96000e+02
8880 -2.95000e+02
8946 -2.94000e+02
9056 -2.93000e+02
9169 -2.92000e+02
9270 -2.91000e+02
9568 -2.90000e+02
9650 -2.89000e+02
9763 -2.88000e+02
9808 -2.87000e+02
9951 -2.87000e+02
"function evaluation" "best-so-far f(x)"
1 -3.93000e+02
33 -3.92000e+02
156 -3.91000e+02
232 -3.90000e+02
279 -3.89000e+02
326 -3.87000e+02
491 -3.86000e+02
548 -3.85000e+02
666 -3.84000e+02
773 -3.83000e+02
898 -3.82000e+02
1018 -3.81000e+02
1080 -3.80000e+02
1143 -3.79000e+02
1205 -3.78000e+02
1219 -3.77000e+02
1335 -3.76000e+02
1427 -3.75000e+02
1492 -3.74000e+02
1534 -3.73000e+02
1635 -3.72000e+02
1787 -3.71000e+02
1870 -3.70000e+02
1934 -3.69000e+02
1982 -3.68000e+02
2088 -3.67000e+02
2104 -3.66000e+02
2179 -3.65000e+02
2314 -3.64000e+02
2420 -3.63000e+02
2534 -3.62000e+02
2580 -3.61000e+02
2651 -3.60000e+02
2709 -3.59000e+02
2795 -3.58000e+02
2891 -3.57000e+02
2989 -3.56000e+02
3087 -3.55000e+02
3102 -3.54000e+02
3279 -3.53000e+02
3377 -3.52000e+02
3477 -3.51000e+02
3496 -3.50000e+02
3625 -3.49000e+02
3635 -3.48000e+02
3816 -3.47000e+02
3900 -3.46000e+02
3984 -3.45000e+02
3991 -3.44000e+02
4012 -3.43000e+02
4135 -3.41000e+02
4267 -3.40000e+02
4275 -3.39000e+02
4416 -3.38000e+02
4431 -3.37000e+02
4505 -3.36000e+02
4639 -3.35000e+02
4790 -3.34000e+02
4887 -3.33000e+02
4937 -3.32000e+02
4941 -3.31000e+02
5113 -3.30000e+02
5202 -3.29000e+02
5269 -3.28000e+02
5383 -3.27000e+02
5454 -3.26000e+02
5557 -3.25000e+02
5608 -3.24000e+02
5708 -3.23000e+02
5803 -3.22000e+02
5844 -3.21000e+02
6053 -3.20000e+02
6130 -3.19000e+02
6151 -3.18000e+02
6239 -3.17000e+02
6351 -3.16000e+02
6357 -3.15000e+02
6485 -3.14000e+02
6566 -3.13000e+02
6720 -3.12000e+02
6771 -3.10000e+02
6879 -3.09000e+02
6897 -3.08000e+02
6917 -3.07000e+02
7105 -3.05000e+02
7377 -3.04000e+02
7502 -3.03000e+02
7648 -3.02000e+02
7735 -3.01000e+02
7858 -3.00000e+02
7946 -2.99000e+02
8054 -2.98000e+02
8194 -2.97000e+02
8371 -2.96000e+02
8398 -2.95000e+02
8484 -2.94000e+02
8530 -2.93000e+02
8558 -2.92000e+02
8634 -2.91000e+02
8703 -2.90000e+02
8704 -2.89000e+02
8797 -2.88000e+02
8900 -2.87000e+02
8996 -2.86000e+02
9034 -2.85000e+02
9087 -2.84000e+02
9148 -2.83000e+02
9259 -2.82000e+02
9420 -2.81000e+02
9491 -2.80000e+02
9581 -2.79000e+02
9727 -2.77000e+02
9830 -2.76000e+02
9890 -2.75000e+02
9951 -2.75000e+02
"function evaluation" "best-so-far f(x)"
1 -3.93000e+02
43 -3.92000e+02
61 -3.91000e+02
200 -3.90000e+02
247 -3.89000e+02
322 -3.88000e+02
374 -3.87000e+02
442 -3.86000e+02
461 -3.85000e+02
480 -3.84000e+02
524 -3.83000e+02
565 -3.82000e+02
596 -3.81000e+02
696 -3.80000e+02
756 -3.79000e+02
781 -3.77000e+02
1076 -3.75000e+02
1293 -3.74000e+02
1351 -3.73000e+02
1494 -3.72000e+02
1557 -3.71000e+02
1583 -3.70000e+02
1787 -3.69000e+02
1794 -3.68000e+02
1853 -3.67000e+02
1926 -3.66000e+02
2088 -3.65000e+02
2213 -3.64000e+02
2327 -3.62000e+02
2418 -3.61000e+02
2511 -3.60000e+02
2569 -3.59000e+02
2618 -3.58000e+02
2732 -3.57000e+02
2860 -3.56000e+02
2928 -3.55000e+02
2940 -3.54000e+02
3083 -3.53000e+02
3087 -3.52000e+02
3188 -3.51000e+02
3295 -3.50000e+02
3334 -3.49000e+02
3491 -3.48000e+02
3608 -3.47000e+02
3758 -3.46000e+02
3830 -3.45000e+02
3868 -3.44000e+02
3941 -3.43000e+02
4033 -3.42000e+02
4090 -3.41000e+02
4131 -3.40000e+02
4174 -3.39000e+02
4287 -3.38000e+02
4413 -3.37000e+02
4442 -3.36000e+02
4640 -3.35000e+02
4739 -3.34000e+02
4908 -3.33000e+02
4978 -3.32000e+02
5100 -3.31000e+02
5263 -3.30000e+02
5412 -3.29000e+02
5440 -3.28000e+02
5701 -3.26000e+02
5748 -3.25000e+02
5890 -3.24000e+02
5891 -3.23000e+02
6010 -3.22000e+02
6060 -3.21000e+02
6126 -3.20000e+02
6198 -3.19000e+02
6251 -3.18000e+02
6373 -3.17000e+02
6517 -3.16000e+02
6629 -3.15000e+02
6720 -3.14000e+02
6922 -3.13000e+02
7058 -3.12000e+02
7179 -3.11000e+02
7375 -3.10000e+02
7394 -3.09000e+02
7576 -3.08000e+02
7652 -3.07000e+02
7740 -3.06000e+02
7781 -3.05000e+02
7868 -3.04000e+02
7941 -3.03000e+02
8017 -3.02000e+02
8142 -3.01000e+02
8254 -3.00000e+02
8414 -2.99000e+02
8494 -2.98000e+02
8816 -2.97000e+02
8843 -2.96000e+02
8934 -2.95000e+02
9055 -2.94000e+02
9132 -2.93000e+02
9249 -2.92000e+02
9397 -2.91000e+02
9585 -2.90000e+02
9746 -2.89000e+02
9804 -2.88000e+02
9892 -2.86000e+02
9951 -2.86000e+02
"function evaluation" "best-so-far f(x)"
1 -3.93000e+02
8 -3.92000e+02
102 -3.90000e+02
203 -3.88000e+02
231 -3.87000e+02
348 -3.86000e+02
447 -3.85000e+02
507 -3.84000e+02
587 -3.83000e+02
635 -3.82000e+02
805 -3.81000e+02
949 -3.80000e+02
957 -3.79000e+02
1084 -3.78000e+02
1115 -3.77000e+02
1118 -3.76000e+02
1191 -3.75000e+02
1316 -3.74000e+02
1346 -3.73000e+02
1451 -3.72000e+02
1565 -3.71000e+02
1653 -3.69000e+02
1792 -3.68000e+02
1930 -3.67000e+02
1983 -3.66000e+02
2042 -3.65000e+02
2101 -3.64000e+02
2225 -3.63000e+02
2293 -3.62000e+02
2391 -3.61000e+02
2480 -3.60000e+02
2504 -3.59000e+02
2706 -3.58000e+02
2920 -3.57000e+02
2949 -3.56000e+02
3034 -3.55000e+02
3204 -3.54000e+02
3278 -3.52000e+02
3410 -3.51000e+02
3503 -3.50000e+02
3664 -3.49000e+02
3810 -3.48000e+02
3907 -3.47000e+02
4054 -3.46000e+02
4115 -3.45000e+02
4162 -3.44000e+02
4201 -3.43000e+02
4373 -3.42000e+02
4478 -3.41000e+02
4565 -3.40000e+02
4606 -3.39000e+02
4707 -3.38000e+02
4745 -3.37000e+02
4808 -3.36000e+02
4899 -3.35000e+02
4960 -3.34000e+02
5014 -3.33000e+02
5090 -3.32000e+02
5187 -3.31000e+02
5318 -3.30000e+02
5371 -3.29000e+02
5438 -3.28000e+02
5501 -3.27000e+02
5567 -3.26000e+02
5638 -3.25000e+02
5688 -3.24000e+02
5861 -3.23000e+02
5926 -3.22000e+02
5991 -3.21000e+02
6047 -3.20000e+02
6104 -3.19000e+02
6121 -3.18000e+02
6229 -3.17000e+02
6330 -3.16000e+02
6486 -3.15000e+02
6549 -3.14000e+02
6585 -3.13000e+02
6656 -3.12000e+02
6764 -3.11000e+02
6872 -3.10000e+02
6969 -3.08000e+02
7157 -3.07000e+02
7173 -3.06000e+02
7311 -3.05000e+02
7593 -3.04000e+02
7653 -3.03000e+02
7743 -3.02000e+02
7759 -3.01000e+02
7760 -3.00000e+02
7816 -2.99000e+02
7990 -2.98000e+02
8058 -2.97000e+02
8152 -2.96000e+02
8255 -2.95000e+02
8360 -2.94000e+02
8450 -2.93000e+02
8518 -2.92000e+02
8530 -2.91000e+02
8677 -2.89000e+02
8775 -2.88000e+02
8811 -2.87000e+02
8866 -2.86000e+02
9019 -2.85000e+02
9029 -2.84000e+02
9157 -2.82000e+02
9200 -2.81000e+02
9304 -2.80000e+02
9540 -2.79000e+02
9695 -2.78000e+02
9708 -2.77000e+02
9731 -2.76000e+02
9822 -2.75000e+02
9951 -2.75000e+02
"function evaluation" "best-so-far f(x)"
1 -3.93000e+02
17 -3.92000e+02
76 -3.91000e+02
126 -3.90000e+02
293 -3.89000e+02
417 -3.88000e+02
510 -3.87000e+02
660 -3.86000e+02
699 -3.85000e+02
759 -3.84000e+02
841 -3.82000e+02
934 -3.81000e+02
1014 -3.80000e+02
1066 -3.79000e+02
1072 -3.78000e+02
1086 -3.77000e+02
1181 -3.76000e+02
1252 -3.75000e+02
1293 -3.74000e+02
1338 -3.73000e+02
1418 -3.72000e+02
1475 -3.71000e+02
1657 -3.70000e+02
1750 -3.69000e+02
1851 -3.68000e+02
1900 -3.66000e+02
2054 -3.65000e+02
2101 -3.64000e+02
2199 -3.63000e+02
2247 -3.62000e+02
2330 -3.61000e+02
2437 -3.60000e+02
2570 -3.59000e+02
2690 -3.58000e+02
2744 -3.57000e+02
2952 -3.56000e+02
3110 -3.55000e+02
3134 -3.54000e+02
3232 -3.53000e+02
3265 -3.52000e+02
3382 -3.51000e+02
3408 -3.50000e+02
3634 -3.49000e+02
3762 -3.48000e+02
3763 -3.46000e+02
3778 -3.45000e+02
3820 -3.44000e+02
3892 -3.43000e+02
4061 -3.42000e+02
4221 -3.41000e+02
4326 -3.40000e+02
4456 -3.39000e+02
4511 -3.38000e+02
4627 -3.36000e+02
4639 -3.35000e+02
4769 -3.34000e+02
4823 -3.33000e+02
4970 -3.32000e+02
5074 -3.31000e+02
5145 -3.30000e+02
5246 -3.29000e+02
5294 -3.28000e+02
5507 -3.27000e+02
5644 -3.26000e+02
5791 -3.25000e+02
5890 -3.24000e+02
5927 -3.23000e+02
6143 -3.22000e+02
6198 -3.21000e+02
6305 -3.20000e+02
6451 -3.19000e+02
6757 -3.18000e+02
6795 -3.16000e+02
6861 -3.15000e+02
6910 -3.14000e+02
7075 -3.13000e+02
7099 -3.12000e+02
7261 -3.11000e+02
7285 -3.10000e+02
7314 -3.09000e+02
7406 -3.08000e+02
7407 -3.07000e+02
7553 -3.06000e+02
7607 -3.05000e+02
7682 -3.04000e+02
7695 -3.03000e+02
7753 -3.02000e+02
7808 -3.01000e+02
7875 -3.00000e+02
7970 -2.99000e+02
8035 -2.98000e+02
8050 -2.97000e+02
8088 -2.96000e+02
8154 -2.95000e+02
8216 -2.94000e+02
8386 -2.93000e+02
8428 -2.92000e+02
8558 -2.91000e+02
8689 -2.90000e+02
8810 -2.89000e+02
8973 -2.88000e+02
9091 -2.87000e+02
9239 -2.86000e+02
9350 -2.85000e+02
9417 -2.84000e+02
9488 -2.83000e+02
9624 -2.82000e+02
9697 -2.81000e+02
9837 -2.80000e+02
9923 -2.79000e+02
9951 -2.79000e+02
"function evaluation" "best-so-far f(x)"
1 -3.93000e+02
7 -3.92000e+02
112 -3.91000e+02
147 -3.90000e+02
184 -3.89000e+02
217 -3.88000e+02
305 -3.87000e+02
381 -3.86000e+02
466 -3.85000e+02
570 -3.84000e+02
676 -3.83000e+02
770 -3.82000e+02
849 -3.81000e+02
898 -3.80000e+02
977 -3.79000e+02
1096 -3.78000e+02
1166 -3.77000e+02
1233 -3.76000e+02
1293 -3.75000e+02
1423 -3.74000e+02
1534 -3.73000e+02
1544 -3.72000e+02
1598 -3.71000e+02
1731 -3.70000e+02
1847 -3.69000e+02
1932 -3.68000e+02
2052 -3.67000e+02
2130 -3.66000e+02
2192 -3.65000e+02
2223 -3.64000e+02
2260 -3.63000e+02
2311 -3.62000e+02
2398 -3.61000e+02
2498 -3.60000e+02
2682 -3.59000e+02
2734 -3.58000e+02
2746 -3.57000e+02
2793 -3.56000e+02
2795 -3.55000e+02
2903 -3.54000e+02
2975 -3.53000e+02
3070 -3.52000e+02
3120 -3.51000e+02
3178 -3.50000e+02
3197 -3.49000e+02
3237 -3.48000e+02
3304 -3.47000e+02
3420 -3.46000e+02
3467 -3.45000e+02
3622 -3.44000e+02
3739 -3.43000e+02
3867 -3.42000e+02
3973 -3.41000e+02
4044 -3.40000e+02
4193 -3.39000e+02
4286 -3.38000e+02
4367 -3.37000e+02
4457 -3.36000e+02
4496 -3.35000e+02
4590 -3.34000e+02
4621 -3.33000e+02
4795 -3.32000e+02
4871 -3.31000e+02
4997 -3.30000e+02
5007 -3.29000e+02
5224 -3.28000e+02
5320 -3.27000e+02
5494 -3.26000e+02
5575 -3.25000e+02
5659 -3.24000e+02
5731 -3.23000e+02
5771 -3.22000e+02
5912 -3.21000e+02
6067 -3.20000e+02
6098 -3.17000e+02
6280 -3.16000e+02
6288 -3.15000e+02
6445 -3.14000e+02
6526 -3.13000e+02
6535 -3.12000e+02
6714 -3.11000e+02
6733 -3.10000e+02
6856 -3.09000e+02
6941 -3.08000e+02
6988 -3.07000e+02
7226 -3.06000e+02
7378 -3.05000e+02
7450 -3.04000e+02
7521 -3.03000e+02
7529 -3.02000e+02
7702 -3.01000e+02
7792 -3.00000e+02
7931 -2.99000e+02
8019 -2.98000e+02
8075 -2.97000e+02
8166 -2.96000e+02
8265 -2.95000e+02
8394 -2.94000e+02
8484 -2.93000e+02
8567 -2.92000e+02
8731 -2.91000e+02
9001 -2.90000e+02
9146 -2.89000e+02
9199 -2.88000e+02
9213 -2.87000e+02
9378 -2.86000e+02
9557 -2.85000e+02
9666 -2.84000e+02
9728 -2.83000e+02
9789 -2.82000e+02
9856 -2.81000e+02
9878 -2.80000e+02
9951 -2.80000e+02
"function evaluation" "best-so-far f(x)"
1 -3.93000e+02
36 -3.92000e+02
60 -3.91000e+02
120 -3.90000e+02
182 -3.89000e+02
281 -3.88000e+02
372 -3.87000e+02
475 -3.86000e+02
645 -3.85000e+02
662 -3.84000e+02
692 -3.83000e+02
795 -3.82000e+02
1021 -3.81000e+02
1064 -3.80000e+02
1140 -3.79000e+02
1263 -3.78000e+02
1291 -3.77000e+02
1426 -3.76000e+02
1499 -3.75000e+02
1667 -3.74000e+02
1727 -3.73000e+02
1867 -3.72000e+02
1942 -3.71000e+02
2032 -3.70000e+02
2171 -3.69000e+02
2313 -3.68000e+02
2432 -3.67000e+02
2496 -3.66000e+02
2555 -3.65000e+02
2611 -3.64000e+02
2701 -3.63000e+02
2728 -3.62000e+02
2917 -3.61000e+02
2927 -3.60000e+02
2966 -3.58000e+02
3062 -3.57000e+02
3148 -3.56000e+02
3261 -3.55000e+02
3275 -3.54000e+02
3459 -3.53000e+02
3517 -3.52000e+02
3592 -3.51000e+02
3669 -3.50000e+02
3680 -3.49000e+02
3906 -3.48000e+02
3979 -3.47000e+02
4079 -3.46000e+02
4157 -3.45000e+02
4249 -3.44000e+02
4391 -3.42000e+02
4400 -3.41000e+02
4448 -3.40000e+02
4510 -3.39000e+02
4522 -3.38000e+02
4573 -3.37000e+02
4733 -3.36000e+02
4767 -3.35000e+02
4812 -3.34000e+02
4891 -3.33000e+02
5001 -3.32000e+02
5134 -3.31000e+02
5190 -3.30000e+02
5338 -3.28000e+02
5433 -3.27000e+02
5529 -3.26000e+02
5639 -3.25000e+02
5737 -3.24000e+02
5889 -3.23000e+02
6046 -3.22000e+02
6132 -3.21000e+02
6214 -3.20000e+02
6334 -3.19000e+02
6409 -3.18000e+02
6506 -3.17000e+02
6622 -3.15000e+02
6820 -3.14000e+02
6904 -3.13000e+02
7013 -3.12000e+02
7132 -3.11000e+02
7311 -3.10000e+02
7375 -3.09000e+02
7472 -3.08000e+02
7564 -3.07000e+02
7635 -3.06000e+02
7765 -3.03000e+02
7942 -3.02000e+02
7975 -3.01000e+02
8045 -3.00000e+02
8085 -2.98000e+02
8134 -2.97000e+02
8286 -2.96000e+02
8441 -2.95000e+02
8601 -2.94000e+02
8779 -2.93000e+02
8834 -2.91000e+02
8970 -2.90000e+02
9085 -2.89000e+02
9100 -2.88000e+02
9164 -2.87000e+02
9186 -2.86000e+02
9296 -2.85000e+02
9386 -2.84000e+02
9458 -2.83000e+02
9576 -2.82000e+02
9595 -2.81000e+02
9709 -2.80000e+02
9746 -2.79000e+02
9934 -2.78000e+02
9951 -2.78000e+02
"function evaluation" "best-so-far f(x)"
1 -3.93000e+02
2 -3.92000e+02
66 -3.91000e+02
112 -3.90000e+02
171 -3.89000e+02
294 -3.88000e+02
344 -3.87000e+02
372 -3.86000e+02
551 -3.85000e+02
587 -3.84000e+02
750 -3.83000e+02
780 -3.82000e+02
845 -3.81000e+02
963 -3.80000e+02
991 -3.79000e+02
1032 -3.78000e+02
1131 -3.77000e+02
1245 -3.76000e+02
1355 -3.74000e+02
1375 -3.73000e+02
1490 -3.72000e+02
1508 -3.71000e+02
1613 -3.69000e+02
1769 -3.68000e+02
1846 -3.67000e+02
1849 -3.66000e+02
1910 -3.65000e+02
2022 -3.64000e+02
2179 -3.63000e+02
2205 -3.62000e+02
2209 -3.61000e+02
2223 -3.60000e+02
2277 -3.59000e+02
2401 -3.58000e+02
2664 -3.57000e+02
2723 -3.56000e+02
2840 -3.54000e+02
2944 -3.53000e+02
3102 -3.52000e+02
3236 -3.51000e+02
3281 -3.50000e+02
3402 -3.49000e+02
3468 -3.48000e+02
3631 -3.47000e+02
3733 -3.45000e+02
3808 -3.44000e+02
3891 -3.43000e+02
3990 -3.42000e+02
4097 -3.41000e+02
4282 -3.40000e+02
4319 -3.39000e+02
4388 -3.38000e+02
4443 -3.37000e+02
4537 -3.36000e+02
4604 -3.35000e+02
4843 -3.34000e+02
4900 -3.33000e+02
4955 -3.32000e+02
4972 -3.31000e+02
5025 -3.30000e+02
5027 -3.29000e+02
5094 -3.28000e+02
5229 -3.27000e+02
5354 -3.26000e+02
5437 -3.25000e+02
5562 -3.24000e+02
5584 -3.23000e+02
5716 -3.22000e+02
5855 -3.21000e+02
5979 -3.20000e+02
6092 -3.19000e+02
6158 -3.18000e+02
6284 -3.17000e+02
6415 -3.16000e+02
6495 -3.15000e+02
6498 -3.14000e+02
6557 -3.13000e+02
6712 -3.12000e+02
6718 -3.11000e+02
6739 -3.10000e+02
6934 -3.08000e+02
7193 -3.07000e+02
7250 -3.06000e+02
7511 -3.05000e+02
7566 -3.04000e+02
7730 -3.03000e+02
7749 -3.02000e+02
7921 -3.01000e+02
7940 -3.00000e+02
8011 -2.99000e+02
8072 -2.98000e+02
8132 -2.97000e+02
8204 -2.96000e+02
8368 -2.95000e+02
8375 -2.94000e+02
8422 -2.93000e+02
8490 -2.92000e+02
8583 -2.91000e+02
8639 -2.90000e+02
8725 -2.89000e+02
8765 -2.88000e+02
8876 -2.87000e+02
9059 -2.86000e+02
9253 -2.85000e+02
9417 -2.84000e+02
9539 -2.83000e+02
9713 -2.82000e+02
9913 -2.81000e+02
9951 -2.81000e+02
"function evaluation" "best-so-far f(x)"
1 -3.93000e+02
28 -3.92000e+02
121 -3.91000e+02
176 -3.90000e+02
238 -3.89000e+02
278 -3.88000e+02
352 -3.87000e+02
379 -3.86000e+02
527 -3.85000e+02
583 -3.84000e+02
652 -3.83000e+02
880 -3.82000e+02
932 -3.81000e+02
942 -3.80000e+02
1114 -3.79000e+02
1185 -3.78000e+02
1381 -3.76000e+02
1471 -3.75000e+02
1574 -3.74000e+02
1697 -3.73000e+02
1706 -3.72000e+02
1739 -3.71000e+02
1831 -3.70000e+02
1941 -3.69000e+02
2001 -3.68000e+02
2139 -3.67000e+02
2185 -3.66000e+02
2278 -3.65000e+02
2411 -3.64000e+02
2465 -3.63000e+02
2577 -3.62000e+02
2617 -3.61000e+02
2766 -3.60000e+02
2896 -3.59000e+02
2967 -3.58000e+02
3067 -3.57000e+02
3080 -3.56000e+02
3168 -3.55000e+02
3226 -3.54000e+02
3379 -3.53000e+02
3525 -3.52000e+02
3639 -3.51000e+02
3763 -3.50000e+02
3796 -3.49000e+02
3924 -3.48000e+02
3946 -3.47000e+02
4080 -3.46000e+02
4160 -3.45000e+02
4214 -3.43000e+02
4315 -3.42000e+02
4417 -3.41000e+02
4457 -3.40000e+02
4543 -3.39000e+02
4681 -3.38000e+02
4788 -3.37000e+02
4848 -3.36000e+02
4900 -3.35000e+02
5021 -3.34000e+02
5085 -3.33000e+02
5229 -3.32000e+02
5391 -3.31000e+02
5465 -3.30000e+02
5513 -3.29000e+02
5710 -3.28000e+02
5769 -3.27000e+02
5889 -3.26000e+02
5915 -3.25000e+02
5965 -3.24000e+02
5966 -3.23000e+02
6137 -3.22000e+02
6229 -3.21000e+02
6344 -3.20000e+02
6482 -3.19000e+02
6590 -3.18000e+02
6637 -3.16000e+02
6814 -3.15000e+02
6938 -3.14000e+02
7058 -3.13000e+02
7227 -3.12000e+02
7349 -3.11000e+02
7448 -3.10000e+02
7488 -3.09000e+02
7675 -3.08000e+02
7742 -3.07000e+02
7915 -3.06000e+02
7973 -3.05000e+02
8194 -3.04000e+02
8350 -3.03000e+02
8515 -3.02000e+02
8580 -3.01000e+02
8641 -3.00000e+02
8732 -2.99000e+02
8890 -2.98000e+02
9038 -2.97000e+02
9057 -2.96000e+02
9102 -2.95000e+02
9268 -2.94000e+02
9461 -2.93000e+02
9471 -2.92000e+02
9581 -2.91000e+02
9657 -2.90000e+02
9742 -2.89000e+02
9848 -2.88000e+02
9951 -2.88000e+02
"function evaluation" "best-so-far f(x)"
1 -3.93000e+02
8 -3.92000e+02
104 -3.91000e+02
217 -3.90000e+02
403 -3.89000e+02
463 -3.88000e+02
479 -3.87000e+02
550 -3.86000e+02
606 -3.85000e+02
655 -3.84000e+02
723 -3.83000e+02
814 -3.82000e+02
1010 -3.81000e+02
1083 -3.80000e+02
1134 -3.79000e+02
1183 -3.78000e+02
1228 -3.77000e+02
1356 -3.76000e+02
1407 -3.75000e+02
1635 -3.74000e+02
1709 -3.73000e+02
1812 -3.72000e+02
1890 -3.71000e+02
1919 -3.70000e+02
1943 -3.69000e+02
2011 -3.68000e+02
2071 -3.67000e+02
2118 -3.66000e+02
2312 -3.65000e+02
2434 -3.64000e+02
2594 -3.63000e+02
2605 -3.62000e+02
2677 -3.61000e+02
2681 -3.60000e+02
2818 -3.59000e+02
2951 -3.58000e+02
2966 -3.57000e+02
3080 -3.56000e+02
3250 -3.55000e+02
3333 -3.54000e+02
3375 -3.53000e+02
3485 -3.52000e+02
3539 -3.51000e+02
3718 -3.50000e+02
3830 -3.49000e+02
3942 -3.48000e+02
4161 -3.47000e+02
4193 -3.46000e+02
4240 -3.45000e+02
4246 -3.44000e+02
4399 -3.43000e+02
4498 -3.42000e+02
4605 -3.40000e+02
4744 -3.39000e+02
4787 -3.38000e+02
4943 -3.37000e+02
4964 -3.36000e+02
5047 -3.35000e+02
5141 -3.34000e+02
5210 -3.33000e+02
5358 -3.32000e+02
5388 -3.31000e+02
5435 -3.30000e+02
5586 -3.29000e+02
5681 -3.28000e+02
5779 -3.27000e+02
5802 -3.26000e+02
5956 -3.25000e+02
6056 -3.24000e+02
6212 -3.23000e+02
6225 -3.22000e+02
6321 -3.21000e+02
6373 -3.20000e+02
6507 -3.19000e+02
6599 -3.18000e+02
6698 -3.17000e+02
6738 -3.16000e+02
6854 -3.15000e+02
6976 -3.14000e+02
6987 -3.13000e+02
7107 -3.12000e+02
7272 -3.11000e+02
7384 -3.10000e+02
7448 -3.09000e+02
7511 -3.08000e+02
7584 -3.07000e+02
7686 -3.06000e+02
7815 -3.05000e+02
7979 -3.04000e+02
8215 -3.03000e+02
8280 -3.02000e+02
8364 -3.01000e+02
8473 -3.00000e+02
8598 -2.99000e+02
8768 -2.98000e+02
8826 -2.97000e+02
9009 -2.96000e+02
9130 -2.94000e+02
9266 -2.93000e+02
9404 -2.92000e+02
9555 -2.91000e+02
9686 -2.90000e+02
9727 -2.89000e+02
9735 -2.88000e+02
9772 -2.87000e+02
9809 -2.86000e+02
9951 -2.86000e+02
"function evaluation" "best-so-far f(x)"
1 -3.93000e+02
24 -3.92000e+02
120 -3.91000e+02
198 -3.90000e+02
276 -3.89000e+02
295 -3.88000e+02
324 -3.86000e+02
482 -3.85000e+02
611 -3.84000e+02
718 -3.82000e+02
757 -3.81000e+02
844 -3.80000e+02
905 -3.79000e+02
1057 -3.78000e+02
1147 -3.77000e+02
1198 -3.76000e+02
1282 -3.75000e+02
1419 -3.74000e+02
1489 -3.73000e+02
1650 -3.72000e+02
1738 -3.71000e+02
1790 -3.70000e+02
1936 -3.69000e+02
1959 -3.68000e+02
1989 -3.67000e+02
2152 -3.66000e+02
2269 -3.65000e+02
2400 -3.64000e+02
2486 -3.63000e+02
2517 -3.62000e+02
2534 -3.61000e+02
2558 -3.60000e+02
2633 -3.59000e+02
2709 -3.58000e+02
2796 -3.57000e+02
2895 -3.56000e+02
2935 -3.55000e+02
3015 -3.54000e+02
3030 -3.53000e+02
3131 -3.52000e+02
3256 -3.51000e+02
3369 -3.50000e+02
3440 -3.49000e+02
3557 -3.48000e+02
3619 -3.47000e+02
3763 -3.46000e+02
3833 -3.45000e+02
3981 -3.44000e+02
3986 -3.43000e+02
4060 -3.42000e+02
4199 -3.41000e+02
4231 -3.40000e+02
4350 -3.39000e+02
4358 -3.38000e+02
4476 -3.37000e+02
4578 -3.36000e+02
4608 -3.34000e+02
4733 -3.33000e+02
4879 -3.32000e+02
5012 -3.31000e+02
5059 -3.30000e+02
5112 -3.29000e+02
5202 -3.28000e+02
5355 -3.27000e+02
5430 -3.26000e+02
5549 -3.25000e+02
5648 -3.24000e+02
5783 -3.23000e+02
5993 -3.22000e+02
6074 -3.21000e+02
6186 -3.20000e+02
6234 -3.19000e+02
6356 -3.18000e+02
6403 -3.17000e+02
6410 -3.16000e+02
6511 -3.15000e+02
6588 -3.14000e+02
6670 -3.13000e+02
6734 -3.12000e+02
6787 -3.11000e+02
6928 -3.10000e+02
7022 -3.09000e+02
7109 -3.08000e+02
7139 -3.07000e+02
7208 -3.06000e+02
7315 -3.05000e+02
7407 -3.04000e+02
7461 -3.03000e+02
7534 -3.02000e+02
7612 -3.01000e+02
7673 -3.00000e+02
7675 -2.99000e+02
7693 -2.98000e+02
7733 -2.97000e+02
7775 -2.96000e+02
7830 -2.95000e+02
7927 -2.94000e+02
8071 -2.93000e+02
8177 -2.92000e+02
8229 -2.91000e+02
8487 -2.90000e+02
8582 -2.89000e+02
8632 -2.88000e+02
8813 -2.87000e+02
8961 -2.86000e+02
9072 -2.85000e+02
9140 -2.84000e+02
9267 -2.83000e+02
9318 -2.82000e+02
9428 -2.81000e+02
9644 -2.80000e+02
9651 -2.79000e+02
9720 -2.78000e+02
9745 -2.77000e+02
9840 -2.76000e+02
9951 -2.76000e+02
"function evaluation" "best-so-far f(x)"
1 -3.93000e+02
16 -3.92000e+02
112 -3.91000e+02
142 -3.90000e+02
214 -3.89000e+02
301 -3.88000e+02
420 -3.87000e+02
488 -3.86000e+02
587 -3.85000e+02
679 -3.84000e+02
690 -3.83000e+02
781 -3.82000e+02
907 -3.81000e+02
982 -3.80000e+02
1026 -3.79000e+02
1071 -3.78000e+02
1138 -3.77000e+02
1183 -3.76000e+02
1280 -3.75000e+02
1364 -3.73000e+02
1372 -3.72000e+02
1375 -3.71000e+02
1536 -3.70000e+02
1629 -3.69000e+02
1757 -3.68000e+02
1851 -3.67000e+02
2029 -3.66000e+02
2130 -3.65000e+02
2193 -3.64000e+02
2194 -3.63000e+02
2265 -3.62000e+02
2324 -3.61000e+02
2378 -3.60000e+02
2454 -3.59000e+02
2507 -3.58000e+02
2558 -3.57000e+02
2634 -3.56000e+02
2691 -3.55000e+02
2776 -3.54000e+02
2852 -3.53000e+02
2973 -3.52000e+02
2986 -3.51000e+02
3159 -3.50000e+02
3260 -3.49000e+02
3373 -3.48000e+02
3465 -3.47000e+02
3622 -3.46000e+02
3633 -3.45000e+02
3695 -3.44000e+02
3868 -3.43000e+02
3929 -3.42000e+02
3961 -3.41000e+02
4001 -3.40000e+02
4069 -3.38000e+02
4230 -3.37000e+02
4318 -3.36000e+02
4480 -3.35000e+02
4589 -3.34000e+02
4621 -3.33000e+02
4674 -3.31000e+02
4726 -3.30000e+02
4852 -3.29000e+02
4901 -3.28000e+02
4964 -3.27000e+02
5092 -3.26000e+02
5160 -3.25000e+02
5297 -3.24000e+02
5388 -3.23000e+02
5533 -3.22000e+02
5713 -3.21000e+02
5801 -3.20000e+02
5923 -3.19000e+02
5933 -3.18000e+02
6114 -3.17000e+02
6165 -3.16000e+02
6313 -3.15000e+02
6341 -3.14000e+02
6406 -3.13000e+02
6463 -3.12000e+02
6652 -3.11000e+02
6745 -3.10000e+02
6837 -3.09000e+02
6946 -3.08000e+02
6973 -3.07000e+02
7010 -3.06000e+02
7089 -3.05000e+02
7191 -3.04000e+02
7245 -3.02000e+02
7292 -3.01000e+02
7326 -3.00000e+02
7477 -2.99000e+02
7566 -2.98000e+02
7667 -2.97000e+02
7713 -2.96000e+02
7862 -2.95000e+02
8011 -2.94000e+02
8125 -2.93000e+02
8164 -2.92000e+02
8337 -2.91000e+02
8444 -2.90000e+02
8700 -2.89000e+02
8799 -2.88000e+02
8885 -2.87000e+02
8975 -2.86000e+02
9031 -2.85000e+02
9140 -2.84000e+02
9279 -2.83000e+02
9376 -2.82000e+02
9413 -2.81000e+02
9446 -2.80000e+02
9483 -2.79000e+02
9612 -2.78000e+02
9643 -2.77000e+02
9747 -2.76000e+02
9781 -2.75000e+02
9838 -2.74000e+02
9951 -2.74000e+02
"function evaluation" "best-so-far f(x)"
1 -3.93000e+02
56 -3.92000e+02
143 -3.91000e+02
374 -3.90000e+02
461 -3.89000e+02
549 -3.88000e+02
650 -3.87000e+02
708 -3.85000e+02
728 -3.84000e+02
800 -3.83000e+02
816 -3.82000e+02
903 -3.81000e+02
1051 -3.80000e+02
1092 -3.79000e+02
1204 -3.78000e+02
1278 -3.77000e+02
1413 -3.76000e+02
1478 -3.75000e+02
1553 -3.74000e+02
1689 -3.73000e+02
1707 -3.72000e+02
1812 -3.71000e+02
1930 -3.70000e+02
1998 -3.69000e+02
2183 -3.68000e+02
2282 -3.67000e+02
2380 -3.66000e+02
2448 -3.65000e+02
2624 -3.64000e+02
2681 -3.63000e+02
2728 -3.62000e+02
2839 -3.61000e+02
2929 -3.60000e+02
3071 -3.59000e+02
3119 -3.58000e+02
3215 -3.57000e+02
3281 -3.56000e+02
3298 -3.55000e+02
3334 -3.54000e+02
3357 -3.53000e+02
3389 -3.52000e+02
3449 -3.51000e+02
3586 -3.50000e+02
3651 -3.49000e+02
3767 -3.48000e+02
3819 -3.47000e+02
4026 -3.46000e+02
4137 -3.45000e+02
4260 -3.44000e+02
4353 -3.43000e+02
4417 -3.42000e+02
4429 -3.41000e+02
4435 -3.39000e+02
4599 -3.38000e+02
4755 -3.37000e+02
4859 -3.36000e+02
5010 -3.35000e+02
5119 -3.34000e+02
5223 -3.33000e+02
5250 -3.32000e+02
5417 -3.31000e+02
5521 -3.30000e+02
5555 -3.29000e+02
5617 -3.28000e+02
5724 -3.27000e+02
5823 -3.26000e+02
5916 -3.25000e+02
5985 -3.24000e+02
6015 -3.23000e+02
6215 -3.22000e+02
6321 -3.21000e+02
6408 -3.20000e+02
6517 -3.19000e+02
6580 -3.18000e+02
6640 -3.17000e+02
6786 -3.16000e+02
6791 -3.15000e+02
6804 -3.14000e+02
6963 -3.13000e+02
7100 -3.12000e+02
7166 -3.11000e+02
7314 -3.10000e+02
7392 -3.09000e+02
7398 -3.08000e+02
7445 -3.07000e+02
7489 -3.06000e+02
7536 -3.05000e+02
7696 -3.04000e+02
7783 -3.02000e+02
7929 -3.01000e+02
7978 -3.00000e+02
8176 -2.99000e+02
8327 -2.98000e+02
8411 -2.97000e+02
8482 -2.96000e+02
8511 -2.95000e+02
8606 -2.94000e+02
8710 -2.93000e+02
8760 -2.92000e+02
8894 -2.91000e+02
8936 -2.90000e+02
8943 -2.89000e+02
9051 -2.88000e+02
9147 -2.87000e+02
9270 -2.86000e+02
9470 -2.85000e+02
9494 -2.84000e+02
9577 -2.83000e+02
9614 -2.81000e+02
9767 -2.80000e+02
9914 -2.78000e+02
9951 -2.78000e+02
"function evaluation" "best-so-far f(x)"
1 -3.93000e+02
70 -3.92000e+02
151 -3.91000e+02
271 -3.90000e+02
410 -3.89000e+02
429 -3.88000e+02
517 -3.87000e+02
708 -3.86000e+02
784 -3.85000e+02
904 -3.84000e+02
993 -3.83000e+02
1140 -3.82000e+02
1232 -3.81000e+02
1338 -3.80000e+02
1384 -3.79000e+02
1497 -3.78000e+02
1635 -3.77000e+02
1695 -3.76000e+02
1866 -3.75000e+02
2150 -3.74000e+02
2180 -3.73000e+02
2259 -3.72000e+02
2340 -3.71000e+02
2476 -3.70000e+02
2518 -3.69000e+02
2578 -3.68000e+02
2691 -3.67000e+02
2725 -3.66000e+02
2760 -3.65000e+02
2865 -3.64000e+02
3041 -3.63000e+02
3110 -3.62000e+02
3160 -3.61000e+02
3216 -3.60000e+02
3301 -3.59000e+02
3658 -3.58000e+02
3698 -3.57000e+02
3738 -3.56000e+02
3919 -3.55000e+02
4046 -3.54000e+02
4233 -3.53000e+02
4343 -3.52000e+02
4454 -3.51000e+02
4523 -3.50000e+02
4642 -3.49000e+02
4725 -3.48000e+02
4823 -3.47000e+02
4888 -3.46000e+02
4923 -3.45000e+02
4997 -3.44000e+02
5037 -3.43000e+02
5080 -3.42000e+02
5234 -3.41000e+02
5280 -3.40000e+02
5369 -3.39000e+02
5438 -3.38000e+02
5505 -3.37000e+02
5573 -3.36000e+02
5632 -3.35000e+02
5777 -3.34000e+02
5826 -3.33000e+02
5904 -3.32000e+02
5990 -3.31000e+02
6191 -3.30000e+02
6199 -3.29000e+02
6222 -3.28000e+02
6345 -3.27000e+02
6397 -3.26000e+02
6485 -3.25000e+02
6676 -3.23000e+02
6827 -3.22000e+02
6876 -3.21000e+02
6975 -3.20000e+02
7173 -3.19000e+02
7328 -3.18000e+02
7367 -3.17000e+02
7455 -3.16000e+02
7478 -3.15000e+02
7513 -3.14000e+02
7553 -3.13000e+02
7613 -3.12000e+02
7707 -3.11000e+02
7732 -3.10000e+02
7788 -3.09000e+02
7793 -3.08000e+02
7856 -3.07000e+02
7990 -3.06000e+02
8006 -3.05000e+02
8181 -3.04000e+02
8295 -3.03000e+02
8386 -3.02000e+02
8488 -3.01000e+02
8629 -3.00000e+02
8662 -2.99000e+02
8758 -2.98000e+02
8882 -2.97000e+02
9041 -2.96000e+02
9073 -2.95000e+02
9248 -2.94000e+02
9365 -2.93000e+02
9405 -2.92000e+02
9438 -2.91000e+02
9619 -2.90000e+02
9751 -2.89000e+02
9900 -2.88000e+02
9951 -2.88000e+02
"function evaluation" "best-so-far f(x)"
1 -3.93000e+02
11 -3.92000e+02
76 -3.91000e+02
133 -3.90000e+02
278 -3.89000e+02
368 -3.88000e+02
386 -3.87000e+02
417 -3.86000e+02
519 -3.84000e+02
624 -3.83000e+02
652 -3.82000e+02
660 -3.81000e+02
734 -3.80000e+02
768 -3.79000e+02
968 -3.78000e+02
1077 -3.77000e+02
1095 -3.76000e+02
1218 -3.75000e+02
1270 -3.74000e+02
1417 -3.73000e+02
1574 -3.72000e+02
1592 -3.71000e+02
1658 -3.70000e+02
1733 -3.69000e+02
1793 -3.68000e+02
1871 -3.67000e+02
1982 -3.66000e+02
2096 -3.64000e+02
2265 -3.63000e+02
2283 -3.62000e+02
2408 -3.61000e+02
2499 -3.60000e+02
2615 -3.58000e+02
2699 -3.57000e+02
2732 -3.56000e+02
2822 -3.55000e+02
2831 -3.54000e+02
2859 -3.53000e+02
2923 -3.52000e+02
3003 -3.51000e+02
3083 -3.50000e+02
3113 -3.49000e+02
3114 -3.48000e+02
3182 -3.47000e+02
3255 -3.46000e+02
3324 -3.45000e+02
3434 -3.44000e+02
3454 -3.43000e+02
3480 -3.42000e+02
3687 -3.41000e+02
3901 -3.39000e+02
3951 -3.38000e+02
4092 -3.37000e+02
4238 -3.36000e+02
4364 -3.35000e+02
4463 -3.34000e+02
4633 -3.33000e+02
4783 -3.32000e+02
4921 -3.31000e+02
5066 -3.30000e+02
5129 -3.29000e+02
5149 -3.28000e+02
5382 -3.27000e+02
5555 -3.26000e+02
5707 -3.25000e+02
5793 -3.24000e+02
5851 -3.23000e+02
5970 -3.22000e+02
6081 -3.21000e+02
6200 -3.20000e+02
6208 -3.19000e+02
6303 -3.18000e+02
6371 -3.17000e+02
6479 -3.16000e+02
6660 -3.15000e+02
6695 -3.14000e+02
6904 -3.13000e+02
6981 -3.12000e+02
7058 -3.11000e+02
7136 -3.10000e+02
7259 -3.09000e+02
7376 -3.08000e+02
7491 -3.07000e+02
7716 -3.06000e+02
7751 -3.05000e+02
7859 -3.04000e+02
7911 -3.03000e+02
8012 -3.02000e+02
8069 -3.01000e+02
8193 -3.00000e+02
8254 -2.99000e+02
8343 -2.98000e+02
8410 -2.97000e+02
8541 -2.96000e+02
8553 -2.95000e+02
8700 -2.94000e+02
8813 -2.93000e+02
8971 -2.92000e+02
9064 -2.91000e+02
9189 -2.90000e+02
9308 -2.89000e+02
9370 -2.87000e+02
9448 -2.86000e+02
9525 -2.85000e+02
9765 -2.84000e+02
9886 -2.83000e+02
9919 -2.82000e+02
9951 -2.82000e+02
"function evaluation" "best-so-far f(x)"
1 -3.93000e+02
4 -3.92000e+02
128 -3.91000e+02
258 -3.90000e+02
375 -3.89000e+02
455 -3.88000e+02
530 -3.87000e+02
570 -3.86000e+02
635 -3.85000e+02
684 -3.84000e+02
918 -3.83000e+02
1056 -3.82000e+02
1083 -3.81000e+02
1128 -3.80000e+02
1185 -3.79000e+02
1331 -3.78000e+02
1420 -3.77000e+02
1442 -3.76000e+02
1513 -3.75000e+02
1539 -3.74000e+02
1604 -3.73000e+02
1689 -3.72000e+02
1772 -3.71000e+02
1904 -3.70000e+02
1970 -3.69000e+02
2063 -3.68000e+02
2211 -3.67000e+02
2312 -3.66000e+02
2400 -3.65000e+02
2496 -3.63000e+02
2582 -3.62000e+02
2667 -3.61000e+02
2844 -3.60000e+02
2944 -3.59000e+02
3087 -3.58000e+02
3217 -3.57000e+02
3295 -3.56000e+02
3464 -3.55000e+02
3546 -3.54000e+02
3660 -3.53000e+02
3797 -3.52000e+02
3957 -3.51000e+02
3994 -3.50000e+02
4015 -3.49000e+02
4122 -3.48000e+02
4241 -3.47000e+02
4334 -3.46000e+02
4337 -3.45000e+02
4462 -3.44000e+02
4560 -3.43000e+02
4625 -3.42000e+02
4713 -3.41000e+02
4782 -3.40000e+02
4892 -3.39000e+02
4946 -3.38000e+02
5030 -3.37000e+02
5078 -3.36000e+02
5134 -3.35000e+02
5307 -3.34000e+02
5405 -3.33000e+02
5470 -3.32000e+02
5661 -3.31000e+02
5728 -3.30000e+02
5810 -3.28000e+02
5886 -3.27000e+02
5969 -3.26000e+02
6003 -3.25000e+02
6172 -3.24000e+02
6260 -3.23000e+02
6427 -3.22000e+02
6549 -3.21000e+02
6733 -3.20000e+02
6885 -3.19000e+02
7059 -3.18000e+02
7091 -3.17000e+02
7203 -3.16000e+02
7334 -3.15000e+02
7362 -3.14000e+02
7677 -3.13000e+02
7853 -3.12000e+02
7886 -3.11000e+02
7932 -3.10000e+02
7982 -3.09000e+02
8165 -3.08000e+02
8291 -3.07000e+02
8313 -3.06000e+02
8346 -3.05000e+02
8430 -3.04000e+02
8522 -3.03000e+02
8648 -3.02000e+02
8764 -3.01000e+02
8884 -3.00000e+02
8972 -2.99000e+02
9055 -2.98000e+02
9075 -2.97000e+02
9362 -2.96000e+02
9370 -2.95000e+02
9549 -2.94000e+02
9704 -2.93000e+02
9824 -2.92000e+02
9878 -2.91000e+02
9905 -2.90000e+02
9950 -2.89000e+02
9951 -2.89000e+02
"function evaluation" "best-so-far f(x)"
1 -3.93000e+02
33 -3.92000e+02
71 -3.91000e+02
149 -3.90000e+02
287 -3.89000e+02
388 -3.88000e+02
391 -3.87000e+02
494 -3.86000e+02
538 -3.85000e+02
612 -3.83000e+02
660 -3.82000e+02
722 -3.81000e+02
873 -3.80000e+02
927 -3.79000e+02
996 -3.78000e+02
1038 -3.77000e+02
1054 -3.75000e+02
1231 -3.74000e+02
1255 -3.73000e+02
1332 -3.72000e+02
1446 -3.70000e+02
1604 -3.69000e+02
1747 -3.68000e+02
1825 -3.67000e+02
1893 -3.66000e+02
1927 -3.65000e+02
1950 -3.64000e+02
2065 -3.63000e+02
2114 -3.62000e+02
2180 -3.61000e+02
2285 -3.60000e+02
2396 -3.59000e+02
2447 -3.58000e+02
2465 -3.57000e+02
2536 -3.56000e+02
2565 -3.55000e+02
2622 -3.54000e+02
2744 -3.52000e+02
2839 -3.51000e+02
2913 -3.50000e+02
3000 -3.49000e+02
3036 -3.48000e+02
3055 -3.47000e+02
3167 -3.46000e+02
3188 -3.45000e+02
3272 -3.44000e+02
3383 -3.43000e+02
3394 -3.42000e+02
3464 -3.41000e+02
3563 -3.40000e+02
3633 -3.39000e+02
3749 -3.38000e+02
3818 -3.37000e+02
3869 -3.36000e+02
4024 -3.35000e+02
4100 -3.34000e+02
4191 -3.33000e+02
4212 -3.32000e+02
4362 -3.31000e+02
4392 -3.30000e+02
4497 -3.29000e+02
4533 -3.28000e+02
4674 -3.27000e+02
4743 -3.26000e+02
4846 -3.25000e+02
4863 -3.24000e+02
4949 -3.23000e+02
5053 -3.22000e+02
5114 -3.21000e+02
5225 -3.20000e+02
5326 -3.19000e+02
5412 -3.18000e+02
5528 -3.17000e+02
5582 -3.16000e+02
5748 -3.15000e+02
5878 -3.14000e+02
5933 -3.13000e+02
6000 -3.12000e+02
6056 -3.11000e+02
6206 -3.10000e+02
6313 -3.09000e+02
6383 -3.08000e+02
6511 -3.07000e+02
6630 -3.06000e+02
6720 -3.05000e+02
6817 -3.04000e+02
6966 -3.02000e+02
7065 -3.01000e+02
7103 -3.00000e+02
7215 -2.99000e+02
7432 -2.98000e+02
7506 -2.97000e+02
7535 -2.96000e+02
7654 -2.95000e+02
7711 -2.94000e+02
7793 -2.93000e+02
7806 -2.92000e+02
8029 -2.91000e+02
8055 -2.90000e+02
8303 -2.88000e+02
8438 -2.87000e+02
8469 -2.86000e+02
8542 -2.85000e+02
8684 -2.84000e+02
8798 -2.83000e+02
8851 -2.81000e+02
8902 -2.80000e+02
9038 -2.79000e+02
9135 -2.78000e+02
9304 -2.77000e+02
9427 -2.76000e+02
9431 -2.75000e+02
9557 -2.74000e+02
9744 -2.73000e+02
9800 -2.72000e+02
9897 -2.71000e+02
9905 -2.70000e+02
9951 -2.70000e+02
"function evaluation" "best-so-far f(x)"
1 -3.93000e+02
39 -3.92000e+02
104 -3.91000e+02
205 -3.90000e+02
331 -3.89000e+02
451 -3.88000e+02
530 -3.87000e+02
641 -3.86000e+02
692 -3.84000e+02
800 -3.83000e+02
932 -3.82000e+02
1124 -3.81000e+02
1145 -3.80000e+02
1221 -3.79000e+02
1276 -3.78000e+02
1344 -3.77000e+02
1354 -3.76000e+02
1396 -3.75000e+02
1490 -3.74000e+02
1545 -3.73000e+02
1573 -3.72000e+02
1635 -3.71000e+02
1775 -3.70000e+02
1870 -3.69000e+02
1926 -3.68000e+02
2030 -3.67000e+02
2066 -3.66000e+02
2156 -3.65000e+02
2354 -3.64000e+02
2453 -3.63000e+02
2558 -3.62000e+02
2643 -3.61000e+02
2839 -3.60000e+02
2909 -3.59000e+02
3021 -3.58000e+02
3154 -3.57000e+02
3277 -3.56000e+02
3368 -3.55000e+02
3402 -3.54000e+02
3460 -3.53000e+02
3521 -3.52000e+02
3606 -3.51000e+02
3726 -3.50000e+02
3834 -3.49000e+02
3904 -3.48000e+02
3907 -3.47000e+02
4020 -3.46000e+02
4039 -3.45000e+02
4150 -3.44000e+02
4165 -3.43000e+02
4257 -3.42000e+02
4277 -3.41000e+02
4388 -3.40000e+02
4422 -3.39000e+02
4474 -3.38000e+02
4630 -3.37000e+02
4735 -3.36000e+02
4784 -3.35000e+02
4866 -3.34000e+02
4947 -3.33000e+02
5059 -3.32000e+02
5169 -3.31000e+02
5303 -3.30000e+02
5379 -3.29000e+02
5455 -3.28000e+02
5550 -3.27000e+02
5716 -3.26000e+02
5843 -3.25000e+02
5926 -3.24000e+02
6029 -3.23000e+02
6158 -3.22000e+02
6264 -3.21000e+02
6304 -3.20000e+02
6349 -3.18000e+02
6517 -3.17000e+02
6629 -3.16000e+02
6725 -3.15000e+02
6822 -3.14000e+02
6870 -3.13000e+02
7090 -3.12000e+02
7163 -3.11000e+02
7275 -3.10000e+02
7351 -3.09000e+02
7478 -3.08000e+02
7654 -3.07000e+02
7779 -3.06000e+02
7865 -3.05000e+02
7881 -3.04000e+02
7966 -3.03000e+02
8041 -3.02000e+02
8152 -3.01000e+02
8263 -3.00000e+02
8286 -2.99000e+02
8373 -2.98000e+02
8457 -2.96000e+02
8559 -2.95000e+02
8707 -2.94000e+02
8757 -2.93000e+02
8932 -2.92000e+02
9050 -2.91000e+02
9104 -2.90000e+02
9239 -2.89000e+02
9309 -2.88000e+02
9483 -2.87000e+02
9484 -2.86000e+02
9570 -2.85000e+02
9647 -2.84000e+02
9762 -2.83000e+02
9886 -2.82000e+02
9951 -2.82000e+02
"function evaluation" "best-so-far f(x)"
1 -3.93000e+02
13 -3.92000e+02
92 -3.91000e+02
143 -3.90000e+02
364 -3.89000e+02
491 -3.88000e+02
498 -3.87000e+02
523 -3.86000e+02
656 -3.85000e+02
841 -3.84000e+02
999 -3.83000e+02
1107 -3.82000e+02
1138 -3.81000e+02
1227 -3.80000e+02
1320 -3.79000e+02
1382 -3.78000e+02
1420 -3.77000e+02
1487 -3.76000e+02
1613 -3.75000e+02
1630 -3.74000e+02
1664 -3.73000e+02
1751 -3.72000e+02
1863 -3.71000e+02
1907 -3.70000e+02
2078 -3.69000e+02
2112 -3.68000e+02
2153 -3.67000e+02
2315 -3.66000e+02
2458 -3.65000e+02
2586 -3.64000e+02
2670 -3.63000e+02
2842 -3.62000e+02
2883 -3.61000e+02
3037 -3.60000e+02
3137 -3.59000e+02
3263 -3.58000e+02
3408 -3.57000e+02
3456 -3.56000e+02
3593 -3.55000e+02
3672 -3.54000e+02
3745 -3.52000e+02
3828 -3.51000e+02
4015 -3.50000e+02
4055 -3.49000e+02
4088 -3.48000e+02
4203 -3.47000e+02
4294 -3.46000e+02
4332 -3.45000e+02
4436 -3.44000e+02
4452 -3.43000e+02
4501 -3.42000e+02
4712 -3.41000e+02
4737 -3.40000e+02
4839 -3.38000e+02
4944 -3.37000e+02
5037 -3.36000e+02
5068 -3.35000e+02
5227 -3.34000e+02
5314 -3.33000e+02
5414 -3.32000e+02
5449 -3.31000e+02
5582 -3.30000e+02
5713 -3.29000e+02
5833 -3.28000e+02
5961 -3.27000e+02
5999 -3.26000e+02
6115 -3.25000e+02
6151 -3.24000e+02
6270 -3.23000e+02
6349 -3.22000e+02
6467 -3.21000e+02
6514 -3.20000e+02
6593 -3.19000e+02
6769 -3.18000e+02
6977 -3.17000e+02
7062 -3.16000e+02
7177 -3.15000e+02
7321 -3.14000e+02
7453 -3.13000e+02
7503 -3.12000e+02
7605 -3.11000e+02
7647 -3.10000e+02
7765 -3.09000e+02
7906 -3.08000e+02
8039 -3.07000e+02
8188 -3.06000e+02
8268 -3.05000e+02
8307 -3.04000e+02
8538 -3.03000e+02
8558 -3.02000e+02
8655 -3.01000e+02
8725 -3.00000e+02
8799 -2.99000e+02
8962 -2.98000e+02
9101 -2.97000e+02
9187 -2.96000e+02
9202 -2.95000e+02
9217 -2.94000e+02
9350 -2.93000e+02
9425 -2.92000e+02
9527 -2.91000e+02
9637 -2.90000e+02
9720 -2.89000e+02
9823 -2.88000e+02
9942 -2.87000e+02
9951 -2.87000e+02
"function evaluation" "best-so-far f(x)"
1 -3.93000e+02
41 -3.92000e+02
150 -3.91000e+02
231 -3.89000e+02
404 -3.88000e+02
541 -3.87000e+02
593 -3.86000e+02
728 -3.85000e+02
927 -3.84000e+02
1028 -3.83000e+02
1144 -3.82000e+02
1221 -3.81000e+02
1300 -3.80000e+02
1328 -3.79000e+02
1418 -3.78000e+02
1547 -3.77000e+02
1682 -3.76000e+02
1696 -3.75000e+02
1784 -3.74000e+02
1907 -3.73000e+02
1918 -3.72000e+02
1995 -3.71000e+02
2079 -3.70000e+02
2195 -3.69000e+02
2200 -3.68000e+02
2249 -3.67000e+02
2329 -3.66000e+02
2517 -3.65000e+02
2531 -3.64000e+02
2612 -3.63000e+02
2722 -3.62000e+02
2835 -3.61000e+02
2905 -3.60000e+02
2914 -3.59000e+02
2987 -3.58000e+02
3091 -3.57000e+02
3159 -3.56000e+02
3311 -3.55000e+02
3440 -3.54000e+02
3552 -3.53000e+02
3553 -3.52000e+02
3684 -3.51000e+02
3734 -3.50000e+02
3912 -3.49000e+02
3950 -3.48000e+02
3953 -3.47000e+02
4096 -3.46000e+02
4196 -3.45000e+02
4234 -3.44000e+02
4399 -3.43000e+02
4626 -3.42000e+02
4692 -3.41000e+02
4815 -3.40000e+02
4908 -3.39000e+02
5088 -3.38000e+02
5250 -3.36000e+02
5359 -3.35000e+02
5416 -3.34000e+02
5481 -3.33000e+02
5592 -3.32000e+02
5736 -3.30000e+02
5861 -3.29000e+02
5946 -3.28000e+02
6095 -3.27000e+02
6193 -3.26000e+02
6229 -3.25000e+02
6337 -3.24000e+02
6390 -3.23000e+02
6424 -3.22000e+02
6517 -3.21000e+02
6580 -3.20000e+02
6740 -3.19000e+02
6820 -3.18000e+02
6867 -3.17000e+02
6904 -3.16000e+02
6948 -3.15000e+02
6996 -3.14000e+02
7158 -3.13000e+02
7193 -3.12000e+02
7329 -3.10000e+02
7348 -3.09000e+02
7475 -3.08000e+02
7550 -3.07000e+02
7651 -3.06000e+02
7706 -3.05000e+02
7813 -3.04000e+02
7969 -3.03000e+02
8099 -3.02000e+02
8146 -3.01000e+02
8300 -3.00000e+02
8334 -2.99000e+02
8376 -2.98000e+02
8503 -2.97000e+02
8593 -2.96000e+02
8636 -2.95000e+02
8706 -2.94000e+02
8810 -2.93000e+02
8888 -2.92000e+02
9021 -2.91000e+02
9077 -2.90000e+02
9141 -2.89000e+02
9183 -2.88000e+02
9307 -2.87000e+02
9358 -2.86000e+02
9396 -2.85000e+02
9511 -2.84000e+02
9546 -2.83000e+02
9553 -2.81000e+02
9703 -2.80000e+02
9785 -2.79000e+02
9848 -2.78000e+02
9873 -2.77000e+02
9951 -2.77000e+02
"function evaluation" "best-so-far f(x)"
1 -3.93000e+02
4 -3.92000e+02
97 -3.91000e+02
308 -3.90000e+02
393 -3.89000e+02
410 -3.88000e+02
413 -3.87000e+02
537 -3.86000e+02
540 -3.85000e+02
694 -3.84000e+02
696 -3.83000e+02
759 -3.82000e+02
926 -3.81000e+02
1012 -3.80000e+02
1117 -3.79000e+02
1261 -3.78000e+02
1284 -3.77000e+02
1318 -3.76000e+02
1447 -3.75000e+02
1485 -3.74000e+02
1500 -3.73000e+02
1696 -3.72000e+02
1850 -3.71000e+02
1951 -3.70000e+02
1998 -3.68000e+02
2102 -3.67000e+02
2194 -3.66000e+02
2237 -3.65000e+02
2352 -3.64000e+02
2448 -3.63000e+02
2583 -3.62000e+02
2678 -3.61000e+02
2766 -3.60000e+02
2950 -3.59000e+02
3022 -3.58000e+02
3069 -3.57000e+02
3202 -3.56000e+02
3229 -3.55000e+02
3420 -3.54000e+02
3481 -3.53000e+02
3570 -3.52000e+02
3716 -3.51000e+02
3923 -3.50000e+02
4081 -3.49000e+02
4159 -3.48000e+02
4217 -3.47000e+02
4232 -3.46000e+02
4333 -3.45000e+02
4400 -3.44000e+02
4409 -3.43000e+02
4505 -3.42000e+02
4596 -3.41000e+02
4706 -3.40000e+02
4783 -3.39000e+02
4955 -3.38000e+02
4958 -3.37000e+02
5067 -3.36000e+02
5134 -3.35000e+02
5397 -3.34000e+02
5511 -3.33000e+02
5606 -3.32000e+02
5660 -3.31000e+02
5837 -3.29000e+02
6051 -3.28000e+02
6097 -3.27000e+02
6161 -3.25000e+02
6263 -3.24000e+02
6376 -3.23000e+02
6437 -3.22000e+02
6539 -3.21000e+02
6563 -3.20000e+02
6605 -3.19000e+02
6702 -3.18000e+02
6779 -3.17000e+02
6837 -3.16000e+02
6926 -3.15000e+02
6992 -3.14000e+02
7081 -3.13000e+02
7102 -3.12000e+02
7164 -3.11000e+02
7294 -3.10000e+02
7328 -3.09000e+02
7460 -3.08000e+02
7536 -3.07000e+02
7621 -3.05000e+02
7634 -3.04000e+02
7735 -3.03000e+02
7741 -3.02000e+02
8001 -3.01000e+02
8124 -3.00000e+02
8200 -2.99000e+02
8271 -2.98000e+02
8283 -2.97000e+02
8390 -2.96000e+02
8496 -2.95000e+02
8572 -2.94000e+02
8673 -2.93000e+02
8700 -2.92000e+02
8782 -2.91000e+02
8901 -2.90000e+02
9051 -2.88000e+02
9089 -2.86000e+02
9106 -2.85000e+02
9160 -2.84000e+02
9359 -2.83000e+02
9396 -2.82000e+02
9578 -2.81000e+02
9611 -2.80000e+02
9729 -2.79000e+02
9813 -2.78000e+02
9833 -2.77000e+02
9942 -2.76000e+02
9951 -2.76000e+02
"function evaluation" "best-so-far f(x)"
1 -3.93000e+02
7 -3.92000e+02
93 -3.91000e+02
259 -3.90000e+02
277 -3.89000e+02
367 -3.88000e+02
428 -3.87000e+02
481 -3.86000e+02
542 -3.85000e+02
781 -3.84000e+02
862 -3.83000e+02
1071 -3.82000e+02
1112 -3.81000e+02
1197 -3.80000e+02
1251 -3.79000e+02
1270 -3.78000e+02
1384 -3.77000e+02
1427 -3.76000e+02
1501 -3.75000e+02
1582 -3.74000e+02
1676 -3.73000e+02
1707 -3.72000e+02
1846 -3.71000e+02
1872 -3.70000e+02
1906 -3.69000e+02
1945 -3.68000e+02
2013 -3.67000e+02
2145 -3.66000e+02
2170 -3.65000e+02
2246 -3.64000e+02
2381 -3.63000e+02
2426 -3.62000e+02
2478 -3.61000e+02
2535 -3.60000e+02
2602 -3.59000e+02
2703 -3.58000e+02
2769 -3.57000e+02
2820 -3.56000e+02
2961 -3.55000e+02
3059 -3.54000e+02
3173 -3.53000e+02
3214 -3.52000e+02
3289 -3.51000e+02
3396 -3.50000e+02
3695 -3.49000e+02
3717 -3.48000e+02
3934 -3.47000e+02
4002 -3.46000e+02
4097 -3.45000e+02
4172 -3.44000e+02
4187 -3.43000e+02
4302 -3.42000e+02
4417 -3.41000e+02
4500 -3.40000e+02
4552 -3.39000e+02
4622 -3.38000e+02
4752 -3.37000e+02
4873 -3.36000e+02
4964 -3.35000e+02
5067 -3.34000e+02
5142 -3.33000e+02
5209 -3.32000e+02
5228 -3.31000e+02
5435 -3.30000e+02
5518 -3.29000e+02
5601 -3.28000e+02
5649 -3.27000e+02
5675 -3.26000e+02
5733 -3.25000e+02
5781 -3.24000e+02
5901 -3.23000e+02
6065 -3.22000e+02
6169 -3.21000e+02
6295 -3.20000e+02
6368 -3.19000e+02
6445 -3.18000e+02
6566 -3.17000e+02
6603 -3.16000e+02
6683 -3.15000e+02
6823 -3.14000e+02
6938 -3.13000e+02
6983 -3.12000e+02
7114 -3.11000e+02
7305 -3.10000e+02
7413 -3.09000e+02
7490 -3.08000e+02
7576 -3.07000e+02
7665 -3.06000e+02
7744 -3.05000e+02
7765 -3.04000e+02
7882 -3.03000e+02
8019 -3.02000e+02
8033 -3.01000e+02
8243 -3.00000e+02
8275 -2.99000e+02
8309 -2.98000e+02
8377 -2.97000e+02
8532 -2.96000e+02
8578 -2.95000e+02
8654 -2.94000e+02
8751 -2.93000e+02
8820 -2.92000e+02
8925 -2.91000e+02
9078 -2.90000e+02
9168 -2.89000e+02
9248 -2.88000e+02
9362 -2.87000e+02
9430 -2.86000e+02
9512 -2.85000e+02
9553 -2.84000e+02
9668 -2.83000e+02
9785 -2.82000e+02
9886 -2.81000e+02
9897 -2.80000e+02
9951 -2.80000e+02
"function evaluation" "best-so-far f(x)"
1 -3.93000e+02
3 -3.92000e+02
23 -3.91000e+02
182 -3.90000e+02
262 -3.89000e+02
281 -3.88000e+02
346 -3.87000e+02
498 -3.86000e+02
502 -3.85000e+02
607 -3.84000e+02
813 -3.83000e+02
840 -3.82000e+02
921 -3.81000e+02
932 -3.80000e+02
1120 -3.79000e+02
1122 -3.78000e+02
1209 -3.77000e+02
1253 -3.76000e+02
1342 -3.75000e+02
1456 -3.74000e+02
1566 -3.73000e+02
1703 -3.72000e+02
1747 -3.71000e+02
1764 -3.70000e+02
1929 -3.69000e+02
1957 -3.68000e+02
2031 -3.67000e+02
2127 -3.65000e+02
2278 -3.64000e+02
2302 -3.63000e+02
2435 -3.62000e+02
2488 -3.61000e+02
2619 -3.60000e+02
2667 -3.59000e+02
2693 -3.58000e+02
2806 -3.57000e+02
2829 -3.56000e+02
2924 -3.54000e+02
2983 -3.53000e+02
3040 -3.52000e+02
3042 -3.51000e+02
3049 -3.50000e+02
3166 -3.49000e+02
3204 -3.48000e+02
3386 -3.47000e+02
3472 -3.46000e+02
3481 -3.45000e+02
3576 -3.44000e+02
3717 -3.43000e+02
3849 -3.42000e+02
3946 -3.41000e+02
3997 -3.40000e+02
4142 -3.39000e+02
4253 -3.38000e+02
4304 -3.37000e+02
4446 -3.35000e+02
4457 -3.34000e+02
4530 -3.33000e+02
4602 -3.32000e+02
4641 -3.31000e+02
4794 -3.30000e+02
4890 -3.29000e+02
4986 -3.28000e+02
5047 -3.27000e+02
5168 -3.26000e+02
5200 -3.25000e+02
5264 -3.24000e+02
5342 -3.23000e+02
5447 -3.22000e+02
5512 -3.21000e+02
5555 -3.20000e+02
5656 -3.18000e+02
5771 -3.16000e+02
5868 -3.15000e+02
5986 -3.14000e+02
6014 -3.13000e+02
6267 -3.12000e+02
6406 -3.11000e+02
6520 -3.10000e+02
6644 -3.09000e+02
6804 -3.08000e+02
6876 -3.07000e+02
6923 -3.06000e+02
7006 -3.05000e+02
7018 -3.04000e+02
7220 -3.03000e+02
7382 -3.02000e+02
7402 -3.01000e+02
7455 -3.00000e+02
7608 -2.99000e+02
7709 -2.98000e+02
7903 -2.97000e+02
7948 -2.96000e+02
8061 -2.95000e+02
8124 -2.94000e+02
8312 -2.93000e+02
8461 -2.92000e+02
8571 -2.91000e+02
8581 -2.90000e+02
8654 -2.89000e+02
8788 -2.88000e+02
8925 -2.87000e+02
8943 -2.86000e+02
9061 -2.85000e+02
9315 -2.84000e+02
9321 -2.83000e+02
9455 -2.82000e+02
9644 -2.81000e+02
9783 -2.79000e+02
9839 -2.78000e+02
9951 -2.78000e+02
"function evaluation" "best-so-far f(x)"
1 -3.93000e+02
6 -3.92000e+02
69 -3.91000e+02
181 -3.90000e+02
286 -3.89000e+02
379 -3.88000e+02
400 -3.87000e+02
548 -3.85000e+02
645 -3.84000e+02
713 -3.83000e+02
782 -3.82000e+02
871 -3.81000e+02
956 -3.80000e+02
1041 -3.79000e+02
1115 -3.78000e+02
1179 -3.77000e+02
1203 -3.76000e+02
1291 -3.75000e+02
1403 -3.74000e+02
1447 -3.73000e+02
1557 -3.72000e+02
1571 -3.71000e+02
1618 -3.70000e+02
1655 -3.69000e+02
1788 -3.68000e+02
1857 -3.67000e+02
1896 -3.66000e+02
1952 -3.65000e+02
2081 -3.64000e+02
2223 -3.63000e+02
2255 -3.62000e+02
2383 -3.61000e+02
2428 -3.60000e+02
2493 -3.59000e+02
2555 -3.58000e+02
2621 -3.57000e+02
2642 -3.56000e+02
2769 -3.55000e+02
2826 -3.54000e+02
2907 -3.53000e+02
2932 -3.52000e+02
2952 -3.51000e+02
2985 -3.50000e+02
3066 -3.49000e+02
3102 -3.48000e+02
3221 -3.47000e+02
3331 -3.46000e+02
3436 -3.45000e+02
3489 -3.44000e+02
3580 -3.43000e+02
3664 -3.42000e+02
3844 -3.41000e+02
3910 -3.40000e+02
3991 -3.39000e+02
4064 -3.38000e+02
4159 -3.37000e+02
4262 -3.36000e+02
4299 -3.35000e+02
4393 -3.34000e+02
4609 -3.33000e+02
4768 -3.32000e+02
4903 -3.31000e+02
4947 -3.30000e+02
4987 -3.29000e+02
5015 -3.28000e+02
5301 -3.27000e+02
5519 -3.26000e+02
5635 -3.25000e+02
5775 -3.24000e+02
5862 -3.23000e+02
5875 -3.22000e+02
5943 -3.21000e+02
6005 -3.20000e+02
6044 -3.19000e+02
6155 -3.18000e+02
6263 -3.17000e+02
6357 -3.16000e+02
6369 -3.15000e+02
6626 -3.14000e+02
6648 -3.12000e+02
6838 -3.11000e+02
6924 -3.09000e+02
6945 -3.08000e+02
6998 -3.07000e+02
7062 -3.06000e+02
7120 -3.05000e+02
7230 -3.04000e+02
7354 -3.03000e+02
7364 -3.02000e+02
7611 -3.01000e+02
7692 -3.00000e+02
7766 -2.99000e+02
7874 -2.98000e+02
8041 -2.97000e+02
8207 -2.96000e+02
8435 -2.95000e+02
8468 -2.94000e+02
8475 -2.93000e+02
8612 -2.92000e+02
8708 -2.91000e+02
8809 -2.90000e+02
8822 -2.89000e+02
8964 -2.88000e+02
9025 -2.87000e+02
9058 -2.86000e+02
9197 -2.85000e+02
9241 -2.84000e+02
9358 -2.83000e+02
9476 -2.82000e+02
9577 -2.81000e+02
9727 -2.80000e+02
9882 -2.79000e+02
9951 -2.79000e+02
"function evaluation" "best-so-far f(x)"
1 -3.93000e+02
14 -3.92000e+02
75 -3.91000e+02
83 -3.90000e+02
238 -3.89000e+02
296 -3.88000e+02
320 -3.86000e+02
398 -3.85000e+02
476 -3.84000e+02
513 -3.83000e+02
531 -3.82000e+02
619 -3.81000e+02
628 -3.80000e+02
765 -3.79000e+02
931 -3.78000e+02
983 -3.77000e+02
1087 -3.76000e+02
1249 -3.75000e+02
1318 -3.74000e+02
1367 -3.73000e+02
1383 -3.72000e+02
1481 -3.71000e+02
1515 -3.70000e+02
1669 -3.69000e+02
1733 -3.68000e+02
1923 -3.67000e+02
2020 -3.66000e+02
2032 -3.65000e+02
2123 -3.64000e+02
2205 -3.63000e+02
2331 -3.62000e+02
2418 -3.61000e+02
2491 -3.59000e+02
2558 -3.58000e+02
2662 -3.57000e+02
2742 -3.56000e+02
2783 -3.55000e+02
2855 -3.54000e+02
2911 -3.53000e+02
3032 -3.52000e+02
3142 -3.51000e+02
3245 -3.50000e+02
3467 -3.49000e+02
3599 -3.48000e+02
3723 -3.47000e+02
3848 -3.46000e+02
4091 -3.45000e+02
4141 -3.44000e+02
4251 -3.43000e+02
4288 -3.42000e+02
4391 -3.41000e+02
4480 -3.40000e+02
4636 -3.39000e+02
4666 -3.38000e+02
4864 -3.37000e+02
4964 -3.36000e+02
5118 -3.34000e+02
5189 -3.33000e+02
5259 -3.32000e+02
5323 -3.31000e+02
5434 -3.30000e+02
5679 -3.29000e+02
5780 -3.28000e+02
5864 -3.26000e+02
5995 -3.25000e+02
6168 -3.24000e+02
6314 -3.23000e+02
6391 -3.22000e+02
6414 -3.21000e+02
6543 -3.20000e+02
6701 -3.19000e+02
6784 -3.18000e+02
6860 -3.17000e+02
6927 -3.16000e+02
7013 -3.15000e+02
7086 -3.14000e+02
7146 -3.13000e+02
7272 -3.12000e+02
7415 -3.11000e+02
7458 -3.10000e+02
7533 -3.09000e+02
7683 -3.08000e+02
7777 -3.07000e+02
7840 -3.06000e+02
7925 -3.05000e+02
8119 -3.04000e+02
8152 -3.03000e+02
8360 -3.02000e+02
8684 -3.01000e+02
8804 -3.00000e+02
8906 -2.99000e+02
8987 -2.98000e+02
9116 -2.97000e+02
9220 -2.96000e+02
9266 -2.95000e+02
9353 -2.94000e+02
9449 -2.93000e+02
9768 -2.92000e+02
9885 -2.91000e+02
9951 -2.91000e+02
"function evaluation" "best-so-far f(x)"
1 -3.93000e+02
17 -3.92000e+02
57 -3.91000e+02
107 -3.90000e+02
149 -3.89000e+02
159 -3.88000e+02
189 -3.87000e+02
302 -3.86000e+02
370 -3.85000e+02
466 -3.83000e+02
516 -3.82000e+02
591 -3.81000e+02
726 -3.79000e+02
770 -3.78000e+02
851 -3.77000e+02
945 -3.76000e+02
1044 -3.75000e+02
1126 -3.74000e+02
1220 -3.73000e+02
1276 -3.72000e+02
1364 -3.71000e+02
1392 -3.69000e+02
1466 -3.68000e+02
1567 -3.67000e+02
1641 -3.66000e+02
1815 -3.65000e+02
1827 -3.64000e+02
1892 -3.63000e+02
1982 -3.62000e+02
2062 -3.61000e+02
2166 -3.60000e+02
2289 -3.59000e+02
2314 -3.58000e+02
2398 -3.57000e+02
2527 -3.56000e+02
2605 -3.55000e+02
2666 -3.54000e+02
2769 -3.53000e+02
2829 -3.52000e+02
2915 -3.51000e+02
2990 -3.50000e+02
3090 -3.49000e+02
3199 -3.47000e+02
3321 -3.46000e+02
3434 -3.45000e+02
3538 -3.44000e+02
3570 -3.43000e+02
3681 -3.42000e+02
3751 -3.41000e+02
3885 -3.40000e+02
3893 -3.39000e+02
3976 -3.38000e+02
4007 -3.37000e+02
4097 -3.36000e+02
4159 -3.35000e+02
4224 -3.33000e+02
4458 -3.32000e+02
4553 -3.31000e+02
4627 -3.30000e+02
4697 -3.29000e+02
4804 -3.28000e+02
4946 -3.27000e+02
5007 -3.26000e+02
5052 -3.25000e+02
5260 -3.23000e+02
5366 -3.22000e+02
5457 -3.21000e+02
5636 -3.20000e+02
5674 -3.19000e+02
5832 -3.18000e+02
5865 -3.17000e+02
5988 -3.16000e+02
6110 -3.15000e+02
6223 -3.14000e+02
6372 -3.13000e+02
6375 -3.12000e+02
6437 -3.11000e+02
6568 -3.10000e+02
6684 -3.09000e+02
6728 -3.08000e+02
6785 -3.07000e+02
6940 -3.06000e+02
7038 -3.05000e+02
7097 -3.04000e+02
7118 -3.03000e+02
7228 -3.02000e+02
7320 -3.01000e+02
7373 -3.00000e+02
7476 -2.99000e+02
7588 -2.98000e+02
7658 -2.96000e+02
7739 -2.95000e+02
7840 -2.94000e+02
7929 -2.93000e+02
8120 -2.92000e+02
8248 -2.91000e+02
8381 -2.90000e+02
8459 -2.89000e+02
8652 -2.88000e+02
8753 -2.87000e+02
8837 -2.86000e+02
8908 -2.85000e+02
9108 -2.83000e+02
9193 -2.82000e+02
9253 -2.81000e+02
9302 -2.80000e+02
9364 -2.79000e+02
9456 -2.78000e+02
9490 -2.77000e+02
9594 -2.76000e+02
9662 -2.75000e+02
9785 -2.74000e+02
9933 -2.73000e+02
9951 -2.73000e+02
"function evaluation" "best-so-far f(x)"
1 -3.93000e+02
21 -3.92000e+02
58 -3.91000e+02
143 -3.90000e+02
185 -3.89000e+02
217 -3.87000e+02
362 -3.86000e+02
449 -3.85000e+02
513 -3.84000e+02
643 -3.83000e+02
655 -3.82000e+02
735 -3.81000e+02
825 -3.80000e+02
890 -3.79000e+02
976 -3.78000e+02
1081 -3.77000e+02
1200 -3.76000e+02
1254 -3.75000e+02
1413 -3.74000e+02
1553 -3.72000e+02
1639 -3.71000e+02
1659 -3.70000e+02
1689 -3.69000e+02
1722 -3.68000e+02
1800 -3.67000e+02
1822 -3.66000e+02
1933 -3.65000e+02
2027 -3.63000e+02
2146 -3.62000e+02
2204 -3.61000e+02
2244 -3.60000e+02
2345 -3.59000e+02
2492 -3.58000e+02
2501 -3.56000e+02
2648 -3.55000e+02
2708 -3.54000e+02
2882 -3.53000e+02
3015 -3.52000e+02
3241 -3.51000e+02
3327 -3.50000e+02
3339 -3.49000e+02
3430 -3.47000e+02
3502 -3.46000e+02
3665 -3.45000e+02
3762 -3.44000e+02
3850 -3.43000e+02
3894 -3.42000e+02
4032 -3.41000e+02
4097 -3.40000e+02
4190 -3.39000e+02
4376 -3.38000e+02
4508 -3.37000e+02
4705 -3.36000e+02
4826 -3.35000e+02
4865 -3.34000e+02
4969 -3.33000e+02
5018 -3.32000e+02
5092 -3.31000e+02
5178 -3.30000e+02
5283 -3.29000e+02
5352 -3.28000e+02
5432 -3.27000e+02
5552 -3.26000e+02
5681 -3.25000e+02
5741 -3.24000e+02
5822 -3.23000e+02
5983 -3.22000e+02
5985 -3.21000e+02
6149 -3.20000e+02
6162 -3.19000e+02
6226 -3.18000e+02
6267 -3.17000e+02
6385 -3.15000e+02
6403 -3.13000e+02
6472 -3.12000e+02
6578 -3.11000e+02
6604 -3.10000e+02
6775 -3.09000e+02
6990 -3.08000e+02
7038 -3.07000e+02
7130 -3.06000e+02
7227 -3.05000e+02
7312 -3.03000e+02
7535 -3.02000e+02
7706 -3.01000e+02
7782 -3.00000e+02
7943 -2.99000e+02
7962 -2.98000e+02
8081 -2.96000e+02
8192 -2.95000e+02
8296 -2.94000e+02
8359 -2.93000e+02
8462 -2.92000e+02
8534 -2.91000e+02
8623 -2.90000e+02
8858 -2.89000e+02
8875 -2.88000e+02
8948 -2.87000e+02
9038 -2.86000e+02
9181 -2.85000e+02
9310 -2.84000e+02
9412 -2.83000e+02
9615 -2.82000e+02
9681 -2.81000e+02
9806 -2.80000e+02
9852 -2.79000e+02
9951 -2.79000e+02
"function evaluation" "best-so-far f(x)"
1 -3.93000e+02
13 -3.92000e+02
80 -3.91000e+02
175 -3.90000e+02
306 -3.89000e+02
349 -3.88000e+02
462 -3.87000e+02
476 -3.86000e+02
520 -3.85000e+02
560 -3.84000e+02
673 -3.83000e+02
727 -3.82000e+02
823 -3.81000e+02
839 -3.80000e+02
931 -3.79000e+02
1051 -3.78000e+02
1155 -3.77000e+02
1315 -3.76000e+02
1404 -3.75000e+02
1441 -3.74000e+02
1523 -3.73000e+02
1658 -3.71000e+02
1848 -3.70000e+02
1955 -3.69000e+02
2021 -3.68000e+02
2071 -3.67000e+02
2164 -3.66000e+02
2217 -3.65000e+02
2418 -3.64000e+02
2566 -3.63000e+02
2711 -3.62000e+02
2715 -3.61000e+02
2809 -3.60000e+02
2874 -3.58000e+02
2982 -3.57000e+02
3075 -3.56000e+02
3079 -3.55000e+02
3118 -3.54000e+02
3216 -3.53000e+02
3271 -3.52000e+02
3307 -3.51000e+02
3358 -3.50000e+02
3454 -3.49000e+02
3575 -3.48000e+02
3675 -3.47000e+02
3693 -3.45000e+02
3761 -3.44000e+02
3857 -3.43000e+02
3928 -3.42000e+02
3990 -3.41000e+02
4141 -3.40000e+02
4214 -3.39000e+02
4257 -3.38000e+02
4465 -3.37000e+02
4542 -3.36000e+02
4580 -3.35000e+02
4705 -3.34000e+02
4837 -3.33000e+02
4874 -3.32000e+02
5013 -3.31000e+02
5089 -3.30000e+02
5202 -3.29000e+02
5316 -3.28000e+02
5320 -3.27000e+02
5431 -3.26000e+02
5540 -3.25000e+02
5549 -3.24000e+02
5655 -3.23000e+02
5812 -3.22000e+02
5974 -3.21000e+02
6020 -3.20000e+02
6087 -3.19000e+02
6122 -3.18000e+02
6177 -3.17000e+02
6294 -3.16000e+02
6384 -3.15000e+02
6500 -3.14000e+02
6526 -3.13000e+02
6694 -3.12000e+02
6713 -3.10000e+02
6889 -3.09000e+02
7031 -3.08000e+02
7069 -3.07000e+02
7186 -3.06000e+02
7292 -3.05000e+02
7457 -3.04000e+02
7550 -3.03000e+02
7648 -3.02000e+02
7801 -3.01000e+02
7856 -3.00000e+02
8099 -2.99000e+02
8179 -2.98000e+02
8325 -2.97000e+02
8387 -2.96000e+02
8470 -2.95000e+02
8614 -2.94000e+02
8659 -2.93000e+02
8733 -2.92000e+02
8801 -2.91000e+02
8940 -2.90000e+02
9091 -2.89000e+02
9266 -2.88000e+02
9414 -2.87000e+02
9486 -2.86000e+02
9553 -2.84000e+02
9704 -2.83000e+02
9873 -2.82000e+02
9951 -2.82000e+02
"function evaluation" "best-so-far f(x)"
1 -3.93000e+02
9 -3.92000e+02
43 -3.91000e+02
179 -3.90000e+02
284 -3.89000e+02
328 -3.88000e+02
391 -3.87000e+02
557 -3.86000e+02
622 -3.84000e+02
827 -3.83000e+02
902 -3.82000e+02
905 -3.81000e+02
1134 -3.80000e+02
1198 -3.79000e+02
1238 -3.78000e+02
1371 -3.77000e+02
1464 -3.76000e+02
1545 -3.75000e+02
1622 -3.74000e+02
1649 -3.73000e+02
1717 -3.72000e+02
1826 -3.71000e+02
1870 -3.69000e+02
1986 -3.68000e+02
1997 -3.67000e+02
2049 -3.66000e+02
2074 -3.65000e+02
2190 -3.64000e+02
2276 -3.63000e+02
2291 -3.62000e+02
2350 -3.61000e+02
2432 -3.60000e+02
2498 -3.59000e+02
2564 -3.58000e+02
2751 -3.57000e+02
2818 -3.56000e+02
2843 -3.55000e+02
2847 -3.54000e+02
2887 -3.53000e+02
2952 -3.52000e+02
3007 -3.51000e+02
3041 -3.50000e+02
3148 -3.49000e+02
3213 -3.48000e+02
3274 -3.47000e+02
3355 -3.46000e+02
3608 -3.45000e+02
3674 -3.44000e+02
3691 -3.43000e+02
3723 -3.42000e+02
3729 -3.40000e+02
3803 -3.39000e+02
3816 -3.38000e+02
4057 -3.37000e+02
4094 -3.36000e+02
4249 -3.35000e+02
4385 -3.34000e+02
4552 -3.33000e+02
4600 -3.32000e+02
4732 -3.31000e+02
4837 -3.30000e+02
4938 -3.29000e+02
5089 -3.28000e+02
5265 -3.27000e+02
5307 -3.26000e+02
5484 -3.25000e+02
5744 -3.23000e+02
5831 -3.22000e+02
5959 -3.21000e+02
5985 -3.20000e+02
6107 -3.19000e+02
6168 -3.18000e+02
6187 -3.16000e+02
6376 -3.14000e+02
6485 -3.13000e+02
6557 -3.12000e+02
6604 -3.11000e+02
6739 -3.10000e+02
6864 -3.09000e+02
6935 -3.08000e+02
7056 -3.07000e+02
7074 -3.06000e+02
7205 -3.04000e+02
7293 -3.03000e+02
7503 -3.02000e+02
7575 -3.01000e+02
7588 -3.00000e+02
7716 -2.99000e+02
7920 -2.98000e+02
7929 -2.97000e+02
8158 -2.96000e+02
8284 -2.95000e+02
8316 -2.94000e+02
8371 -2.93000e+02
8558 -2.92000e+02
8749 -2.91000e+02
8793 -2.90000e+02
8885 -2.89000e+02
8967 -2.88000e+02
9010 -2.87000e+02
9097 -2.86000e+02
9155 -2.85000e+02
9206 -2.84000e+02
9362 -2.83000e+02
9417 -2.82000e+02
9511 -2.81000e+02
9589 -2.80000e+02
9802 -2.79000e+02
9869 -2.78000e+02
9951 -2.78000e+02
"function evaluation" "best-so-far f(x)"
1 -3.93000e+02
8 -3.92000e+02
67 -3.91000e+02
136 -3.90000e+02
238 -3.89000e+02
399 -3.88000e+02
533 -3.87000e+02
563 -3.86000e+02
649 -3.85000e+02
673 -3.84000e+02
778 -3.83000e+02
834 -3.82000e+02
875 -3.81000e+02
948 -3.80000e+02
1067 -3.79000e+02
1166 -3.78000e+02
1196 -3.77000e+02
1342 -3.76000e+02
1384 -3.75000e+02
1524 -3.74000e+02
1603 -3.73000e+02
1700 -3.72000e+02
1813 -3.71000e+02
1916 -3.70000e+02
1987 -3.69000e+02
2041 -3.68000e+02
2240 -3.67000e+02
2375 -3.66000e+02
2470 -3.65000e+02
2610 -3.64000e+02
2724 -3.63000e+02
2805 -3.62000e+02
2914 -3.61000e+02
3053 -3.60000e+02
3153 -3.59000e+02
3171 -3.58000e+02
3240 -3.57000e+02
3422 -3.56000e+02
3456 -3.55000e+02
3634 -3.54000e+02
3662 -3.53000e+02
3732 -3.52000e+02
3854 -3.51000e+02
3957 -3.50000e+02
4158 -3.49000e+02
4170 -3.48000e+02
4237 -3.47000e+02
4434 -3.46000e+02
4483 -3.45000e+02
4634 -3.44000e+02
4650 -3.43000e+02
4695 -3.42000e+02
4832 -3.41000e+02
4930 -3.40000e+02
5039 -3.39000e+02
5090 -3.38000e+02
5183 -3.37000e+02
5199 -3.36000e+02
5234 -3.35000e+02
5317 -3.34000e+02
5430 -3.33000e+02
5436 -3.32000e+02
5517 -3.31000e+02
5560 -3.30000e+02
5684 -3.29000e+02
5786 -3.28000e+02
5877 -3.27000e+02
6086 -3.26000e+02
6235 -3.25000e+02
6245 -3.24000e+02
6373 -3.23000e+02
6559 -3.22000e+02
6658 -3.21000e+02
6738 -3.20000e+02
6814 -3.19000e+02
6913 -3.18000e+02
6967 -3.17000e+02
7075 -3.16000e+02
7181 -3.15000e+02
7198 -3.14000e+02
7286 -3.12000e+02
7392 -3.11000e+02
7515 -3.10000e+02
7541 -3.08000e+02
7723 -3.07000e+02
7795 -3.06000e+02
7885 -3.05000e+02
8006 -3.04000e+02
8218 -3.03000e+02
8314 -3.02000e+02
8392 -3.01000e+02
8437 -2.99000e+02
8451 -2.98000e+02
8498 -2.97000e+02
8550 -2.96000e+02
8620 -2.95000e+02
8696 -2.94000e+02
8827 -2.93000e+02
8847 -2.92000e+02
8933 -2.91000e+02
9043 -2.90000e+02
9202 -2.89000e+02
9328 -2.88000e+02
9359 -2.87000e+02
9397 -2.86000e+02
9529 -2.85000e+02
9623 -2.84000e+02
9660 -2.83000e+02
9855 -2.82000e+02
9884 -2.81000e+02
9951 -2.81000e+02
