"function evaluation" "best-so-far f(x)"
1 -3.93000e+02
6 -3.91000e+02
101 -3.90000e+02
440 -3.89000e+02
496 -3.88000e+02
602 -3.87000e+02
657 -3.86000e+02
742 -3.85000e+02
956 -3.84000e+02
971 -3.83000e+02
1075 -3.81000e+02
1240 -3.80000e+02
1378 -3.79000e+02
1604 -3.78000e+02
1727 -3.77000e+02
1839 -3.76000e+02
1921 -3.75000e+02
1975 -3.74000e+02
2018 -3.73000e+02
2110 -3.72000e+02
2259 -3.71000e+02
2390 -3.70000e+02
2456 -3.69000e+02
2492 -3.67000e+02
2665 -3.66000e+02
2780 -3.65000e+02
2897 -3.64000e+02
2916 -3.63000e+02
3045 -3.62000e+02
3048 -3.61000e+02
3110 -3.60000e+02
3149 -3.59000e+02
3192 -3.58000e+02
3223 -3.57000e+02
3391 -3.56000e+02
3439 -3.55000e+02
3723 -3.54000e+02
3920 -3.52000e+02
4100 -3.51000e+02
4114 -3.50000e+02
4326 -3.49000e+02
4398 -3.48000e+02
4433 -3.47000e+02
4492 -3.46000e+02
4573 -3.45000e+02
4667 -3.44000e+02
4713 -3.43000e+02
4875 -3.42000e+02
4938 -3.41000e+02
4977 -3.40000e+02
5076 -3.39000e+02
5107 -3.37000e+02
5174 -3.36000e+02
5249 -3.35000e+02
5251 -3.33000e+02
5337 -3.32000e+02
5388 -3.31000e+02
5417 -3.30000e+02
5594 -3.29000e+02
5707 -3.28000e+02
5827 -3.27000e+02
5896 -3.26000e+02
6069 -3.25000e+02
6278 -3.24000e+02
6396 -3.23000e+02
6514 -3.22000e+02
6835 -3.21000e+02
6862 -3.20000e+02
7089 -3.19000e+02
7123 -3.18000e+02
7167 -3.17000e+02
7225 -3.16000e+02
7445 -3.15000e+02
7491 -3.14000e+02
7502 -3.13000e+02
7689 -3.12000e+02
7796 -3.11000e+02
7865 -3.10000e+02
7936 -3.09000e+02
8060 -3.08000e+02
8141 -3.07000e+02
8201 -3.06000e+02
8264 -3.05000e+02
8293 -3.03000e+02
8332 -3.02000e+02
8534 -3.01000e+02
8580 -3.00000e+02
8760 -2.99000e+02
8816 -2.98000e+02
8929 -2.97000e+02
8938 -2.96000e+02
9024 -2.95000e+02
9150 -2.94000e+02
9328 -2.93000e+02
9505 -2.92000e+02
9608 -2.91000e+02
9681 -2.90000e+02
9761 -2.89000e+02
9859 -2.88000e+02
9881 -2.87000e+02
9943 -2.86000e+02
9951 -2.86000e+02
"function evaluation" "best-so-far f(x)"
1 -3.93000e+02
5 -3.92000e+02
86 -3.91000e+02
152 -3.90000e+02
227 -3.89000e+02
365 -3.88000e+02
395 -3.87000e+02
548 -3.86000e+02
614 -3.85000e+02
671 -3.84000e+02
739 -3.83000e+02
782 -3.82000e+02
829 -3.81000e+02
983 -3.80000e+02
1029 -3.79000e+02
1213 -3.78000e+02
1298 -3.77000e+02
1330 -3.76000e+02
1397 -3.75000e+02
1472 -3.74000e+02
1546 -3.73000e+02
1617 -3.72000e+02
1784 -3.71000e+02
1862 -3.70000e+02
1958 -3.69000e+02
2073 -3.68000e+02
2149 -3.67000e+02
2272 -3.66000e+02
2348 -3.65000e+02
2503 -3.64000e+02
2641 -3.63000e+02
2828 -3.62000e+02
2836 -3.61000e+02
2985 -3.60000e+02
3018 -3.59000e+02
3145 -3.58000e+02
3263 -3.57000e+02
3340 -3.56000e+02
3502 -3.55000e+02
3552 -3.54000e+02
3622 -3.53000e+02
3743 -3.52000e+02
3771 -3.51000e+02
3932 -3.50000e+02
4123 -3.49000e+02
4252 -3.48000e+02
4317 -3.47000e+02
4399 -3.46000e+02
4558 -3.45000e+02
4719 -3.44000e+02
4733 -3.43000e+02
4756 -3.42000e+02
4922 -3.41000e+02
5013 -3.40000e+02
5119 -3.39000e+02
5178 -3.38000e+02
5330 -3.36000e+02
5422 -3.35000e+02
5503 -3.34000e+02
5570 -3.33000e+02
5651 -3.32000e+02
5838 -3.31000e+02
5948 -3.30000e+02
6025 -3.29000e+02
6234 -3.28000e+02
6408 -3.27000e+02
6474 -3.26000e+02
6610 -3.25000e+02
6701 -3.24000e+02
6827 -3.23000e+02
6940 -3.22000e+02
7041 -3.21000e+02
7176 -3.20000e+02
7273 -3.19000e+02
7431 -3.18000e+02
7510 -3.17000e+02
7564 -3.16000e+02
7633 -3.15000e+02
7740 -3.14000e+02
8056 -3.13000e+02
8226 -3.12000e+02
8239 -3.11000e+02
8442 -3.10000e+02
8583 -3.09000e+02
8619 -3.08000e+02
8767 -3.07000e+02
8916 -3.06000e+02
9052 -3.05000e+02
9121 -3.04000e+02
9317 -3.03000e+02
9439 -3.02000e+02
9549 -3.01000e+02
9643 -3.00000e+02
9726 -2.99000e+02
9805 -2.98000e+02
9951 -2.98000e+02
"function evaluation" "best-so-far f(x)"
1 -3.93000e+02
22 -3.92000e+02
88 -3.90000e+02
139 -3.89000e+02
170 -3.88000e+02
184 -3.87000e+02
217 -3.86000e+02
278 -3.85000e+02
284 -3.84000e+02
341 -3.83000e+02
440 -3.82000e+02
518 -3.81000e+02
636 -3.80000e+02
641 -3.79000e+02
817 -3.78000e+02
885 -3.77000e+02
919 -3.76000e+02
1070 -3.75000e+02
1236 -3.74000e+02
1305 -3.73000e+02
1398 -3.72000e+02
1548 -3.71000e+02
1585 -3.70000e+02
1644 -3.69000e+02
1672 -3.68000e+02
1684 -3.67000e+02
1714 -3.66000e+02
1772 -3.65000e+02
1890 -3.64000e+02
1978 -3.63000e+02
2219 -3.62000e+02
2351 -3.61000e+02
2448 -3.60000e+02
2792 -3.59000e+02
2880 -3.58000e+02
3256 -3.57000e+02
3424 -3.56000e+02
3564 -3.55000e+02
3732 -3.53000e+02
3747 -3.52000e+02
3788 -3.51000e+02
3838 -3.50000e+02
3893 -3.49000e+02
4132 -3.48000e+02
4171 -3.47000e+02
4304 -3.46000e+02
4374 -3.45000e+02
4418 -3.44000e+02
4516 -3.43000e+02
4533 -3.42000e+02
4564 -3.41000e+02
4598 -3.40000e+02
4735 -3.39000e+02
4918 -3.38000e+02
4924 -3.37000e+02
4926 -3.36000e+02
5084 -3.35000e+02
5272 -3.34000e+02
5441 -3.33000e+02
5593 -3.32000e+02
5720 -3.31000e+02
5875 -3.30000e+02
5908 -3.29000e+02
6007 -3.28000e+02
6207 -3.27000e+02
6244 -3.26000e+02
6460 -3.25000e+02
6496 -3.24000e+02
6548 -3.23000e+02
6554 -3.22000e+02
6728 -3.21000e+02
6772 -3.20000e+02
6819 -3.19000e+02
6862 -3.18000e+02
6879 -3.17000e+02
6935 -3.16000e+02
6999 -3.15000e+02
7069 -3.14000e+02
7188 -3.13000e+02
7315 -3.12000e+02
7387 -3.11000e+02
7513 -3.10000e+02
7558 -3.09000e+02
7702 -3.08000e+02
7809 -3.07000e+02
7922 -3.06000e+02
8137 -3.05000e+02
8209 -3.04000e+02
8509 -3.02000e+02
8672 -3.01000e+02
8881 -3.00000e+02
8991 -2.99000e+02
9172 -2.97000e+02
9273 -2.96000e+02
9392 -2.94000e+02
9504 -2.93000e+02
9563 -2.92000e+02
9614 -2.91000e+02
9896 -2.89000e+02
9922 -2.88000e+02
9951 -2.88000e+02
"function evaluation" "best-so-far f(x)"
1 -3.93000e+02
10 -3.92000e+02
66 -3.91000e+02
229 -3.90000e+02
362 -3.89000e+02
433 -3.88000e+02
463 -3.86000e+02
602 -3.85000e+02
691 -3.84000e+02
741 -3.83000e+02
769 -3.82000e+02
994 -3.81000e+02
1071 -3.80000e+02
1206 -3.79000e+02
1366 -3.78000e+02
1555 -3.77000e+02
1702 -3.76000e+02
1770 -3.75000e+02
1956 -3.73000e+02
2033 -3.72000e+02
2059 -3.71000e+02
2235 -3.70000e+02
2274 -3.69000e+02
2376 -3.68000e+02
2491 -3.67000e+02
2570 -3.66000e+02
2732 -3.65000e+02
2735 -3.64000e+02
2838 -3.63000e+02
2858 -3.62000e+02
3130 -3.60000e+02
3321 -3.59000e+02
3345 -3.58000e+02
3441 -3.57000e+02
3573 -3.56000e+02
3762 -3.55000e+02
3852 -3.54000e+02
3993 -3.53000e+02
4067 -3.52000e+02
4070 -3.51000e+02
4181 -3.50000e+02
4271 -3.49000e+02
4282 -3.48000e+02
4322 -3.46000e+02
4332 -3.45000e+02
4484 -3.43000e+02
4628 -3.42000e+02
4755 -3.40000e+02
4879 -3.39000e+02
4996 -3.38000e+02
5320 -3.37000e+02
5345 -3.36000e+02
5492 -3.35000e+02
5509 -3.34000e+02
5588 -3.33000e+02
5661 -3.31000e+02
5844 -3.30000e+02
5911 -3.29000e+02
6066 -3.28000e+02
6187 -3.27000e+02
6267 -3.26000e+02
6382 -3.25000e+02
6415 -3.24000e+02
6493 -3.23000e+02
6608 -3.22000e+02
6692 -3.21000e+02
6877 -3.20000e+02
6932 -3.19000e+02
7027 -3.18000e+02
7084 -3.17000e+02
7207 -3.16000e+02
7304 -3.15000e+02
7397 -3.14000e+02
7433 -3.13000e+02
7554 -3.11000e+02
7654 -3.10000e+02
7716 -3.08000e+02
8011 -3.07000e+02
8091 -3.06000e+02
8211 -3.05000e+02
8355 -3.04000e+02
8413 -3.03000e+02
8535 -3.02000e+02
8567 -3.01000e+02
8681 -2.99000e+02
8793 -2.98000e+02
8898 -2.97000e+02
8934 -2.96000e+02
9288 -2.95000e+02
9366 -2.94000e+02
9532 -2.93000e+02
9615 -2.92000e+02
9735 -2.91000e+02
9748 -2.90000e+02
9794 -2.89000e+02
9851 -2.88000e+02
9951 -2.88000e+02
"function evaluation" "best-so-far f(x)"
1 -3.93000e+02
27 -3.91000e+02
95 -3.90000e+02
163 -3.89000e+02
328 -3.88000e+02
444 -3.87000e+02
503 -3.86000e+02
653 -3.85000e+02
714 -3.84000e+02
763 -3.83000e+02
972 -3.82000e+02
1113 -3.81000e+02
1259 -3.80000e+02
1453 -3.79000e+02
1543 -3.78000e+02
1590 -3.77000e+02
1752 -3.76000e+02
1830 -3.75000e+02
2093 -3.74000e+02
2186 -3.73000e+02
2233 -3.72000e+02
2308 -3.71000e+02
2340 -3.70000e+02
2418 -3.69000e+02
2503 -3.68000e+02
2549 -3.67000e+02
2673 -3.66000e+02
2784 -3.65000e+02
2833 -3.63000e+02
2857 -3.62000e+02
3227 -3.61000e+02
3459 -3.60000e+02
3554 -3.58000e+02
3729 -3.57000e+02
3808 -3.56000e+02
3889 -3.55000e+02
4003 -3.54000e+02
4096 -3.53000e+02
4225 -3.52000e+02
4299 -3.51000e+02
4336 -3.49000e+02
4404 -3.48000e+02
4582 -3.46000e+02
4719 -3.45000e+02
4889 -3.44000e+02
5014 -3.43000e+02
5132 -3.42000e+02
5224 -3.41000e+02
5342 -3.40000e+02
5583 -3.39000e+02
5686 -3.38000e+02
5885 -3.37000e+02
6007 -3.36000e+02
6125 -3.35000e+02
6182 -3.34000e+02
6232 -3.33000e+02
6562 -3.32000e+02
6616 -3.31000e+02
6771 -3.30000e+02
6791 -3.29000e+02
6825 -3.28000e+02
6914 -3.27000e+02
7035 -3.26000e+02
7183 -3.25000e+02
7371 -3.24000e+02
7394 -3.23000e+02
7541 -3.22000e+02
7633 -3.21000e+02
7743 -3.20000e+02
7932 -3.19000e+02
8036 -3.18000e+02
8090 -3.17000e+02
8261 -3.16000e+02
8406 -3.14000e+02
8515 -3.13000e+02
8541 -3.12000e+02
8562 -3.11000e+02
8832 -3.10000e+02
9001 -3.09000e+02
9049 -3.08000e+02
9160 -3.07000e+02
9229 -3.06000e+02
9362 -3.05000e+02
9398 -3.04000e+02
9476 -3.03000e+02
9604 -3.02000e+02
9705 -3.01000e+02
9796 -3.00000e+02
9850 -2.99000e+02
9922 -2.98000e+02
9951 -2.98000e+02
"function evaluation" "best-so-far f(x)"
1 -3.93000e+02
4 -3.92000e+02
87 -3.91000e+02
218 -3.90000e+02
235 -3.89000e+02
391 -3.88000e+02
501 -3.87000e+02
568 -3.86000e+02
642 -3.85000e+02
690 -3.84000e+02
770 -3.83000e+02
780 -3.82000e+02
861 -3.81000e+02
947 -3.80000e+02
1067 -3.79000e+02
1089 -3.78000e+02
1343 -3.77000e+02
1404 -3.76000e+02
1526 -3.75000e+02
1545 -3.74000e+02
1648 -3.73000e+02
1704 -3.72000e+02
1939 -3.71000e+02
1976 -3.70000e+02
2121 -3.69000e+02
2225 -3.68000e+02
2277 -3.67000e+02
2349 -3.66000e+02
2357 -3.65000e+02
2417 -3.63000e+02
2477 -3.62000e+02
2528 -3.61000e+02
2661 -3.60000e+02
2670 -3.59000e+02
2746 -3.58000e+02
2939 -3.57000e+02
2971 -3.55000e+02
3090 -3.54000e+02
3128 -3.53000e+02
3216 -3.52000e+02
3281 -3.51000e+02
3412 -3.50000e+02
3491 -3.49000e+02
3515 -3.48000e+02
3586 -3.47000e+02
3696 -3.46000e+02
3845 -3.45000e+02
3896 -3.44000e+02
4014 -3.43000e+02
4108 -3.42000e+02
4308 -3.41000e+02
4361 -3.40000e+02
4542 -3.39000e+02
4668 -3.38000e+02
4781 -3.36000e+02
4866 -3.35000e+02
4929 -3.34000e+02
4946 -3.33000e+02
5095 -3.32000e+02
5243 -3.31000e+02
5285 -3.30000e+02
5447 -3.29000e+02
5565 -3.28000e+02
5751 -3.27000e+02
5805 -3.26000e+02
5820 -3.25000e+02
6040 -3.24000e+02
6292 -3.23000e+02
6480 -3.22000e+02
6497 -3.21000e+02
6572 -3.20000e+02
6722 -3.19000e+02
6892 -3.18000e+02
6980 -3.17000e+02
7107 -3.16000e+02
7267 -3.15000e+02
7438 -3.14000e+02
7594 -3.12000e+02
7729 -3.11000e+02
7783 -3.10000e+02
7862 -3.09000e+02
7931 -3.08000e+02
7987 -3.07000e+02
8062 -3.06000e+02
8076 -3.05000e+02
8140 -3.04000e+02
8237 -3.03000e+02
8338 -3.02000e+02
8492 -3.01000e+02
8548 -3.00000e+02
8652 -2.99000e+02
8829 -2.98000e+02
9007 -2.97000e+02
9098 -2.96000e+02
9170 -2.95000e+02
9316 -2.94000e+02
9471 -2.93000e+02
9655 -2.92000e+02
9796 -2.91000e+02
9850 -2.90000e+02
9901 -2.89000e+02
9951 -2.89000e+02
"function evaluation" "best-so-far f(x)"
1 -3.93000e+02
12 -3.92000e+02
89 -3.91000e+02
127 -3.90000e+02
182 -3.89000e+02
369 -3.88000e+02
421 -3.87000e+02
541 -3.86000e+02
543 -3.85000e+02
621 -3.84000e+02
700 -3.83000e+02
957 -3.82000e+02
1021 -3.81000e+02
1044 -3.80000e+02
1083 -3.79000e+02
1287 -3.78000e+02
1315 -3.77000e+02
1358 -3.76000e+02
1428 -3.75000e+02
1653 -3.74000e+02
1816 -3.73000e+02
1844 -3.72000e+02
1893 -3.71000e+02
1962 -3.70000e+02
1976 -3.69000e+02
2143 -3.68000e+02
2241 -3.67000e+02
2345 -3.66000e+02
2557 -3.65000e+02
2609 -3.64000e+02
2731 -3.63000e+02
2823 -3.62000e+02
2991 -3.61000e+02
3156 -3.60000e+02
3306 -3.59000e+02
3386 -3.58000e+02
3479 -3.57000e+02
3516 -3.56000e+02
3544 -3.55000e+02
3642 -3.54000e+02
3673 -3.53000e+02
3750 -3.52000e+02
3811 -3.51000e+02
3853 -3.50000e+02
3945 -3.49000e+02
4034 -3.48000e+02
4081 -3.47000e+02
4139 -3.46000e+02
4278 -3.45000e+02
4353 -3.44000e+02
4479 -3.43000e+02
4519 -3.42000e+02
4536 -3.41000e+02
4624 -3.40000e+02
4769 -3.39000e+02
4788 -3.38000e+02
4864 -3.37000e+02
4911 -3.36000e+02
5009 -3.34000e+02
5092 -3.33000e+02
5120 -3.32000e+02
5276 -3.30000e+02
5362 -3.29000e+02
5419 -3.28000e+02
5596 -3.27000e+02
5758 -3.26000e+02
5823 -3.25000e+02
6134 -3.24000e+02
6237 -3.23000e+02
6252 -3.22000e+02
6354 -3.21000e+02
6472 -3.20000e+02
6528 -3.19000e+02
6581 -3.18000e+02
6657 -3.17000e+02
6694 -3.16000e+02
6824 -3.15000e+02
6959 -3.14000e+02
7055 -3.12000e+02
7129 -3.11000e+02
7130 -3.10000e+02
7153 -3.09000e+02
7217 -3.08000e+02
7340 -3.07000e+02
7450 -3.06000e+02
7561 -3.05000e+02
7643 -3.04000e+02
7731 -3.03000e+02
7792 -3.02000e+02
7846 -3.01000e+02
7868 -3.00000e+02
7961 -2.99000e+02
8100 -2.98000e+02
8273 -2.97000e+02
8285 -2.96000e+02
8505 -2.95000e+02
8713 -2.94000e+02
8868 -2.93000e+02
9249 -2.92000e+02
9489 -2.91000e+02
9586 -2.90000e+02
9723 -2.89000e+02
9800 -2.88000e+02
9951 -2.88000e+02
"function evaluation" "best-so-far f(x)"
1 -3.93000e+02
36 -3.92000e+02
68 -3.91000e+02
282 -3.90000e+02
391 -3.89000e+02
426 -3.88000e+02
498 -3.87000e+02
676 -3.86000e+02
725 -3.85000e+02
840 -3.84000e+02
948 -3.83000e+02
983 -3.82000e+02
1008 -3.81000e+02
1052 -3.80000e+02
1162 -3.79000e+02
1302 -3.78000e+02
1385 -3.77000e+02
1438 -3.76000e+02
1603 -3.75000e+02
1686 -3.74000e+02
1834 -3.73000e+02
1951 -3.72000e+02
2017 -3.71000e+02
2060 -3.70000e+02
2158 -3.69000e+02
2284 -3.68000e+02
2331 -3.67000e+02
2374 -3.66000e+02
2496 -3.65000e+02
2572 -3.64000e+02
2639 -3.63000e+02
2750 -3.62000e+02
2829 -3.61000e+02
3067 -3.59000e+02
3263 -3.58000e+02
3452 -3.57000e+02
3643 -3.56000e+02
3724 -3.55000e+02
3813 -3.54000e+02
4058 -3.53000e+02
4178 -3.52000e+02
4400 -3.51000e+02
4555 -3.50000e+02
4626 -3.49000e+02
4689 -3.48000e+02
4752 -3.47000e+02
4852 -3.46000e+02
4944 -3.45000e+02
5041 -3.44000e+02
5108 -3.43000e+02
5241 -3.42000e+02
5368 -3.41000e+02
5574 -3.40000e+02
5680 -3.39000e+02
5853 -3.38000e+02
5856 -3.37000e+02
6135 -3.36000e+02
6246 -3.35000e+02
6333 -3.34000e+02
6385 -3.32000e+02
6566 -3.31000e+02
6723 -3.30000e+02
6837 -3.29000e+02
6992 -3.28000e+02
7222 -3.27000e+02
7354 -3.26000e+02
7373 -3.25000e+02
7482 -3.24000e+02
7534 -3.23000e+02
7613 -3.22000e+02
7735 -3.21000e+02
7860 -3.20000e+02
7869 -3.19000e+02
7908 -3.18000e+02
7943 -3.17000e+02
8055 -3.16000e+02
8182 -3.15000e+02
8230 -3.14000e+02
8310 -3.13000e+02
8364 -3.12000e+02
8428 -3.11000e+02
8516 -3.10000e+02
8656 -3.09000e+02
8695 -3.08000e+02
8808 -3.07000e+02
8959 -3.06000e+02
9055 -3.05000e+02
9263 -3.04000e+02
9394 -3.03000e+02
9669 -3.02000e+02
9708 -3.01000e+02
9787 -3.00000e+02
9865 -2.99000e+02
9925 -2.98000e+02
9951 -2.98000e+02
"function evaluation" "best-so-far f(x)"
1 -3.93000e+02
24 -3.92000e+02
68 -3.91000e+02
211 -3.90000e+02
276 -3.89000e+02
350 -3.87000e+02
522 -3.86000e+02
627 -3.85000e+02
673 -3.84000e+02
776 -3.83000e+02
851 -3.82000e+02
874 -3.81000e+02
1137 -3.80000e+02
1185 -3.79000e+02
1264 -3.78000e+02
1280 -3.76000e+02
1355 -3.75000e+02
1513 -3.74000e+02
1585 -3.73000e+02
1627 -3.72000e+02
1789 -3.71000e+02
1816 -3.70000e+02
1922 -3.69000e+02
1982 -3.68000e+02
2092 -3.67000e+02
2186 -3.66000e+02
2270 -3.65000e+02
2324 -3.64000e+02
2411 -3.63000e+02
2624 -3.62000e+02
2764 -3.61000e+02
2904 -3.60000e+02
2918 -3.59000e+02
2981 -3.58000e+02
3023 -3.57000e+02
3185 -3.56000e+02
3329 -3.55000e+02
3378 -3.54000e+02
3396 -3.53000e+02
3434 -3.51000e+02
3536 -3.50000e+02
3749 -3.49000e+02
3886 -3.48000e+02
3909 -3.47000e+02
3975 -3.46000e+02
4201 -3.45000e+02
4234 -3.44000e+02
4381 -3.43000e+02
4497 -3.42000e+02
4585 -3.41000e+02
4747 -3.39000e+02
4770 -3.38000e+02
4888 -3.37000e+02
4964 -3.36000e+02
5016 -3.35000e+02
5061 -3.34000e+02
5186 -3.33000e+02
5211 -3.32000e+02
5367 -3.31000e+02
5383 -3.29000e+02
5442 -3.28000e+02
5545 -3.27000e+02
5635 -3.26000e+02
5655 -3.25000e+02
5795 -3.23000e+02
5934 -3.22000e+02
5947 -3.21000e+02
6090 -3.20000e+02
6159 -3.19000e+02
6264 -3.17000e+02
6370 -3.16000e+02
6409 -3.15000e+02
6681 -3.14000e+02
6786 -3.13000e+02
6922 -3.11000e+02
6933 -3.10000e+02
7062 -3.08000e+02
7136 -3.07000e+02
7203 -3.06000e+02
7248 -3.05000e+02
7311 -3.04000e+02
7510 -3.03000e+02
7619 -3.02000e+02
7851 -3.01000e+02
7904 -3.00000e+02
8083 -2.99000e+02
8225 -2.97000e+02
8278 -2.96000e+02
8456 -2.95000e+02
8491 -2.94000e+02
8640 -2.93000e+02
8670 -2.92000e+02
8777 -2.91000e+02
8923 -2.90000e+02
9055 -2.89000e+02
9121 -2.88000e+02
9255 -2.87000e+02
9326 -2.86000e+02
9552 -2.85000e+02
9584 -2.84000e+02
9784 -2.83000e+02
9909 -2.82000e+02
9951 -2.82000e+02
"function evaluation" "best-so-far f(x)"
1 -3.93000e+02
14 -3.92000e+02
174 -3.91000e+02
268 -3.90000e+02
324 -3.89000e+02
342 -3.88000e+02
413 -3.87000e+02
432 -3.86000e+02
491 -3.85000e+02
547 -3.84000e+02
551 -3.83000e+02
607 -3.82000e+02
637 -3.81000e+02
735 -3.80000e+02
821 -3.79000e+02
927 -3.78000e+02
982 -3.77000e+02
1032 -3.76000e+02
1121 -3.75000e+02
1204 -3.73000e+02
1331 -3.72000e+02
1415 -3.71000e+02
1435 -3.70000e+02
1511 -3.69000e+02
1532 -3.68000e+02
1645 -3.67000e+02
1821 -3.66000e+02
1861 -3.65000e+02
1862 -3.64000e+02
1949 -3.63000e+02
2123 -3.62000e+02
2297 -3.61000e+02
2413 -3.60000e+02
2552 -3.59000e+02
2691 -3.58000e+02
2769 -3.57000e+02
2826 -3.56000e+02
2978 -3.55000e+02
3097 -3.54000e+02
3174 -3.52000e+02
3210 -3.51000e+02
3321 -3.50000e+02
3478 -3.49000e+02
3550 -3.48000e+02
3589 -3.47000e+02
3628 -3.46000e+02
3646 -3.45000e+02
3731 -3.44000e+02
3833 -3.43000e+02
4039 -3.42000e+02
4092 -3.41000e+02
4166 -3.40000e+02
4312 -3.39000e+02
4383 -3.38000e+02
4448 -3.37000e+02
4543 -3.36000e+02
4710 -3.35000e+02
4877 -3.34000e+02
5004 -3.33000e+02
5038 -3.32000e+02
5106 -3.31000e+02
5271 -3.30000e+02
5372 -3.29000e+02
5407 -3.28000e+02
5607 -3.27000e+02
5728 -3.26000e+02
5851 -3.25000e+02
5892 -3.24000e+02
6027 -3.23000e+02
6036 -3.22000e+02
6257 -3.20000e+02
6396 -3.19000e+02
6479 -3.18000e+02
6622 -3.17000e+02
6707 -3.16000e+02
6864 -3.15000e+02
7132 -3.14000e+02
7217 -3.13000e+02
7387 -3.12000e+02
7409 -3.11000e+02
7548 -3.09000e+02
7681 -3.08000e+02
7829 -3.07000e+02
7874 -3.06000e+02
8102 -3.05000e+02
8209 -3.04000e+02
8293 -3.03000e+02
8350 -3.02000e+02
8451 -3.01000e+02
8568 -3.00000e+02
8614 -2.99000e+02
8830 -2.98000e+02
8944 -2.97000e+02
9019 -2.96000e+02
9111 -2.95000e+02
9285 -2.94000e+02
9379 -2.93000e+02
9467 -2.91000e+02
9523 -2.90000e+02
9726 -2.89000e+02
9951 -2.89000e+02
"function evaluation" "best-so-far f(x)"
1 -3.93000e+02
3 -3.91000e+02
168 -3.90000e+02
177 -3.89000e+02
243 -3.88000e+02
352 -3.87000e+02
484 -3.86000e+02
603 -3.85000e+02
638 -3.84000e+02
753 -3.82000e+02
893 -3.81000e+02
1079 -3.80000e+02
1115 -3.79000e+02
1252 -3.78000e+02
1386 -3.77000e+02
1406 -3.76000e+02
1609 -3.75000e+02
1764 -3.74000e+02
1823 -3.73000e+02
1869 -3.72000e+02
1997 -3.71000e+02
2038 -3.70000e+02
2095 -3.69000e+02
2224 -3.68000e+02
2398 -3.67000e+02
2491 -3.66000e+02
2543 -3.65000e+02
2595 -3.64000e+02
2611 -3.63000e+02
2841 -3.62000e+02
2844 -3.61000e+02
2914 -3.60000e+02
2987 -3.59000e+02
3021 -3.58000e+02
3072 -3.57000e+02
3232 -3.56000e+02
3323 -3.55000e+02
3329 -3.54000e+02
3510 -3.53000e+02
3739 -3.52000e+02
3836 -3.51000e+02
3872 -3.50000e+02
3923 -3.49000e+02
3966 -3.48000e+02
4010 -3.47000e+02
4193 -3.46000e+02
4226 -3.45000e+02
4256 -3.44000e+02
4317 -3.43000e+02
4352 -3.42000e+02
4486 -3.41000e+02
4662 -3.40000e+02
4733 -3.39000e+02
4751 -3.38000e+02
4792 -3.37000e+02
4874 -3.36000e+02
5027 -3.35000e+02
5045 -3.34000e+02
5136 -3.33000e+02
5274 -3.32000e+02
5312 -3.31000e+02
5378 -3.30000e+02
5604 -3.29000e+02
5622 -3.28000e+02
5845 -3.27000e+02
5920 -3.26000e+02
5936 -3.25000e+02
5952 -3.24000e+02
5978 -3.23000e+02
6110 -3.22000e+02
6273 -3.21000e+02
6400 -3.20000e+02
6418 -3.19000e+02
6528 -3.18000e+02
6588 -3.17000e+02
6678 -3.16000e+02
6847 -3.15000e+02
6857 -3.14000e+02
6977 -3.13000e+02
7126 -3.12000e+02
7185 -3.11000e+02
7414 -3.10000e+02
7496 -3.09000e+02
7518 -3.08000e+02
7725 -3.07000e+02
7820 -3.06000e+02
7859 -3.05000e+02
7884 -3.04000e+02
8059 -3.03000e+02
8206 -3.02000e+02
8219 -3.01000e+02
8229 -3.00000e+02
8381 -2.99000e+02
8469 -2.98000e+02
8610 -2.97000e+02
8741 -2.96000e+02
8790 -2.95000e+02
8898 -2.94000e+02
8965 -2.93000e+02
9024 -2.92000e+02
9105 -2.91000e+02
9184 -2.90000e+02
9249 -2.89000e+02
9335 -2.88000e+02
9398 -2.87000e+02
9610 -2.86000e+02
9697 -2.85000e+02
9740 -2.84000e+02
9767 -2.83000e+02
9844 -2.82000e+02
9951 -2.82000e+02
"function evaluation" "best-so-far f(x)"
1 -3.93000e+02
8 -3.92000e+02
43 -3.91000e+02
190 -3.90000e+02
377 -3.89000e+02
543 -3.88000e+02
572 -3.87000e+02
779 -3.86000e+02
941 -3.85000e+02
979 -3.84000e+02
1073 -3.83000e+02
1108 -3.82000e+02
1225 -3.81000e+02
1234 -3.80000e+02
1415 -3.79000e+02
1475 -3.78000e+02
1536 -3.77000e+02
1593 -3.76000e+02
1701 -3.75000e+02
1788 -3.74000e+02
1951 -3.73000e+02
2056 -3.72000e+02
2113 -3.71000e+02
2169 -3.70000e+02
2174 -3.69000e+02
2256 -3.68000e+02
2348 -3.67000e+02
2399 -3.66000e+02
2440 -3.65000e+02
2606 -3.64000e+02
2780 -3.63000e+02
2960 -3.62000e+02
3017 -3.61000e+02
3107 -3.60000e+02
3111 -3.59000e+02
3277 -3.58000e+02
3421 -3.57000e+02
3468 -3.56000e+02
3611 -3.55000e+02
3669 -3.54000e+02
3776 -3.53000e+02
3901 -3.52000e+02
3926 -3.51000e+02
4101 -3.50000e+02
4188 -3.49000e+02
4237 -3.48000e+02
4285 -3.47000e+02
4355 -3.46000e+02
4543 -3.45000e+02
4666 -3.44000e+02
4826 -3.43000e+02
4973 -3.42000e+02
5132 -3.41000e+02
5255 -3.40000e+02
5331 -3.39000e+02
5401 -3.38000e+02
5484 -3.37000e+02
5515 -3.36000e+02
5713 -3.35000e+02
5796 -3.34000e+02
6006 -3.33000e+02
6172 -3.32000e+02
6185 -3.31000e+02
6277 -3.30000e+02
6367 -3.29000e+02
6441 -3.28000e+02
6590 -3.27000e+02
6640 -3.26000e+02
6810 -3.25000e+02
6854 -3.24000e+02
7006 -3.23000e+02
7022 -3.22000e+02
7153 -3.21000e+02
7198 -3.20000e+02
7325 -3.19000e+02
7412 -3.18000e+02
7543 -3.17000e+02
7683 -3.16000e+02
7856 -3.15000e+02
7904 -3.14000e+02
8095 -3.13000e+02
8417 -3.12000e+02
8534 -3.11000e+02
8663 -3.10000e+02
8793 -3.09000e+02
8886 -3.08000e+02
9070 -3.07000e+02
9105 -3.06000e+02
9206 -3.05000e+02
9363 -3.04000e+02
9397 -3.03000e+02
9605 -3.02000e+02
9790 -3.01000e+02
9884 -3.00000e+02
9951 -3.00000e+02
"function evaluation" "best-so-far f(x)"
1 -3.93000e+02
23 -3.92000e+02
139 -3.91000e+02
212 -3.90000e+02
296 -3.88000e+02
456 -3.87000e+02
569 -3.86000e+02
621 -3.85000e+02
735 -3.84000e+02
904 -3.83000e+02
986 -3.82000e+02
1092 -3.81000e+02
1206 -3.80000e+02
1410 -3.79000e+02
1591 -3.78000e+02
1652 -3.77000e+02
1776 -3.76000e+02
1867 -3.75000e+02
1943 -3.73000e+02
2043 -3.72000e+02
2080 -3.71000e+02
2098 -3.70000e+02
2104 -3.68000e+02
2175 -3.67000e+02
2339 -3.66000e+02
2383 -3.65000e+02
2583 -3.64000e+02
2667 -3.62000e+02
2851 -3.61000e+02
2941 -3.60000e+02
3002 -3.58000e+02
3138 -3.57000e+02
3149 -3.56000e+02
3191 -3.55000e+02
3226 -3.54000e+02
3256 -3.53000e+02
3350 -3.52000e+02
3380 -3.50000e+02
3482 -3.49000e+02
3690 -3.48000e+02
3740 -3.47000e+02
3848 -3.46000e+02
3998 -3.45000e+02
4030 -3.44000e+02
4134 -3.43000e+02
4175 -3.42000e+02
4252 -3.41000e+02
4314 -3.40000e+02
4344 -3.39000e+02
4461 -3.38000e+02
4502 -3.36000e+02
4566 -3.35000e+02
4740 -3.34000e+02
4878 -3.33000e+02
5012 -3.32000e+02
5048 -3.31000e+02
5154 -3.30000e+02
5231 -3.29000e+02
5370 -3.28000e+02
5425 -3.27000e+02
5445 -3.26000e+02
5609 -3.25000e+02
5798 -3.24000e+02
5959 -3.23000e+02
5963 -3.22000e+02
6090 -3.21000e+02
6154 -3.20000e+02
6310 -3.19000e+02
6479 -3.18000e+02
6556 -3.17000e+02
6599 -3.16000e+02
6779 -3.15000e+02
6793 -3.14000e+02
7052 -3.12000e+02
7155 -3.11000e+02
7302 -3.10000e+02
7479 -3.09000e+02
7641 -3.08000e+02
7813 -3.07000e+02
7857 -3.06000e+02
7946 -3.05000e+02
8168 -3.04000e+02
8386 -3.03000e+02
8402 -3.02000e+02
8432 -3.01000e+02
8596 -3.00000e+02
8691 -2.99000e+02
8899 -2.98000e+02
8969 -2.97000e+02
9030 -2.96000e+02
9067 -2.95000e+02
9212 -2.94000e+02
9271 -2.93000e+02
9325 -2.92000e+02
9401 -2.91000e+02
9422 -2.90000e+02
9559 -2.89000e+02
9651 -2.88000e+02
9877 -2.87000e+02
9912 -2.86000e+02
9951 -2.86000e+02
"function evaluation" "best-so-far f(x)"
1 -3.93000e+02
15 -3.92000e+02
70 -3.91000e+02
167 -3.89000e+02
231 -3.88000e+02
310 -3.87000e+02
414 -3.86000e+02
576 -3.84000e+02
649 -3.83000e+02
724 -3.82000e+02
912 -3.81000e+02
974 -3.80000e+02
1067 -3.79000e+02
1082 -3.78000e+02
1163 -3.77000e+02
1209 -3.75000e+02
1313 -3.74000e+02
1591 -3.73000e+02
1711 -3.72000e+02
1846 -3.71000e+02
1932 -3.70000e+02
1975 -3.69000e+02
2018 -3.68000e+02
2089 -3.67000e+02
2259 -3.66000e+02
2354 -3.65000e+02
2379 -3.64000e+02
2517 -3.63000e+02
2699 -3.62000e+02
2732 -3.61000e+02
2867 -3.60000e+02
3076 -3.58000e+02
3205 -3.57000e+02
3243 -3.56000e+02
3291 -3.55000e+02
3342 -3.54000e+02
3408 -3.53000e+02
3461 -3.52000e+02
3504 -3.51000e+02
3554 -3.50000e+02
3608 -3.49000e+02
3711 -3.48000e+02
3771 -3.47000e+02
3800 -3.46000e+02
3886 -3.45000e+02
4075 -3.44000e+02
4157 -3.43000e+02
4431 -3.42000e+02
4637 -3.40000e+02
4713 -3.39000e+02
4800 -3.38000e+02
4962 -3.37000e+02
5065 -3.36000e+02
5243 -3.35000e+02
5369 -3.34000e+02
5404 -3.32000e+02
5485 -3.31000e+02
5583 -3.30000e+02
5631 -3.29000e+02
5782 -3.28000e+02
5840 -3.27000e+02
5899 -3.26000e+02
5949 -3.25000e+02
6047 -3.23000e+02
6128 -3.22000e+02
6144 -3.21000e+02
6429 -3.19000e+02
6549 -3.18000e+02
6703 -3.17000e+02
6951 -3.16000e+02
7128 -3.15000e+02
7175 -3.13000e+02
7181 -3.12000e+02
7420 -3.11000e+02
7544 -3.10000e+02
7751 -3.09000e+02
7926 -3.08000e+02
8051 -3.07000e+02
8303 -3.06000e+02
8545 -3.05000e+02
8701 -3.04000e+02
8747 -3.03000e+02
9029 -3.02000e+02
9178 -3.01000e+02
9231 -3.00000e+02
9480 -2.99000e+02
9583 -2.98000e+02
9685 -2.97000e+02
9721 -2.96000e+02
9766 -2.95000e+02
9792 -2.94000e+02
9847 -2.93000e+02
9951 -2.93000e+02
"function evaluation" "best-so-far f(x)"
1 -3.93000e+02
8 -3.92000e+02
162 -3.91000e+02
192 -3.90000e+02
309 -3.89000e+02
403 -3.88000e+02
426 -3.87000e+02
493 -3.85000e+02
604 -3.84000e+02
676 -3.83000e+02
714 -3.82000e+02
830 -3.81000e+02
957 -3.79000e+02
1100 -3.78000e+02
1167 -3.77000e+02
1289 -3.76000e+02
1372 -3.75000e+02
1438 -3.74000e+02
1537 -3.73000e+02
1647 -3.72000e+02
1722 -3.71000e+02
1868 -3.70000e+02
1916 -3.69000e+02
1961 -3.68000e+02
1963 -3.67000e+02
1972 -3.66000e+02
2062 -3.65000e+02
2212 -3.64000e+02
2268 -3.63000e+02
2379 -3.62000e+02
2474 -3.61000e+02
2576 -3.60000e+02
2634 -3.59000e+02
2724 -3.58000e+02
2808 -3.57000e+02
2971 -3.56000e+02
3168 -3.55000e+02
3213 -3.54000e+02
3292 -3.53000e+02
3366 -3.52000e+02
3574 -3.51000e+02
3646 -3.50000e+02
3771 -3.49000e+02
3947 -3.48000e+02
4017 -3.47000e+02
4121 -3.46000e+02
4154 -3.45000e+02
4225 -3.44000e+02
4355 -3.43000e+02
4390 -3.42000e+02
4448 -3.41000e+02
4567 -3.40000e+02
4621 -3.39000e+02
4850 -3.38000e+02
5007 -3.37000e+02
5135 -3.36000e+02
5283 -3.35000e+02
5464 -3.34000e+02
5515 -3.33000e+02
5738 -3.32000e+02
5940 -3.31000e+02
5993 -3.30000e+02
6080 -3.29000e+02
6158 -3.28000e+02
6269 -3.27000e+02
6362 -3.26000e+02
6504 -3.25000e+02
6695 -3.24000e+02
6780 -3.23000e+02
6977 -3.22000e+02
7084 -3.21000e+02
7138 -3.20000e+02
7156 -3.19000e+02
7266 -3.18000e+02
7392 -3.17000e+02
7398 -3.16000e+02
7547 -3.15000e+02
7587 -3.14000e+02
7764 -3.13000e+02
7811 -3.12000e+02
7999 -3.11000e+02
8190 -3.10000e+02
8340 -3.09000e+02
8380 -3.08000e+02
8478 -3.07000e+02
8623 -3.06000e+02
8663 -3.05000e+02
8784 -3.04000e+02
8900 -3.03000e+02
9038 -3.02000e+02
9270 -3.01000e+02
9442 -3.00000e+02
9491 -2.99000e+02
9582 -2.98000e+02
9653 -2.97000e+02
9727 -2.96000e+02
9767 -2.95000e+02
9786 -2.94000e+02
9790 -2.93000e+02
9900 -2.92000e+02
9944 -2.91000e+02
9951 -2.91000e+02
"function evaluation" "best-so-far f(x)"
1 -3.93000e+02
108 -3.92000e+02
135 -3.91000e+02
226 -3.90000e+02
293 -3.89000e+02
415 -3.88000e+02
498 -3.87000e+02
549 -3.86000e+02
649 -3.85000e+02
677 -3.84000e+02
745 -3.83000e+02
829 -3.82000e+02
880 -3.81000e+02
970 -3.80000e+02
1024 -3.79000e+02
1077 -3.78000e+02
1159 -3.77000e+02
1290 -3.76000e+02
1390 -3.75000e+02
1430 -3.74000e+02
1506 -3.73000e+02
1711 -3.72000e+02
1736 -3.71000e+02
1823 -3.70000e+02
1825 -3.69000e+02
1984 -3.68000e+02
2148 -3.67000e+02
2160 -3.66000e+02
2253 -3.65000e+02
2293 -3.64000e+02
2374 -3.63000e+02
2589 -3.62000e+02
2799 -3.61000e+02
2881 -3.60000e+02
3034 -3.59000e+02
3164 -3.58000e+02
3265 -3.57000e+02
3304 -3.56000e+02
3551 -3.55000e+02
3638 -3.54000e+02
3815 -3.53000e+02
3981 -3.52000e+02
4208 -3.51000e+02
4252 -3.50000e+02
4316 -3.49000e+02
4324 -3.48000e+02
4377 -3.47000e+02
4607 -3.46000e+02
4728 -3.45000e+02
4812 -3.44000e+02
4893 -3.43000e+02
4901 -3.42000e+02
5016 -3.41000e+02
5031 -3.40000e+02
5158 -3.39000e+02
5227 -3.38000e+02
5276 -3.37000e+02
5389 -3.36000e+02
5534 -3.35000e+02
5585 -3.34000e+02
5609 -3.33000e+02
5710 -3.32000e+02
5763 -3.31000e+02
5895 -3.30000e+02
6071 -3.29000e+02
6080 -3.28000e+02
6187 -3.27000e+02
6380 -3.26000e+02
6397 -3.25000e+02
6456 -3.24000e+02
6472 -3.23000e+02
6578 -3.22000e+02
6618 -3.21000e+02
6833 -3.20000e+02
6914 -3.19000e+02
6983 -3.18000e+02
7012 -3.17000e+02
7058 -3.16000e+02
7064 -3.15000e+02
7128 -3.14000e+02
7167 -3.13000e+02
7235 -3.12000e+02
7358 -3.11000e+02
7609 -3.10000e+02
7634 -3.09000e+02
7781 -3.08000e+02
7926 -3.07000e+02
8251 -3.06000e+02
8292 -3.05000e+02
8433 -3.04000e+02
8504 -3.03000e+02
8530 -3.02000e+02
8598 -3.01000e+02
8599 -3.00000e+02
8693 -2.99000e+02
8709 -2.98000e+02
8872 -2.97000e+02
8958 -2.96000e+02
9030 -2.95000e+02
9158 -2.94000e+02
9301 -2.93000e+02
9381 -2.92000e+02
9477 -2.91000e+02
9541 -2.90000e+02
9688 -2.89000e+02
9740 -2.88000e+02
9826 -2.86000e+02
9929 -2.85000e+02
9951 -2.85000e+02
"function evaluation" "best-so-far f(x)"
1 -3.93000e+02
23 -3.92000e+02
33 -3.91000e+02
106 -3.90000e+02
209 -3.89000e+02
388 -3.88000e+02
414 -3.87000e+02
536 -3.86000e+02
654 -3.85000e+02
741 -3.84000e+02
783 -3.83000e+02
819 -3.81000e+02
898 -3.80000e+02
1072 -3.79000e+02
1121 -3.78000e+02
1162 -3.77000e+02
1230 -3.76000e+02
1341 -3.75000e+02
1357 -3.74000e+02
1401 -3.73000e+02
1444 -3.72000e+02
1490 -3.71000e+02
1555 -3.70000e+02
1569 -3.69000e+02
1670 -3.68000e+02
1729 -3.67000e+02
1797 -3.66000e+02
1812 -3.65000e+02
1927 -3.64000e+02
2070 -3.63000e+02
2139 -3.62000e+02
2282 -3.61000e+02
2441 -3.60000e+02
2469 -3.59000e+02
2542 -3.56000e+02
2570 -3.55000e+02
2608 -3.54000e+02
2652 -3.53000e+02
2756 -3.52000e+02
2863 -3.51000e+02
2959 -3.50000e+02
3052 -3.49000e+02
3173 -3.48000e+02
3338 -3.47000e+02
3430 -3.46000e+02
3445 -3.45000e+02
3638 -3.44000e+02
3732 -3.43000e+02
3866 -3.42000e+02
3930 -3.41000e+02
4057 -3.40000e+02
4307 -3.39000e+02
4357 -3.38000e+02
4556 -3.37000e+02
4663 -3.36000e+02
4801 -3.35000e+02
4837 -3.34000e+02
5039 -3.33000e+02
5117 -3.32000e+02
5216 -3.31000e+02
5265 -3.30000e+02
5271 -3.29000e+02
5371 -3.28000e+02
5463 -3.27000e+02
5652 -3.25000e+02
5746 -3.24000e+02
5797 -3.23000e+02
5844 -3.22000e+02
5907 -3.21000e+02
6113 -3.20000e+02
6277 -3.18000e+02
6432 -3.17000e+02
6496 -3.16000e+02
6636 -3.15000e+02
6713 -3.14000e+02
6923 -3.13000e+02
7122 -3.12000e+02
7223 -3.11000e+02
7287 -3.10000e+02
7378 -3.09000e+02
7448 -3.08000e+02
7600 -3.07000e+02
7722 -3.06000e+02
7737 -3.05000e+02
7813 -3.04000e+02
7884 -3.03000e+02
7999 -3.02000e+02
8178 -3.01000e+02
8209 -3.00000e+02
8260 -2.99000e+02
8401 -2.98000e+02
8474 -2.97000e+02
8670 -2.96000e+02
8771 -2.95000e+02
8945 -2.94000e+02
9274 -2.93000e+02
9409 -2.92000e+02
9493 -2.91000e+02
9553 -2.90000e+02
9564 -2.89000e+02
9625 -2.88000e+02
9663 -2.87000e+02
9713 -2.86000e+02
9951 -2.85000e+02
"function evaluation" "best-so-far f(x)"
1 -3.93000e+02
45 -3.92000e+02
180 -3.91000e+02
267 -3.90000e+02
450 -3.89000e+02
524 -3.88000e+02
562 -3.87000e+02
634 -3.86000e+02
699 -3.85000e+02
707 -3.84000e+02
747 -3.83000e+02
845 -3.82000e+02
897 -3.81000e+02
940 -3.80000e+02
1015 -3.79000e+02
1033 -3.78000e+02
1258 -3.77000e+02
1274 -3.76000e+02
1334 -3.75000e+02
1405 -3.74000e+02
1446 -3.72000e+02
1553 -3.71000e+02
1683 -3.70000e+02
1700 -3.69000e+02
1817 -3.68000e+02
1836 -3.67000e+02
1840 -3.66000e+02
1905 -3.65000e+02
1963 -3.64000e+02
2154 -3.63000e+02
2195 -3.62000e+02
2482 -3.61000e+02
2548 -3.60000e+02
2618 -3.59000e+02
2642 -3.58000e+02
2705 -3.57000e+02
2717 -3.56000e+02
2828 -3.55000e+02
3022 -3.54000e+02
3310 -3.53000e+02
3325 -3.52000e+02
3337 -3.51000e+02
3503 -3.50000e+02
3525 -3.49000e+02
3539 -3.48000e+02
3628 -3.47000e+02
3834 -3.46000e+02
3934 -3.45000e+02
4027 -3.44000e+02
4187 -3.42000e+02
4444 -3.41000e+02
4590 -3.40000e+02
4749 -3.39000e+02
4899 -3.38000e+02
4939 -3.37000e+02
5103 -3.36000e+02
5257 -3.35000e+02
5324 -3.34000e+02
5339 -3.33000e+02
5466 -3.32000e+02
5575 -3.31000e+02
5671 -3.30000e+02
5744 -3.29000e+02
5834 -3.28000e+02
5862 -3.27000e+02
6024 -3.26000e+02
6090 -3.25000e+02
6232 -3.24000e+02
6279 -3.23000e+02
6356 -3.22000e+02
6497 -3.21000e+02
6649 -3.20000e+02
6719 -3.19000e+02
6875 -3.18000e+02
7088 -3.17000e+02
7209 -3.16000e+02
7300 -3.15000e+02
7424 -3.14000e+02
7619 -3.12000e+02
7681 -3.11000e+02
7768 -3.10000e+02
7905 -3.09000e+02
7998 -3.08000e+02
8027 -3.07000e+02
8114 -3.06000e+02
8237 -3.05000e+02
8257 -3.04000e+02
8362 -3.03000e+02
8487 -3.02000e+02
8544 -3.01000e+02
8550 -3.00000e+02
8645 -2.99000e+02
8764 -2.98000e+02
8854 -2.97000e+02
8917 -2.96000e+02
9086 -2.95000e+02
9241 -2.94000e+02
9273 -2.93000e+02
9475 -2.92000e+02
9510 -2.91000e+02
9598 -2.89000e+02
9701 -2.88000e+02
9760 -2.87000e+02
9860 -2.86000e+02
9951 -2.86000e+02
"function evaluation" "best-so-far f(x)"
1 -3.93000e+02
3 -3.92000e+02
78 -3.91000e+02
146 -3.90000e+02
183 -3.89000e+02
320 -3.88000e+02
323 -3.87000e+02
406 -3.86000e+02
454 -3.85000e+02
468 -3.84000e+02
572 -3.83000e+02
604 -3.82000e+02
683 -3.81000e+02
767 -3.80000e+02
897 -3.79000e+02
1066 -3.78000e+02
1090 -3.77000e+02
1129 -3.76000e+02
1206 -3.75000e+02
1319 -3.74000e+02
1443 -3.73000e+02
1522 -3.72000e+02
1634 -3.71000e+02
1691 -3.70000e+02
1710 -3.69000e+02
1764 -3.68000e+02
1774 -3.67000e+02
1926 -3.66000e+02
2005 -3.65000e+02
2111 -3.64000e+02
2218 -3.63000e+02
2276 -3.62000e+02
2342 -3.61000e+02
2428 -3.60000e+02
2444 -3.59000e+02
2587 -3.58000e+02
2657 -3.57000e+02
2788 -3.56000e+02
2960 -3.55000e+02
3079 -3.54000e+02
3110 -3.53000e+02
3160 -3.52000e+02
3252 -3.51000e+02
3336 -3.50000e+02
3478 -3.49000e+02
3490 -3.48000e+02
3613 -3.47000e+02
3663 -3.46000e+02
3763 -3.45000e+02
3839 -3.44000e+02
3928 -3.43000e+02
4059 -3.42000e+02
4099 -3.41000e+02
4351 -3.40000e+02
4564 -3.39000e+02
4733 -3.38000e+02
4838 -3.37000e+02
4921 -3.36000e+02
5045 -3.35000e+02
5091 -3.34000e+02
5146 -3.33000e+02
5209 -3.32000e+02
5324 -3.31000e+02
5356 -3.30000e+02
5403 -3.29000e+02
5468 -3.28000e+02
5551 -3.27000e+02
5647 -3.26000e+02
5790 -3.25000e+02
5842 -3.24000e+02
5996 -3.23000e+02
6101 -3.22000e+02
6305 -3.21000e+02
6469 -3.20000e+02
6482 -3.19000e+02
6713 -3.18000e+02
6847 -3.17000e+02
6905 -3.16000e+02
6917 -3.15000e+02
7031 -3.14000e+02
7141 -3.13000e+02
7254 -3.12000e+02
7350 -3.11000e+02
7408 -3.10000e+02
7449 -3.09000e+02
7651 -3.08000e+02
7810 -3.07000e+02
7885 -3.06000e+02
8061 -3.05000e+02
8096 -3.04000e+02
8186 -3.03000e+02
8205 -3.02000e+02
8216 -3.01000e+02
8313 -3.00000e+02
8404 -2.99000e+02
8455 -2.98000e+02
8610 -2.97000e+02
8711 -2.96000e+02
8790 -2.95000e+02
8915 -2.94000e+02
9021 -2.93000e+02
9156 -2.92000e+02
9198 -2.91000e+02
9268 -2.90000e+02
9489 -2.89000e+02
9545 -2.88000e+02
9699 -2.87000e+02
9704 -2.86000e+02
9729 -2.85000e+02
9951 -2.85000e+02
"function evaluation" "best-so-far f(x)"
1 -3.93000e+02
44 -3.92000e+02
350 -3.91000e+02
427 -3.90000e+02
498 -3.89000e+02
576 -3.88000e+02
817 -3.87000e+02
909 -3.86000e+02
1058 -3.85000e+02
1175 -3.84000e+02
1252 -3.82000e+02
1443 -3.81000e+02
1450 -3.80000e+02
1631 -3.79000e+02
1718 -3.78000e+02
1860 -3.77000e+02
1935 -3.76000e+02
2015 -3.75000e+02
2179 -3.74000e+02
2203 -3.73000e+02
2224 -3.72000e+02
2329 -3.71000e+02
2335 -3.70000e+02
2422 -3.69000e+02
2542 -3.68000e+02
2562 -3.67000e+02
2596 -3.66000e+02
2666 -3.65000e+02
2801 -3.64000e+02
2861 -3.63000e+02
2975 -3.62000e+02
2994 -3.61000e+02
3100 -3.60000e+02
3174 -3.59000e+02
3291 -3.58000e+02
3435 -3.57000e+02
3471 -3.56000e+02
3553 -3.55000e+02
3619 -3.54000e+02
3784 -3.53000e+02
3843 -3.52000e+02
3919 -3.51000e+02
3925 -3.50000e+02
3931 -3.49000e+02
3957 -3.48000e+02
3989 -3.47000e+02
4021 -3.46000e+02
4081 -3.45000e+02
4125 -3.44000e+02
4183 -3.43000e+02
4216 -3.42000e+02
4289 -3.41000e+02
4464 -3.40000e+02
4540 -3.39000e+02
4605 -3.38000e+02
4661 -3.37000e+02
4738 -3.36000e+02
4838 -3.35000e+02
4907 -3.34000e+02
5131 -3.33000e+02
5147 -3.32000e+02
5203 -3.31000e+02
5253 -3.30000e+02
5308 -3.29000e+02
5412 -3.28000e+02
5505 -3.27000e+02
5552 -3.25000e+02
5737 -3.24000e+02
5797 -3.23000e+02
5953 -3.22000e+02
6021 -3.21000e+02
6067 -3.20000e+02
6151 -3.19000e+02
6262 -3.18000e+02
6447 -3.17000e+02
6578 -3.16000e+02
6637 -3.15000e+02
6758 -3.14000e+02
6790 -3.13000e+02
6870 -3.12000e+02
6943 -3.11000e+02
7115 -3.10000e+02
7178 -3.09000e+02
7209 -3.08000e+02
7331 -3.07000e+02
7355 -3.06000e+02
7413 -3.05000e+02
7446 -3.04000e+02
7592 -3.03000e+02
7685 -3.02000e+02
7911 -3.01000e+02
7969 -2.99000e+02
8036 -2.98000e+02
8127 -2.97000e+02
8307 -2.96000e+02
8401 -2.95000e+02
8567 -2.94000e+02
8697 -2.93000e+02
8806 -2.92000e+02
8866 -2.91000e+02
9080 -2.90000e+02
9274 -2.89000e+02
9379 -2.88000e+02
9597 -2.87000e+02
9699 -2.86000e+02
9783 -2.85000e+02
9810 -2.84000e+02
9890 -2.83000e+02
9951 -2.83000e+02
"function evaluation" "best-so-far f(x)"
1 -3.93000e+02
5 -3.92000e+02
98 -3.91000e+02
118 -3.90000e+02
169 -3.89000e+02
201 -3.88000e+02
225 -3.86000e+02
476 -3.85000e+02
493 -3.84000e+02
630 -3.83000e+02
652 -3.82000e+02
837 -3.81000e+02
936 -3.79000e+02
968 -3.78000e+02
1056 -3.77000e+02
1191 -3.76000e+02
1300 -3.75000e+02
1481 -3.74000e+02
1539 -3.73000e+02
1566 -3.72000e+02
1760 -3.71000e+02
1768 -3.70000e+02
1859 -3.69000e+02
1967 -3.68000e+02
2100 -3.67000e+02
2271 -3.66000e+02
2318 -3.65000e+02
2393 -3.64000e+02
2434 -3.63000e+02
2647 -3.62000e+02
2744 -3.61000e+02
2759 -3.60000e+02
2843 -3.59000e+02
2882 -3.58000e+02
3012 -3.57000e+02
3140 -3.56000e+02
3185 -3.55000e+02
3294 -3.54000e+02
3364 -3.53000e+02
3518 -3.52000e+02
3542 -3.51000e+02
3787 -3.50000e+02
3863 -3.48000e+02
3926 -3.46000e+02
4099 -3.45000e+02
4155 -3.44000e+02
4254 -3.43000e+02
4280 -3.42000e+02
4311 -3.41000e+02
4343 -3.39000e+02
4417 -3.38000e+02
4557 -3.37000e+02
4745 -3.36000e+02
4760 -3.35000e+02
4878 -3.34000e+02
5001 -3.33000e+02
5217 -3.32000e+02
5327 -3.31000e+02
5383 -3.30000e+02
5551 -3.29000e+02
5602 -3.28000e+02
5652 -3.27000e+02
5815 -3.26000e+02
5828 -3.25000e+02
5968 -3.24000e+02
6111 -3.23000e+02
6242 -3.22000e+02
6314 -3.21000e+02
6438 -3.20000e+02
6547 -3.19000e+02
6607 -3.18000e+02
6699 -3.16000e+02
6822 -3.15000e+02
6951 -3.14000e+02
6977 -3.13000e+02
6985 -3.12000e+02
7106 -3.11000e+02
7298 -3.10000e+02
7373 -3.09000e+02
7641 -3.08000e+02
7717 -3.07000e+02
7853 -3.06000e+02
7946 -3.05000e+02
8319 -3.04000e+02
8387 -3.03000e+02
8484 -3.02000e+02
8617 -3.01000e+02
8747 -3.00000e+02
8828 -2.99000e+02
8933 -2.98000e+02
9007 -2.97000e+02
9149 -2.96000e+02
9360 -2.95000e+02
9703 -2.94000e+02
9951 -2.94000e+02
"function evaluation" "best-so-far f(x)"
1 -3.93000e+02
5 -3.92000e+02
141 -3.91000e+02
190 -3.90000e+02
334 -3.89000e+02
436 -3.88000e+02
578 -3.87000e+02
659 -3.86000e+02
665 -3.85000e+02
706 -3.84000e+02
798 -3.82000e+02
961 -3.81000e+02
1094 -3.80000e+02
1111 -3.79000e+02
1211 -3.78000e+02
1274 -3.77000e+02
1464 -3.76000e+02
1661 -3.75000e+02
1869 -3.74000e+02
2053 -3.73000e+02
2145 -3.72000e+02
2183 -3.71000e+02
2274 -3.70000e+02
2385 -3.69000e+02
2425 -3.68000e+02
2554 -3.67000e+02
2619 -3.65000e+02
2760 -3.64000e+02
2850 -3.63000e+02
2883 -3.62000e+02
2975 -3.61000e+02
3043 -3.60000e+02
3186 -3.59000e+02
3294 -3.58000e+02
3409 -3.57000e+02
3464 -3.56000e+02
3535 -3.55000e+02
3731 -3.54000e+02
3804 -3.53000e+02
3836 -3.52000e+02
3959 -3.51000e+02
4155 -3.50000e+02
4334 -3.49000e+02
4459 -3.48000e+02
4498 -3.47000e+02
4546 -3.46000e+02
4663 -3.45000e+02
4674 -3.44000e+02
4757 -3.43000e+02
5106 -3.42000e+02
5286 -3.41000e+02
5562 -3.40000e+02
5712 -3.39000e+02
5779 -3.38000e+02
5877 -3.37000e+02
6069 -3.36000e+02
6151 -3.35000e+02
6257 -3.34000e+02
6303 -3.33000e+02
6541 -3.32000e+02
6643 -3.31000e+02
6679 -3.30000e+02
6731 -3.29000e+02
6891 -3.28000e+02
6934 -3.27000e+02
7027 -3.26000e+02
7276 -3.25000e+02
7391 -3.24000e+02
7505 -3.23000e+02
7685 -3.22000e+02
7774 -3.21000e+02
8017 -3.20000e+02
8108 -3.19000e+02
8167 -3.18000e+02
8380 -3.17000e+02
8416 -3.16000e+02
8567 -3.15000e+02
8634 -3.14000e+02
8769 -3.13000e+02
8909 -3.12000e+02
9116 -3.11000e+02
9207 -3.10000e+02
9356 -3.09000e+02
9457 -3.08000e+02
9596 -3.07000e+02
9717 -3.06000e+02
9778 -3.05000e+02
9896 -3.04000e+02
9951 -3.04000e+02
"function evaluation" "best-so-far f(x)"
1 -3.93000e+02
4 -3.92000e+02
157 -3.91000e+02
194 -3.90000e+02
281 -3.89000e+02
366 -3.88000e+02
527 -3.87000e+02
680 -3.85000e+02
756 -3.84000e+02
799 -3.83000e+02
897 -3.82000e+02
997 -3.81000e+02
1063 -3.80000e+02
1230 -3.79000e+02
1300 -3.78000e+02
1430 -3.77000e+02
1492 -3.76000e+02
1602 -3.75000e+02
1624 -3.74000e+02
1728 -3.73000e+02
1916 -3.72000e+02
1996 -3.71000e+02
2195 -3.70000e+02
2322 -3.69000e+02
2410 -3.68000e+02
2573 -3.66000e+02
2592 -3.65000e+02
2756 -3.64000e+02
2760 -3.63000e+02
2881 -3.62000e+02
2986 -3.61000e+02
3059 -3.60000e+02
3121 -3.59000e+02
3275 -3.58000e+02
3310 -3.57000e+02
3422 -3.56000e+02
3599 -3.55000e+02
3645 -3.54000e+02
3740 -3.53000e+02
3912 -3.52000e+02
4031 -3.51000e+02
4119 -3.50000e+02
4246 -3.49000e+02
4299 -3.48000e+02
4374 -3.47000e+02
4718 -3.46000e+02
4861 -3.45000e+02
4929 -3.44000e+02
5042 -3.42000e+02
5207 -3.41000e+02
5272 -3.40000e+02
5393 -3.39000e+02
5474 -3.38000e+02
5539 -3.37000e+02
5636 -3.36000e+02
5771 -3.35000e+02
5826 -3.34000e+02
5895 -3.33000e+02
6053 -3.32000e+02
6093 -3.31000e+02
6264 -3.30000e+02
6382 -3.29000e+02
6415 -3.28000e+02
6464 -3.27000e+02
6588 -3.26000e+02
6676 -3.25000e+02
6717 -3.24000e+02
6920 -3.23000e+02
6931 -3.22000e+02
7038 -3.21000e+02
7094 -3.20000e+02
7391 -3.19000e+02
7479 -3.18000e+02
7552 -3.17000e+02
7738 -3.16000e+02
7767 -3.15000e+02
7982 -3.14000e+02
8061 -3.13000e+02
8126 -3.12000e+02
8195 -3.11000e+02
8336 -3.10000e+02
8442 -3.09000e+02
8651 -3.08000e+02
8749 -3.07000e+02
8871 -3.06000e+02
8931 -3.05000e+02
9121 -3.04000e+02
9262 -3.03000e+02
9351 -3.02000e+02
9426 -3.01000e+02
9498 -3.00000e+02
9669 -2.98000e+02
9750 -2.97000e+02
9757 -2.96000e+02
9774 -2.95000e+02
9915 -2.94000e+02
9951 -2.94000e+02
"function evaluation" "best-so-far f(x)"
1 -3.93000e+02
2 -3.92000e+02
9 -3.91000e+02
71 -3.90000e+02
119 -3.89000e+02
155 -3.88000e+02
253 -3.87000e+02
333 -3.86000e+02
444 -3.85000e+02
535 -3.84000e+02
596 -3.83000e+02
648 -3.82000e+02
654 -3.81000e+02
731 -3.80000e+02
775 -3.79000e+02
883 -3.78000e+02
903 -3.77000e+02
930 -3.76000e+02
989 -3.75000e+02
1065 -3.74000e+02
1098 -3.73000e+02
1342 -3.72000e+02
1377 -3.71000e+02
1488 -3.70000e+02
1619 -3.69000e+02
1662 -3.68000e+02
1747 -3.67000e+02
1867 -3.66000e+02
1967 -3.65000e+02
2057 -3.64000e+02
2147 -3.63000e+02
2211 -3.62000e+02
2378 -3.61000e+02
2405 -3.60000e+02
2435 -3.59000e+02
2531 -3.58000e+02
2592 -3.57000e+02
2635 -3.56000e+02
2728 -3.55000e+02
2774 -3.54000e+02
2937 -3.53000e+02
3067 -3.52000e+02
3221 -3.51000e+02
3325 -3.50000e+02
3449 -3.49000e+02
3617 -3.48000e+02
3802 -3.47000e+02
3836 -3.46000e+02
3901 -3.45000e+02
4008 -3.44000e+02
4202 -3.43000e+02
4269 -3.42000e+02
4331 -3.41000e+02
4336 -3.40000e+02
4399 -3.39000e+02
4478 -3.38000e+02
4646 -3.37000e+02
4677 -3.36000e+02
4723 -3.35000e+02
4876 -3.34000e+02
5047 -3.33000e+02
5071 -3.32000e+02
5096 -3.31000e+02
5244 -3.30000e+02
5326 -3.29000e+02
5391 -3.28000e+02
5430 -3.27000e+02
5778 -3.26000e+02
5950 -3.25000e+02
6049 -3.24000e+02
6225 -3.23000e+02
6284 -3.22000e+02
6444 -3.21000e+02
6538 -3.20000e+02
6637 -3.18000e+02
6804 -3.17000e+02
6968 -3.16000e+02
7129 -3.15000e+02
7178 -3.14000e+02
7265 -3.13000e+02
7401 -3.12000e+02
7434 -3.11000e+02
7496 -3.10000e+02
7502 -3.09000e+02
7578 -3.08000e+02
7702 -3.07000e+02
7705 -3.06000e+02
7801 -3.05000e+02
7904 -3.04000e+02
8056 -3.03000e+02
8196 -3.02000e+02
8321 -3.01000e+02
8384 -3.00000e+02
8402 -2.99000e+02
8417 -2.98000e+02
8520 -2.97000e+02
8546 -2.95000e+02
8710 -2.94000e+02
8811 -2.93000e+02
8979 -2.91000e+02
9190 -2.90000e+02
9209 -2.89000e+02
9303 -2.88000e+02
9347 -2.87000e+02
9540 -2.86000e+02
9611 -2.85000e+02
9647 -2.84000e+02
9851 -2.82000e+02
9951 -2.82000e+02
"function evaluation" "best-so-far f(x)"
1 -3.93000e+02
15 -3.92000e+02
51 -3.91000e+02
124 -3.90000e+02
168 -3.89000e+02
267 -3.88000e+02
358 -3.87000e+02
389 -3.86000e+02
395 -3.85000e+02
461 -3.84000e+02
610 -3.82000e+02
804 -3.81000e+02
846 -3.80000e+02
920 -3.79000e+02
977 -3.78000e+02
1141 -3.76000e+02
1250 -3.75000e+02
1306 -3.74000e+02
1386 -3.73000e+02
1469 -3.72000e+02
1617 -3.71000e+02
1711 -3.70000e+02
1858 -3.69000e+02
2027 -3.68000e+02
2158 -3.67000e+02
2239 -3.65000e+02
2363 -3.64000e+02
2393 -3.63000e+02
2513 -3.62000e+02
2571 -3.61000e+02
2645 -3.60000e+02
2782 -3.59000e+02
2783 -3.58000e+02
2858 -3.57000e+02
2976 -3.56000e+02
3173 -3.55000e+02
3211 -3.54000e+02
3267 -3.53000e+02
3328 -3.52000e+02
3485 -3.51000e+02
3672 -3.50000e+02
3720 -3.49000e+02
3787 -3.48000e+02
3893 -3.47000e+02
4008 -3.46000e+02
4111 -3.45000e+02
4218 -3.43000e+02
4467 -3.42000e+02
4617 -3.41000e+02
4634 -3.39000e+02
4754 -3.38000e+02
4831 -3.37000e+02
4944 -3.36000e+02
5003 -3.35000e+02
5020 -3.34000e+02
5172 -3.33000e+02
5269 -3.31000e+02
5385 -3.30000e+02
5423 -3.29000e+02
5559 -3.28000e+02
5677 -3.27000e+02
5759 -3.26000e+02
5841 -3.25000e+02
5994 -3.24000e+02
6034 -3.23000e+02
6100 -3.22000e+02
6200 -3.21000e+02
6266 -3.20000e+02
6342 -3.19000e+02
6381 -3.18000e+02
6445 -3.16000e+02
6592 -3.15000e+02
6616 -3.14000e+02
6756 -3.13000e+02
6796 -3.12000e+02
6853 -3.11000e+02
6928 -3.10000e+02
7030 -3.08000e+02
7069 -3.07000e+02
7141 -3.06000e+02
7219 -3.05000e+02
7486 -3.04000e+02
7550 -3.03000e+02
7664 -3.02000e+02
7796 -3.01000e+02
7824 -3.00000e+02
7854 -2.98000e+02
8015 -2.96000e+02
8197 -2.95000e+02
8319 -2.94000e+02
8382 -2.93000e+02
8581 -2.92000e+02
8643 -2.91000e+02
8830 -2.90000e+02
8942 -2.89000e+02
9077 -2.88000e+02
9288 -2.87000e+02
9295 -2.86000e+02
9375 -2.85000e+02
9505 -2.84000e+02
9570 -2.83000e+02
9673 -2.82000e+02
9683 -2.81000e+02
9835 -2.80000e+02
9873 -2.79000e+02
9951 -2.79000e+02
"function evaluation" "best-so-far f(x)"
1 -3.93000e+02
21 -3.92000e+02
79 -3.91000e+02
158 -3.90000e+02
172 -3.89000e+02
237 -3.88000e+02
323 -3.87000e+02
346 -3.86000e+02
423 -3.85000e+02
475 -3.84000e+02
619 -3.83000e+02
650 -3.82000e+02
772 -3.81000e+02
882 -3.80000e+02
929 -3.79000e+02
1053 -3.78000e+02
1139 -3.77000e+02
1176 -3.76000e+02
1340 -3.75000e+02
1493 -3.74000e+02
1674 -3.73000e+02
1695 -3.72000e+02
1819 -3.71000e+02
1951 -3.70000e+02
2025 -3.69000e+02
2099 -3.68000e+02
2266 -3.67000e+02
2293 -3.66000e+02
2398 -3.65000e+02
2417 -3.63000e+02
2593 -3.62000e+02
2683 -3.61000e+02
2834 -3.60000e+02
2922 -3.59000e+02
3132 -3.58000e+02
3197 -3.57000e+02
3341 -3.56000e+02
3454 -3.55000e+02
3521 -3.54000e+02
3561 -3.53000e+02
3657 -3.52000e+02
3671 -3.51000e+02
3719 -3.50000e+02
3851 -3.49000e+02
3977 -3.48000e+02
4228 -3.47000e+02
4265 -3.46000e+02
4340 -3.45000e+02
4439 -3.44000e+02
4665 -3.43000e+02
4718 -3.42000e+02
4818 -3.41000e+02
4840 -3.40000e+02
4886 -3.39000e+02
4901 -3.38000e+02
4963 -3.37000e+02
5088 -3.36000e+02
5278 -3.35000e+02
5290 -3.34000e+02
5310 -3.33000e+02
5387 -3.32000e+02
5507 -3.31000e+02
5768 -3.30000e+02
5882 -3.29000e+02
5951 -3.28000e+02
6088 -3.27000e+02
6129 -3.26000e+02
6261 -3.25000e+02
6376 -3.24000e+02
6438 -3.23000e+02
6492 -3.22000e+02
6644 -3.21000e+02
6724 -3.20000e+02
6730 -3.19000e+02
6788 -3.18000e+02
7009 -3.17000e+02
7055 -3.16000e+02
7182 -3.15000e+02
7196 -3.14000e+02
7359 -3.13000e+02
7394 -3.12000e+02
7416 -3.11000e+02
7519 -3.10000e+02
7604 -3.09000e+02
7615 -3.08000e+02
7774 -3.07000e+02
7798 -3.06000e+02
7863 -3.05000e+02
7961 -3.04000e+02
8040 -3.03000e+02
8151 -3.02000e+02
8195 -3.01000e+02
8249 -3.00000e+02
8330 -2.99000e+02
8591 -2.98000e+02
8633 -2.97000e+02
8882 -2.96000e+02
9123 -2.95000e+02
9229 -2.94000e+02
9337 -2.93000e+02
9421 -2.92000e+02
9649 -2.91000e+02
9671 -2.90000e+02
9711 -2.89000e+02
9845 -2.88000e+02
9909 -2.87000e+02
9951 -2.87000e+02
"function evaluation" "best-so-far f(x)"
1 -3.93000e+02
32 -3.92000e+02
59 -3.91000e+02
93 -3.90000e+02
160 -3.89000e+02
299 -3.87000e+02
422 -3.86000e+02
466 -3.85000e+02
548 -3.84000e+02
593 -3.83000e+02
682 -3.82000e+02
785 -3.81000e+02
898 -3.80000e+02
919 -3.79000e+02
1090 -3.78000e+02
1183 -3.77000e+02
1335 -3.75000e+02
1413 -3.74000e+02
1607 -3.73000e+02
1613 -3.72000e+02
1659 -3.71000e+02
1687 -3.70000e+02
1913 -3.69000e+02
1923 -3.68000e+02
2034 -3.67000e+02
2049 -3.66000e+02
2173 -3.65000e+02
2249 -3.64000e+02
2326 -3.63000e+02
2425 -3.62000e+02
2634 -3.61000e+02
2746 -3.60000e+02
2764 -3.59000e+02
2825 -3.58000e+02
2974 -3.57000e+02
3030 -3.56000e+02
3111 -3.55000e+02
3228 -3.54000e+02
3381 -3.53000e+02
3477 -3.52000e+02
3536 -3.51000e+02
3729 -3.50000e+02
3801 -3.49000e+02
3869 -3.48000e+02
3918 -3.47000e+02
3988 -3.46000e+02
4143 -3.45000e+02
4284 -3.44000e+02
4510 -3.43000e+02
4551 -3.42000e+02
4657 -3.41000e+02
4736 -3.40000e+02
4881 -3.39000e+02
4901 -3.38000e+02
4941 -3.37000e+02
5003 -3.36000e+02
5100 -3.34000e+02
5293 -3.33000e+02
5361 -3.32000e+02
5429 -3.31000e+02
5507 -3.30000e+02
5643 -3.29000e+02
5743 -3.28000e+02
5920 -3.27000e+02
5946 -3.26000e+02
6118 -3.25000e+02
6315 -3.24000e+02
6486 -3.23000e+02
6678 -3.22000e+02
6721 -3.21000e+02
6892 -3.20000e+02
6930 -3.19000e+02
7017 -3.18000e+02
7295 -3.17000e+02
7471 -3.16000e+02
7504 -3.15000e+02
7668 -3.14000e+02
7801 -3.13000e+02
7879 -3.12000e+02
7975 -3.11000e+02
8260 -3.10000e+02
8368 -3.09000e+02
8448 -3.08000e+02
8451 -3.06000e+02
8581 -3.05000e+02
8664 -3.04000e+02
8809 -3.03000e+02
8951 -3.02000e+02
8993 -3.01000e+02
9074 -3.00000e+02
9333 -2.99000e+02
9505 -2.98000e+02
9569 -2.97000e+02
9589 -2.96000e+02
9763 -2.95000e+02
9887 -2.94000e+02
9940 -2.93000e+02
9951 -2.93000e+02
"function evaluation" "best-so-far f(x)"
1 -3.93000e+02
11 -3.92000e+02
84 -3.91000e+02
158 -3.90000e+02
179 -3.89000e+02
250 -3.88000e+02
350 -3.87000e+02
452 -3.86000e+02
517 -3.85000e+02
629 -3.84000e+02
800 -3.83000e+02
890 -3.82000e+02
1075 -3.81000e+02
1156 -3.80000e+02
1448 -3.79000e+02
1558 -3.78000e+02
1578 -3.77000e+02
1583 -3.76000e+02
1726 -3.75000e+02
1774 -3.74000e+02
1806 -3.73000e+02
1855 -3.72000e+02
1977 -3.71000e+02
2030 -3.70000e+02
2111 -3.69000e+02
2278 -3.68000e+02
2300 -3.67000e+02
2417 -3.66000e+02
2552 -3.65000e+02
2667 -3.64000e+02
2713 -3.63000e+02
2761 -3.62000e+02
2787 -3.61000e+02
2935 -3.60000e+02
3027 -3.59000e+02
3094 -3.58000e+02
3119 -3.57000e+02
3182 -3.56000e+02
3230 -3.55000e+02
3269 -3.54000e+02
3306 -3.53000e+02
3403 -3.51000e+02
3635 -3.50000e+02
3724 -3.49000e+02
3909 -3.48000e+02
4033 -3.47000e+02
4102 -3.46000e+02
4227 -3.45000e+02
4370 -3.44000e+02
4483 -3.43000e+02
4651 -3.42000e+02
4725 -3.41000e+02
4805 -3.40000e+02
4965 -3.39000e+02
5061 -3.38000e+02
5107 -3.37000e+02
5238 -3.36000e+02
5286 -3.35000e+02
5403 -3.34000e+02
5596 -3.33000e+02
5624 -3.32000e+02
5796 -3.31000e+02
5857 -3.30000e+02
5944 -3.29000e+02
6087 -3.28000e+02
6126 -3.27000e+02
6161 -3.26000e+02
6285 -3.25000e+02
6413 -3.24000e+02
6529 -3.23000e+02
6588 -3.22000e+02
6703 -3.21000e+02
6786 -3.20000e+02
6990 -3.19000e+02
7072 -3.18000e+02
7170 -3.17000e+02
7205 -3.15000e+02
7302 -3.14000e+02
7461 -3.13000e+02
7500 -3.12000e+02
7555 -3.11000e+02
7665 -3.10000e+02
7913 -3.09000e+02
7977 -3.08000e+02
8093 -3.07000e+02
8215 -3.06000e+02
8325 -3.05000e+02
8575 -3.04000e+02
8752 -3.03000e+02
8858 -3.02000e+02
8950 -3.01000e+02
9022 -3.00000e+02
9075 -2.99000e+02
9153 -2.97000e+02
9305 -2.96000e+02
9373 -2.95000e+02
9420 -2.94000e+02
9577 -2.93000e+02
9600 -2.92000e+02
9806 -2.91000e+02
9951 -2.91000e+02
"function evaluation" "best-so-far f(x)"
1 -3.93000e+02
12 -3.92000e+02
63 -3.91000e+02
93 -3.90000e+02
186 -3.89000e+02
268 -3.88000e+02
340 -3.87000e+02
394 -3.86000e+02
467 -3.85000e+02
611 -3.84000e+02
717 -3.83000e+02
893 -3.82000e+02
966 -3.81000e+02
1009 -3.80000e+02
1020 -3.79000e+02
1223 -3.78000e+02
1325 -3.77000e+02
1403 -3.76000e+02
1469 -3.75000e+02
1647 -3.74000e+02
1774 -3.73000e+02
1840 -3.72000e+02
1967 -3.71000e+02
2109 -3.70000e+02
2152 -3.69000e+02
2287 -3.68000e+02
2288 -3.67000e+02
2477 -3.66000e+02
2549 -3.65000e+02
2639 -3.64000e+02
2839 -3.63000e+02
3022 -3.62000e+02
3102 -3.61000e+02
3228 -3.60000e+02
3350 -3.59000e+02
3408 -3.58000e+02
3449 -3.57000e+02
3562 -3.56000e+02
3739 -3.55000e+02
3876 -3.54000e+02
3966 -3.53000e+02
4126 -3.52000e+02
4215 -3.51000e+02
4233 -3.50000e+02
4334 -3.49000e+02
4432 -3.48000e+02
4555 -3.47000e+02
4692 -3.46000e+02
4790 -3.45000e+02
4894 -3.44000e+02
4918 -3.42000e+02
5087 -3.41000e+02
5188 -3.40000e+02
5271 -3.39000e+02
5359 -3.38000e+02
5364 -3.37000e+02
5469 -3.36000e+02
5503 -3.35000e+02
5606 -3.34000e+02
5632 -3.32000e+02
5720 -3.31000e+02
5817 -3.30000e+02
5902 -3.29000e+02
5972 -3.28000e+02
6019 -3.27000e+02
6101 -3.26000e+02
6293 -3.23000e+02
6312 -3.22000e+02
6500 -3.21000e+02
6580 -3.20000e+02
6669 -3.19000e+02
6781 -3.18000e+02
6832 -3.17000e+02
6959 -3.16000e+02
7043 -3.15000e+02
7080 -3.14000e+02
7086 -3.13000e+02
7206 -3.12000e+02
7265 -3.11000e+02
7358 -3.10000e+02
7399 -3.09000e+02
7543 -3.08000e+02
7632 -3.07000e+02
7739 -3.06000e+02
7788 -3.05000e+02
7944 -3.04000e+02
8020 -3.03000e+02
8090 -3.02000e+02
8200 -3.01000e+02
8225 -3.00000e+02
8308 -2.99000e+02
8608 -2.98000e+02
8690 -2.97000e+02
8693 -2.96000e+02
8788 -2.95000e+02
8845 -2.94000e+02
8895 -2.93000e+02
9089 -2.92000e+02
9315 -2.91000e+02
9416 -2.90000e+02
9478 -2.89000e+02
9532 -2.88000e+02
9705 -2.87000e+02
9791 -2.86000e+02
9816 -2.85000e+02
9929 -2.84000e+02
9951 -2.84000e+02
"function evaluation" "best-so-far f(x)"
1 -3.93000e+02
15 -3.92000e+02
137 -3.91000e+02
238 -3.90000e+02
285 -3.89000e+02
432 -3.88000e+02
490 -3.87000e+02
595 -3.86000e+02
846 -3.85000e+02
895 -3.84000e+02
943 -3.83000e+02
1104 -3.82000e+02
1166 -3.81000e+02
1174 -3.80000e+02
1239 -3.79000e+02
1324 -3.78000e+02
1387 -3.77000e+02
1508 -3.76000e+02
1535 -3.74000e+02
1650 -3.73000e+02
1704 -3.72000e+02
1876 -3.71000e+02
1907 -3.70000e+02
2012 -3.69000e+02
2098 -3.68000e+02
2303 -3.67000e+02
2410 -3.66000e+02
2411 -3.65000e+02
2477 -3.64000e+02
2504 -3.63000e+02
2630 -3.62000e+02
2658 -3.61000e+02
2763 -3.60000e+02
2922 -3.59000e+02
3047 -3.58000e+02
3130 -3.57000e+02
3289 -3.56000e+02
3363 -3.55000e+02
3462 -3.53000e+02
3560 -3.51000e+02
3693 -3.50000e+02
3821 -3.49000e+02
3884 -3.48000e+02
3972 -3.47000e+02
3990 -3.46000e+02
4137 -3.45000e+02
4280 -3.44000e+02
4526 -3.43000e+02
4639 -3.42000e+02
4673 -3.41000e+02
4753 -3.40000e+02
4817 -3.39000e+02
4907 -3.38000e+02
5061 -3.37000e+02
5292 -3.36000e+02
5306 -3.35000e+02
5405 -3.34000e+02
5441 -3.33000e+02
5455 -3.32000e+02
5583 -3.31000e+02
5624 -3.30000e+02
5699 -3.29000e+02
5858 -3.28000e+02
5976 -3.27000e+02
6094 -3.26000e+02
6303 -3.25000e+02
6379 -3.24000e+02
6447 -3.23000e+02
6515 -3.22000e+02
6588 -3.21000e+02
6628 -3.20000e+02
6697 -3.19000e+02
6740 -3.18000e+02
6807 -3.17000e+02
6917 -3.16000e+02
7031 -3.15000e+02
7222 -3.14000e+02
7459 -3.13000e+02
7616 -3.12000e+02
7731 -3.11000e+02
7830 -3.10000e+02
7948 -3.09000e+02
8059 -3.08000e+02
8150 -3.07000e+02
8310 -3.06000e+02
8489 -3.05000e+02
8556 -3.04000e+02
8641 -3.03000e+02
8746 -3.02000e+02
8828 -3.01000e+02
9040 -2.99000e+02
9247 -2.98000e+02
9270 -2.97000e+02
9345 -2.96000e+02
9355 -2.95000e+02
9467 -2.94000e+02
9570 -2.93000e+02
9815 -2.92000e+02
9951 -2.92000e+02
